0 0.0395778364116095 0.7232375979112271 0.05382585751978892 0.13054830287206268
0 0.35224274406332456 0.45822454308093996 0.02691292875989446 0.06266318537859007
0 0.41424802110817943 0.5326370757180157 0.024274406332453827 0.06266318537859007
0 0.503957783641161 0.556135770234987 0.027440633245382585 0.07571801566579635
0 0.558311345646438 0.5287206266318538 0.027440633245382585 0.0731070496083551
0 0.5754617414248021 0.5137075718015666 0.03641160949868074 0.10052219321148825
0 0.7018469656992085 0.40926892950391647 0.04116094986807388 0.097911227154047
0 0.6936675461741425 0.5195822454308094 0.042744063324538256 0.1227154046997389
0 0.8071240105540897 0.3981723237597911 0.05013192612137203 0.13838120104438642
0 0.39261213720316623 0.5515665796344648 0.025329815303430078 0.06135770234986945
0 0.5145118733509235 0.54177545691906 0.01899736147757256 0.06788511749347259
