0 0.455188679245283 1.3349358974358974 0.04245283018867924 0.08653846153846154
0 0.684748427672956 1.3381410256410255 0.014150943396226415 0.035256410256410256
0 0.8561320754716981 1.3397435897435896 0.01729559748427673 0.038461538461538464
0 0.3136792452830189 1.3605769230769231 0.014150943396226415 0.028846153846153848
0 0.20440251572327045 1.357371794871795 0.015723270440251572 0.028846153846153848
0 0.264937106918239 1.3525641025641026 0.014150943396226415 0.02564102564102564
0 0.050314465408805034 1.328525641025641 0.018867924528301886 0.028846153846153848
0 0.13443396226415094 1.3429487179487178 0.0110062893081761 0.019230769230769232
0 0.2240566037735849 1.3557692307692308 0.0110062893081761 0.02564102564102564
0 0.2908805031446541 1.3381410256410255 0.015723270440251572 0.035256410256410256
0 0.32861635220125784 1.3205128205128205 0.006289308176100629 0.01282051282051282
0 0.34591194968553457 1.3237179487179487 0.006289308176100629 0.019230769230769232
0 0.3608490566037736 1.3317307692307692 0.007861635220125786 0.016025641025641024
0 0.3867924528301887 1.3269230769230769 0.006289308176100629 0.01282051282051282
0 0.4111635220125786 1.3365384615384615 0.0110062893081761 0.019230769230769232
0 0.5400943396226415 1.3365384615384615 0.007861635220125786 0.019230769230769232
0 0.5589622641509434 1.3445512820512822 0.0110062893081761 0.022435897435897436
0 0.7484276729559748 1.3237179487179487 0.006289308176100629 0.01282051282051282
0 0.7665094339622641 1.328525641025641 0.007861635220125786 0.016025641025641024
0 0.7845911949685535 1.328525641025641 0.006289308176100629 0.016025641025641024
0 0.8301886792452831 1.328525641025641 0.009433962264150943 0.022435897435897436
0 0.08176100628930817 1.3429487179487178 0.009433962264150943 0.019230769230769232
