0 0.5818661971830986 0.9011406844106464 0.13908450704225353 0.3193916349809886
0 0.8160211267605634 1.0551330798479088 0.17781690140845072 0.3688212927756654
0 0.9005281690140845 0.7167300380228137 0.17077464788732394 0.3840304182509506
0 0.7948943661971831 0.7509505703422054 0.11443661971830986 0.3231939163498099
0 0.7068661971830986 0.7585551330798479 0.10035211267605634 0.26996197718631176
0 0.5378521126760564 0.6216730038022814 0.09683098591549295 0.30038022813688214
0 0.3996478873239437 0.6273764258555133 0.13732394366197184 0.43346007604562736
0 0.27992957746478875 0.6159695817490495 0.14084507042253522 0.2889733840304182
0 1.130281690140845 0.655893536121673 0.02464788732394366 0.06463878326996197
0 1.0325704225352113 0.5931558935361216 0.02640845070422535 0.07604562737642585
0 0.8283450704225352 0.4391634980988593 0.03697183098591549 0.09505703422053231
0 0.778169014084507 0.42585551330798477 0.03169014084507042 0.09885931558935361
0 0.6619718309859155 0.4372623574144487 0.017605633802816902 0.045627376425855515
0 0.6443661971830986 0.43346007604562736 0.017605633802816902 0.045627376425855515
0 0.3415492957746479 0.32509505703422054 0.02112676056338028 0.049429657794676805
0 0.21830985915492956 0.2889733840304182 0.02112676056338028 0.053231939163498096
0 0.2605633802816901 0.31368821292775667 0.02464788732394366 0.057034220532319393
0 0.17341549295774647 0.30798479087452474 0.022887323943661973 0.06844106463878327
0 0.2007042253521127 0.2718631178707224 0.02112676056338028 0.057034220532319393
0 0.2834507042253521 0.2870722433460076 0.028169014084507043 0.07224334600760456
0 0.261443661971831 0.2813688212927757 0.022887323943661973 0.053231939163498096
0 0.2878521126760563 0.2908745247148289 0.01936619718309859 0.049429657794676805
0 0.15580985915492956 0.29277566539923955 0.02640845070422535 0.06844106463878327
0 0.15757042253521128 0.26806083650190116 0.02640845070422535 0.057034220532319393
