0 0.9154343807763401 0.30455635491606714 0.04343807763401109 0.1630695443645084
0 0.6543438077634011 0.5011990407673861 0.029574861367837338 0.0815347721822542
0 0.5092421441774492 0.3932853717026379 0.029574861367837338 0.08633093525179857
0 0.7412199630314233 0.4412470023980815 0.022181146025878003 0.0671462829736211
0 0.8424214417744916 0.4064748201438849 0.026802218114602587 0.07913669064748201
0 0.8091497227356746 0.44364508393285373 0.02310536044362292 0.06235011990407674
0 0.41035120147874304 0.41247002398081534 0.033271719038817 0.10071942446043165
0 0.9080406654343808 0.37410071942446044 0.02865064695009242 0.0815347721822542
0 0.9847504621072088 0.6235011990407674 0.08964879852125693 0.38369304556354916
0 0.7989833641404805 0.43764988009592326 0.019408502772643253 0.05515587529976019
0 0.822550831792976 0.5935251798561151 0.04436229205175601 0.4148681055155875
0 0.8673752310536045 0.5407673860911271 0.04713493530499076 0.2517985611510791
