0 0.9041095890410958 0.7834224598930482 0.1095890410958904 0.37967914438502676
0 0.8082191780821918 0.516042780748663 0.09393346379647749 0.3689839572192513
0 0.6252446183953033 1.0026737967914439 0.10371819960861056 0.39037433155080214
0 0.42563600782778865 1.0294117647058822 0.0958904109589041 0.3689839572192513
0 0.6311154598825832 0.42780748663101603 0.09197651663405088 0.31016042780748665
0 0.547945205479452 0.3689839572192513 0.0821917808219178 0.27807486631016043
0 0.3395303326810176 0.3770053475935829 0.09197651663405088 0.32620320855614976
0 -0.011741682974559686 0.893048128342246 0.05870841487279843 0.21390374331550802
0 0.03913894324853229 0.8342245989304813 0.06653620352250489 0.20320855614973263
0 0.015655577299412915 0.7566844919786097 0.05870841487279843 0.17647058823529413
