0 0.0224609375 0.41154562383612664 0.033203125 0.09683426443202979
0 0.1376953125 0.3202979515828678 0.0625 0.1266294227188082
0 0.22509765625 0.28957169459962756 0.0576171875 0.10242085661080075
0 0.27294921875 0.23556797020484171 0.0439453125 0.11359404096834265
0 0.36181640625 0.24581005586592178 0.0634765625 0.1452513966480447
0 0.42822265625 0.2905027932960894 0.0634765625 0.1340782122905028
0 0.84716796875 0.2309124767225326 0.0634765625 0.148975791433892
0 0.7158203125 0.3128491620111732 0.052734375 0.1303538175046555
0 0.61328125 0.22625698324022347 0.052734375 0.12104283054003724
0 0.45068359375 0.25512104283054005 0.0517578125 0.1266294227188082
0 0.92041015625 0.24487895716945995 0.0556640625 0.12104283054003724
0 0.95263671875 0.276536312849162 0.0556640625 0.12104283054003724
0 0.13720703125 0.3687150837988827 0.0419921875 0.074487895716946
0 0.66650390625 0.27932960893854747 0.0537109375 0.11173184357541899
0 0.45458984375 0.1908752327746741 0.0595703125 0.12476722532588454
