0 0.07425131213337449 0.9503787878787879 0.008953380673047236 0.02803030303030303
0 0.19635690027786354 0.9367424242424243 0.03210867551713492 0.11136363636363636
0 0.2581043531954307 0.9878787878787879 0.029021302871256562 0.10606060606060606
0 0.3385304106205619 0.9484848484848485 0.033034887310898424 0.10606060606060606
0 0.385304106205619 0.943939393939394 0.030256251929607902 0.1
0 0.46418647730781104 0.9647727272727272 0.028712565606668725 0.09772727272727273
0 0.5267057733868478 0.9818181818181818 0.030256251929607902 0.09393939393939393
0 0.5887619635690028 0.8799242424242424 0.03210867551713492 0.1053030303030303
0 0.6593084285273233 0.956060606060606 0.029947514665020068 0.09545454545454546
0 0.7397344859524545 0.9867424242424242 0.02778635381290522 0.09318181818181819
0 0.7869712874343934 0.9314393939393939 0.02778635381290522 0.09015151515151515
0 0.8826798394566224 0.9022727272727272 0.0043223217042297 0.012121212121212121
0 0.823247916023464 0.8632575757575758 0.008953380673047236 0.029545454545454545
0 0.21843161469589378 0.9272727272727272 0.0033961099104661933 0.010606060606060607
0 0.23602963877740044 0.9583333333333334 0.01018832973139858 0.06363636363636363
0 0.7298548934856437 0.9287878787878788 0.004939796233405372 0.013636363636363636
0 0.7371102192034579 0.9526515151515151 0.01389317690645261 0.06136363636363636
0 1.0628280333436246 0.8787878787878788 0.01389317690645261 0.10151515151515152
