0 0.39299610894941633 0.38817891373801916 0.0933852140077821 0.18210862619808307
0 0.5311284046692607 0.24281150159744408 0.08949416342412451 0.17891373801916932
0 0.642023346303502 0.16293929712460065 0.08560311284046693 0.19808306709265175
0 0.7830739299610895 0.28753993610223644 0.07976653696498054 0.1853035143769968
0 0.4892996108949416 0.9600638977635783 0.09533073929961089 0.20766773162939298
0 0.632295719844358 0.9057507987220448 0.0933852140077821 0.2012779552715655
0 0.835603112840467 0.34824281150159747 0.048638132295719845 0.08306709265175719
0 0.9396887159533074 0.38338658146964855 0.027237354085603113 0.051118210862619806
0 0.9815175097276264 0.41533546325878595 0.021400778210116732 0.04472843450479233
0 1.0807392996108949 0.365814696485623 0.021400778210116732 0.03514376996805112
0 0.22665369649805447 0.36261980830670926 0.017509727626459144 0.02875399361022364
0 0.19649805447470817 0.476038338658147 0.08560311284046693 0.12779552715654952
0 0.15953307392996108 0.329073482428115 0.01556420233463035 0.03194888178913738
0 0.10019455252918288 0.34185303514376997 0.017509727626459144 0.03194888178913738
