0 0.014728682170542635 0.35553047404063204 0.03565891472868217 0.0744920993227991
0 0.08914728682170543 0.3600451467268623 0.05426356589147287 0.08803611738148984
0 0.17364341085271318 0.45146726862302483 0.034108527131782945 0.04966139954853273
0 0.21627906976744185 0.4074492099322799 0.04496124031007752 0.08803611738148984
0 0.3201550387596899 0.3600451467268623 0.07906976744186046 0.11963882618510158
0 0.4170542635658915 0.2697516930022573 0.13643410852713178 0.255079006772009
0 0.5992248062015504 0.34198645598194133 0.06356589147286822 0.09706546275395034
0 0.7697674418604651 0.4582392776523702 0.05736434108527132 0.08577878103837472
0 0.775968992248062 0.4785553047404063 0.04806201550387597 0.06772009029345373
0 0.9627906976744186 0.5135440180586908 0.06821705426356589 0.09706546275395034
0 0.8596899224806202 0.6783295711060948 0.007751937984496124 0.011286681715575621
