0 0.026984126984126985 0.4017725258493353 0.06243386243386243 0.11225997045790251
0 0.20052910052910053 0.36779911373707536 0.06031746031746032 0.103397341211226
0 0.27566137566137566 0.40029542097488924 0.047619047619047616 0.08567208271787297
0 0.2894179894179894 0.44977843426883307 0.02857142857142857 0.04283604135893648
0 0.4486772486772487 0.378877400295421 0.06349206349206349 0.10782865583456426
0 0.5798941798941799 0.37149187592319055 0.050793650793650794 0.09010339734121123
0 0.7391534391534391 0.38774002954209746 0.056084656084656084 0.10487444608567208
0 0.8354497354497354 0.4859675036927622 0.02433862433862434 0.0413589364844904
0 0.9169312169312169 0.3345642540620384 0.06666666666666667 0.12259970457902511
0 0.9417989417989417 0.45125553914327915 0.10793650793650794 0.16691285081240767
