0 0.21682242990654205 1.2245901639344263 0.11962616822429907 0.25245901639344265
0 0.3401869158878505 1.4836065573770492 0.10467289719626169 0.21967213114754097
0 0.5327102803738317 1.5049180327868852 0.08971962616822429 0.18360655737704917
0 0.6345794392523364 1.9934426229508198 0.102803738317757 0.2098360655737705
0 0.7700934579439253 1.959016393442623 0.08971962616822429 0.2
0 0.9523364485981308 1.9409836065573771 0.07289719626168224 0.17704918032786884
0 1.1168224299065421 1.4344262295081966 0.08037383177570094 0.18032786885245902
0 0.9813084112149533 1.3327868852459017 0.07850467289719626 0.1737704918032787
0 0.8364485981308412 1.4098360655737705 0.08037383177570094 0.1901639344262295
0 0.7570093457943925 1.5950819672131147 0.07476635514018691 0.1737704918032787
0 0.6644859813084112 1.2278688524590164 0.07663551401869159 0.19344262295081968
