0 0.1834592779177162 4.295 0.03442485306465155 0.45
0 0.2804366078925273 4.16 0.030226700251889168 0.42
0 0.31821998320738876 4.025 0.033585222502099076 0.47
0 0.4059613769941226 3.99 0.02938706968933669 0.44
0 0.3891687657430731 4.195 0.02434928631402183 0.31
0 0.42863140218303947 4.06 0.022670025188916875 0.36
0 0.46977329974811083 4.03 0.022670025188916875 0.36
0 0.5004198152812762 4.205 0.0218303946263644 0.35
0 0.49706129303106633 4.565 0.0218303946263644 0.35
0 0.5852225020990764 4.175 0.02686817800167926 0.41
0 0.6141897565071368 4.22 0.03442485306465155 0.46
0 0.6595298068849706 4.145 0.027707808564231738 0.41
0 0.7044500419815282 4.195 0.033585222502099076 0.43
0 0.7283795130142737 3.905 0.022670025188916875 0.33
0 0.7787573467674224 4.01 0.02938706968933669 0.4
0 0.7787573467674224 3.985 0.027707808564231738 0.45
0 0.8203190596137699 4.085 0.030226700251889168 0.45
0 0.8660789252728799 4.275 0.0327455919395466 0.51
0 0.9429051217464316 4.055 0.028547439126784216 0.41
0 0.9886649874055415 4.43 0.031066330814441646 0.4
0 1.0533165407220824 4.355 0.037783375314861464 0.43
0 1.151133501259446 4.335 0.030226700251889168 0.43
