0 0.8961485557083907 0.6857366771159875 0.015130674002751032 0.017241379310344827
0 0.9408528198074277 0.7210031347962382 0.01925722145804677 0.025078369905956112
0 0.9319119669876204 0.6904388714733543 0.015130674002751032 0.02037617554858934
0 0.9800550206327373 0.7547021943573667 0.0343878954607978 0.03918495297805643
0 0.842503438789546 0.7421630094043887 0.03163686382393398 0.03918495297805643
0 0.17537826685006877 0.9898119122257053 0.15268225584594222 0.21786833855799373
0 0.3892709766162311 0.8871473354231975 0.08253094910591471 0.12852664576802508
0 0.5061898211829436 0.9263322884012539 0.08253094910591471 0.12225705329153605
0 0.5116918844566712 0.8362068965517241 0.06602475928473177 0.08620689655172414
0 0.5887207702888583 0.8510971786833855 0.06327372764786796 0.09404388714733543
0 0.6808803301237965 0.8040752351097179 0.06602475928473177 0.09090909090909091
