0 0.9287190082644629 0.6137295081967213 0.11983471074380166 0.2151639344262295
0 0.5795454545454546 0.6557377049180327 0.08471074380165289 0.22950819672131148
0 0.9545454545454546 0.3360655737704918 0.07024793388429752 0.16393442622950818
0 0.9839876033057852 0.19467213114754098 0.03409090909090909 0.09836065573770492
0 0.8672520661157025 0.17315573770491804 0.03615702479338843 0.10450819672131148
0 0.8269628099173554 0.2346311475409836 0.06301652892561983 0.1168032786885246
0 0.7716942148760331 0.1567622950819672 0.03512396694214876 0.08401639344262295
0 0.6575413223140496 0.13012295081967212 0.029958677685950414 0.08811475409836066
0 0.5304752066115702 0.21209016393442623 0.04442148760330578 0.08811475409836066
0 0.46487603305785125 0.20799180327868852 0.05165289256198347 0.125
0 0.378099173553719 0.17315573770491804 0.030991735537190084 0.07991803278688525
0 0.3631198347107438 0.1987704918032787 0.03615702479338843 0.09016393442622951
0 0.34762396694214875 0.32479508196721313 0.06301652892561983 0.16598360655737704
0 0.24638429752066116 0.17930327868852458 0.03615702479338843 0.08401639344262295
0 0.1559917355371901 0.16393442622950818 0.05371900826446281 0.11065573770491803
0 0.0759297520661157 0.3514344262295082 0.058884297520661155 0.1168032786885246
0 0.08264462809917356 0.7551229508196722 0.10950413223140495 0.23565573770491804
