0 0.2068095838587642 1.5163934426229508 0.0605296343001261 0.5245901639344263
0 0.37263556116015134 1.6557377049180328 0.044136191677175286 0.3770491803278688
0 0.41866330390920553 1.7950819672131149 0.04791929382093316 0.4262295081967213
0 0.4382093316519546 1.9139344262295082 0.05674653215636822 0.4344262295081967
0 0.5422446406052963 1.5040983606557377 0.0832282471626734 0.7459016393442623
0 0.7332912988650694 1.889344262295082 0.05422446406052964 0.4180327868852459
0 0.7799495586380832 1.75 0.02395964691046658 0.1721311475409836
0 0.832282471626734 1.7827868852459017 0.0201765447667087 0.1721311475409836
0 0.8593947036569988 1.6721311475409837 0.031525851197982346 0.22950819672131148
0 1.096469104665826 1.8237704918032787 0.05674653215636822 0.5
0 0.912358133669609 1.75 0.09205548549810845 0.7459016393442623
0 0.9735182849936949 1.8729508196721312 0.04539722572509458 0.36885245901639346
0 1.0466582597730139 1.8647540983606556 0.02269861286254729 0.1885245901639344
0 1.0290037831021437 1.7868852459016393 0.01008827238335435 0.14754098360655737
0 1.0687263556116016 1.8401639344262295 0.02395964691046658 0.1885245901639344
0 1.0466582597730139 1.860655737704918 0.02269861286254729 0.18032786885245902
0 1.117906683480454 1.819672131147541 0.011349306431273645 0.09836065573770492
0 1.1513240857503153 1.848360655737705 0.012610340479192938 0.07377049180327869
0 1.1708701134930644 1.8401639344262295 0.011349306431273645 0.10655737704918032
