0 0.8765243902439024 0.6365248226950354 0.10975609756097561 0.2730496453900709
0 0.6913109756097561 1.2429078014184398 0.038109756097560975 0.1099290780141844
0 0.5464939024390244 0.9308510638297872 0.05945121951219512 0.16666666666666666
0 0.44740853658536583 0.8120567375886525 0.08689024390243902 0.23404255319148937
0 0.5304878048780488 1.0336879432624113 0.024390243902439025 0.07446808510638298
0 0.32621951219512196 1.0088652482269505 0.03048780487804878 0.08865248226950355
0 0.28734756097560976 0.9840425531914894 0.04725609756097561 0.12411347517730496
0 0.22942073170731708 0.874113475177305 0.07469512195121951 0.20921985815602837
0 0.1448170731707317 0.975177304964539 0.07317073170731707 0.1702127659574468
0 -0.005335365853658537 1.0106382978723405 0.041158536585365856 0.11347517730496454
0 0.0701219512195122 1.0620567375886525 0.024390243902439025 0.0673758865248227
