0 1.2356870229007633 4.438524590163935 0.02862595419847328 0.13934426229508196
0 0.9685114503816794 4.598360655737705 0.02862595419847328 0.13114754098360656
0 0.9312977099236641 4.64344262295082 0.026717557251908396 0.1557377049180328
0 0.9179389312977099 4.684426229508197 0.03816793893129771 0.20491803278688525
0 0.7299618320610687 4.918032786885246 0.07061068702290077 0.3442622950819672
0 0.8244274809160306 4.844262295081967 0.04580152671755725 0.2459016393442623
0 0.7156488549618321 4.405737704918033 0.03435114503816794 0.1721311475409836
0 0.7967557251908397 4.299180327868853 0.02862595419847328 0.12295081967213115
0 0.8272900763358778 4.344262295081967 0.02862595419847328 0.14754098360655737
0 0.8282442748091603 4.139344262295082 0.022900763358778626 0.09836065573770492
0 0.8816793893129771 4.274590163934426 0.015267175572519083 0.09016393442622951
0 1.2385496183206106 4.377049180327869 0.022900763358778626 0.09836065573770492
0 1.4437022900763359 4.495901639344262 0.03244274809160305 0.1885245901639344
0 1.6688931297709924 4.557377049180328 0.05152671755725191 0.29508196721311475
