0 0.029493407356002775 2.907967032967033 0.020124913254684247 0.20604395604395603
0 0.12595419847328243 3.2032967032967035 0.03261623872310895 0.33516483516483514
0 0.1453851492019431 3.245879120879121 0.031922276197085354 0.28296703296703296
0 0.2359472588480222 3.418956043956044 0.02914642609299098 0.33791208791208793
0 0.3329285218598196 3.21978021978022 0.03365718251214434 0.3626373626373626
0 0.4444829979181124 3.0851648351648353 0.031922276197085354 0.2967032967032967
0 0.47848716169326855 3.0618131868131866 0.031228313671061762 0.36538461538461536
0 0.5549965301873698 3.0892857142857144 0.029493407356002775 0.28296703296703296
0 0.6167591950034698 3.173076923076923 0.0392088827203331 0.34615384615384615
0 0.6707147814018043 3.114010989010989 0.029840388619014575 0.29395604395604397
0 0.7805343511450382 3.181318681318681 0.03157529493407356 0.3021978021978022
0 0.3684941013185288 2.7101648351648353 0.02220680083275503 0.21153846153846154
0 0.1337612768910479 2.940934065934066 0.020471894517696043 0.22252747252747251
0 0.20766828591256073 2.646978021978022 0.012838306731436502 0.11813186813186813
0 0.2236294240111034 2.693681318681319 0.015614156835530881 0.12912087912087913
0 0.30673143650242884 2.837912087912088 0.015267175572519083 0.17032967032967034
0 0.43754337265787646 2.809065934065934 0.020124913254684247 0.18406593406593408
0 0.10062456627342123 2.67032967032967 0.012491325468424705 0.10989010989010989
0 0.32269257460097156 3.144230769230769 0.02914642609299098 0.29395604395604397
