0 0.14642857142857144 1.5086206896551724 0.02142857142857143 0.07471264367816093
0 0.24464285714285713 1.5402298850574712 0.017857142857142856 0.06896551724137931
0 0.21696428571428572 1.4454022988505748 0.0125 0.05172413793103448
0 0.24910714285714286 1.4339080459770115 0.01607142857142857 0.05172413793103448
0 0.35892857142857143 1.5517241379310345 0.014285714285714285 0.04597701149425287
0 0.58125 1.4511494252873562 0.0125 0.040229885057471264
0 0.5446428571428571 1.4913793103448276 0.010714285714285714 0.040229885057471264
0 0.6205357142857143 1.5833333333333333 0.01607142857142857 0.06321839080459771
0 0.6678571428571428 1.5804597701149425 0.014285714285714285 0.05747126436781609
0 0.7785714285714286 1.4367816091954022 0.014285714285714285 0.04597701149425287
0 0.7758928571428572 1.4683908045977012 0.0125 0.040229885057471264
0 0.7991071428571429 1.4655172413793103 0.0125 0.04597701149425287
0 0.9116071428571428 1.5028735632183907 0.01607142857142857 0.05172413793103448
0 0.9455357142857143 1.514367816091954 0.01607142857142857 0.05172413793103448
0 0.98125 1.5316091954022988 0.01607142857142857 0.05172413793103448
