0 0.08021653543307086 0.38162544169611307 0.06200787401574803 0.2756183745583039
0 0.21309055118110237 0.18021201413427562 0.054133858267716536 0.26148409893992935
0 0.328740157480315 0.17491166077738515 0.05905511811023622 0.2862190812720848
0 0.4640748031496063 0.2756183745583039 0.05610236220472441 0.254416961130742
0 0.577263779527559 0.2049469964664311 0.060039370078740155 0.26148409893992935
0 0.6806102362204725 0.19964664310954064 0.058070866141732284 0.26501766784452296
0 0.7288385826771654 0.3215547703180212 0.06200787401574803 0.26148409893992935
0 0.8321850393700787 0.3286219081272085 0.060039370078740155 0.26148409893992935
0 0.8922244094488189 0.32332155477031804 0.06200787401574803 0.2791519434628975
0 1.016240157480315 0.31625441696113077 0.06594488188976377 0.30742049469964666
0 0.27116141732283466 0.8692579505300353 0.06988188976377953 0.28975265017667845
0 0.44438976377952755 0.8851590106007067 0.06594488188976377 0.2791519434628975
0 0.5831692913385826 0.7932862190812721 0.06594488188976377 0.30742049469964666
0 0.7258858267716536 0.8480565371024735 0.0639763779527559 0.31095406360424027
0 0.8336614173228346 0.8745583038869258 0.06496062992125984 0.31448763250883394
