0 1.2017453798767967 1.1481481481481481 0.011293634496919919 0.04040404040404041
0 1.1560574948665299 1.1414141414141414 0.012320328542094456 0.04713804713804714
0 1.007700205338809 1.17003367003367 0.011293634496919919 0.037037037037037035
0 0.9717659137577002 1.1734006734006734 0.011293634496919919 0.04377104377104377
0 0.8526694045174538 1.17003367003367 0.009240246406570842 0.037037037037037035
0 0.6935318275154004 1.1582491582491583 0.011293634496919919 0.04040404040404041
0 0.6637577002053389 1.1565656565656566 0.011293634496919919 0.04377104377104377
0 0.6452772073921971 1.0993265993265993 0.011293634496919919 0.04377104377104377
0 0.23151950718685832 1.271043771043771 0.048254620123203286 0.18518518518518517
0 0.324435318275154 1.265993265993266 0.039014373716632446 0.18855218855218855
0 0.41683778234086244 1.2356902356902357 0.045174537987679675 0.19528619528619529
0 0.45225872689938396 1.6178451178451179 0.044147843942505136 0.18518518518518517
0 0.507700205338809 1.2996632996632997 0.04620123203285421 0.16161616161616163
0 0.534394250513347 1.2053872053872055 0.04004106776180698 0.16161616161616163
0 0.5585215605749486 1.595959595959596 0.04106776180698152 0.18181818181818182
0 0.6072895277207392 1.361952861952862 0.03593429158110883 0.16498316498316498
0 0.6201232032854209 1.1784511784511784 0.04106776180698152 0.18181818181818182
0 0.6909650924024641 1.297979797979798 0.03696098562628337 0.1447811447811448
0 0.6683778234086243 1.612794612794613 0.043121149897330596 0.16835016835016836
0 0.7700205338809035 1.6161616161616161 0.045174537987679675 0.18181818181818182
0 0.7340862422997947 1.228956228956229 0.03490759753593429 0.16835016835016836
0 0.7756673511293635 1.3097643097643097 0.037987679671457907 0.16835016835016836
0 0.8198151950718686 1.2643097643097643 0.04209445585215606 0.18518518518518517
0 0.9070841889117043 1.2760942760942762 0.04004106776180698 0.16835016835016836
0 0.9897330595482546 1.2962962962962963 0.043121149897330596 0.1750841750841751
