0 0.9414600550964187 0.37251356238698013 0.08677685950413223 0.14828209764918626
0 0.9862258953168044 0.3933092224231465 0.07162534435261708 0.12477396021699819
0 0.800275482093664 0.3770343580470163 0.0881542699724518 0.14647377938517178
0 0.6790633608815427 0.4421338155515371 0.0881542699724518 0.15370705244122965
0 0.6322314049586777 0.32730560578661844 0.0881542699724518 0.12296564195298372
0 0.5585399449035813 0.40596745027124775 0.08953168044077135 0.16455696202531644
0 0.4084022038567493 0.3670886075949367 0.08953168044077135 0.162748643761302
0 0.3119834710743802 0.3444846292947559 0.09779614325068871 0.1609403254972875
0 0.1721763085399449 0.2938517179023508 0.09641873278236915 0.17540687160940324
0 0.24311294765840222 0.2875226039783002 0.07851239669421488 0.12658227848101267
