0 0.14555420219244825 0.8085714285714286 0.025578562728380026 0.06285714285714286
0 0.19366626065773446 0.7814285714285715 0.024360535931790498 0.06
0 0.2241169305724726 0.7957142857142857 0.007308160779537149 0.02
0 0.27527405602923266 0.7442857142857143 0.02679658952496955 0.07142857142857142
0 0.3209500609013398 0.79 0.013398294762484775 0.03142857142857143
0 0.33678440925700365 0.8114285714285714 0.010962241169305725 0.02857142857142857
0 0.3343483556638246 0.8057142857142857 0.010962241169305725 0.02857142857142857
0 0.3574908647990256 0.79 0.010962241169305725 0.03142857142857143
0 0.37697929354445797 0.7714285714285715 0.015834348355663823 0.03428571428571429
0 0.38915956151035325 0.8228571428571428 0.020706455542021926 0.06285714285714286
0 0.428136419001218 0.7714285714285715 0.010962241169305725 0.02857142857142857
0 0.45006090133982946 0.7885714285714286 0.008526187576126675 0.022857142857142857
0 0.47381242387332523 0.7828571428571428 0.0097442143727162 0.022857142857142857
0 0.4878197320341047 0.7842857142857143 0.010962241169305725 0.025714285714285714
0 0.4981729598051157 0.7871428571428571 0.007308160779537149 0.02
0 0.5176613885505481 0.78 0.0097442143727162 0.022857142857142857
0 0.5316686967113277 0.7757142857142857 0.013398294762484775 0.037142857142857144
0 0.5554202192448234 0.7814285714285715 0.014616321559074299 0.037142857142857144
0 0.5736906211936662 0.7585714285714286 0.012180267965895249 0.03142857142857143
0 0.5797807551766139 0.7857142857142857 0.014616321559074299 0.04
0 0.5956151035322778 0.7757142857142857 0.014616321559074299 0.037142857142857144
0 0.6114494518879415 0.7628571428571429 0.014616321559074299 0.045714285714285714
0 0.643727161997564 0.7314285714285714 0.028014616321559074 0.07428571428571429
0 0.7101096224116931 0.73 0.029232643118148598 0.06
0 0.7344701583434835 0.7514285714285714 0.024360535931790498 0.06285714285714286
0 0.7679658952496955 0.7685714285714286 0.013398294762484775 0.04
0 0.817904993909866 0.7342857142857143 0.013398294762484775 0.03428571428571429
0 0.8191230207064556 0.7557142857142857 0.013398294762484775 0.03142857142857143
0 0.9786845310596833 0.6914285714285714 0.04263093788063337 0.14857142857142858
