0 -0.007462686567164179 9.54320987654321 0.0203527815468114 0.19753086419753085
0 0.050203527815468114 9.382716049382717 0.024423337856173677 0.24691358024691357
0 0.08683853459972862 9.549382716049383 0.032564450474898234 0.30864197530864196
0 0.13568521031207598 9.123456790123457 0.005427408412483039 0.04938271604938271
0 0.14586160108548168 9.08641975308642 0.004070556309362279 0.04938271604938271
0 0.15739484396200815 9.049382716049383 0.005427408412483039 0.04938271604938271
0 0.14382632293080055 9.32716049382716 0.010854816824966078 0.1111111111111111
0 0.15400271370420623 9.37037037037037 0.009497964721845319 0.09876543209876543
0 0.22388059701492538 9.308641975308642 0.027137042062415198 0.2222222222222222
0 0.23066485753052918 9.333333333333334 0.032564450474898234 0.345679012345679
0 0.24830393487109906 9.450617283950617 0.027137042062415198 0.2839506172839506
0 0.344640434192673 9.234567901234568 0.037991858887381276 0.41975308641975306
0 0.46132971506105835 9.25925925925926 0.018995929443690638 0.19753086419753085
0 0.5244233378561737 9.41358024691358 0.023066485753052916 0.2345679012345679
0 0.27883310719131615 9.561728395061728 0.009497964721845319 0.08641975308641975
0 0.2829036635006784 9.067901234567902 0.004070556309362279 0.037037037037037035
0 0.3046132971506106 9.08641975308642 0.0067842605156037995 0.04938271604938271
0 0.3175033921302578 9.117283950617283 0.005427408412483039 0.06172839506172839
0 0.39755766621438265 9.006172839506172 0.0027137042062415195 0.037037037037037035
0 0.4056987788331072 9.067901234567902 0.010854816824966078 0.25925925925925924
0 0.38466757123473544 9.283950617283951 0.009497964721845319 0.09876543209876543
0 0.4389416553595658 9.302469135802468 0.009497964721845319 0.08641975308641975
0 0.4769335142469471 9.320987654320987 0.0067842605156037995 0.07407407407407407
0 0.5094979647218453 9.302469135802468 0.009497964721845319 0.08641975308641975
0 0.5583446404341926 9.345679012345679 0.009497964721845319 0.07407407407407407
0 0.5691994572591588 9.308641975308642 0.009497964721845319 0.09876543209876543
0 0.587516960651289 9.302469135802468 0.016282225237449117 0.18518518518518517
0 0.6139755766621439 9.339506172839506 0.012211668928086838 0.1111111111111111
0 0.6981004070556309 9.197530864197532 0.023066485753052916 0.2962962962962963
0 0.7544097693351425 9.296296296296296 0.018995929443690638 0.2222222222222222
0 0.903663500678426 9.277777777777779 0.029850746268656716 0.3333333333333333
0 0.9687924016282226 9.228395061728396 0.027137042062415198 0.2839506172839506
0 0.6302578018995929 9.277777777777779 0.009497964721845319 0.08641975308641975
