0 0.4406494960806271 0.7709090909090909 0.027995520716685332 0.20363636363636364
0 0.5081187010078387 0.8781818181818182 0.025195968645016796 0.18545454545454546
0 0.5893057110862262 0.7509090909090909 0.031914893617021274 0.2290909090909091
0 0.6573348264277715 0.7418181818181818 0.027995520716685332 0.20363636363636364
0 0.8491041433370661 0.9127272727272727 0.024076147816349383 0.18181818181818182
0 1.0596304591265397 0.7654545454545455 0.030795072788353865 0.20727272727272728
0 0.950447928331467 0.8672727272727273 0.025195968645016796 0.2
0 0.931131019036954 0.8636363636363636 0.023516237402015677 0.15636363636363637
0 0.8745800671892497 0.92 0.020156774916013438 0.14545454545454545
0 0.8236282194848824 1.18 0.006718924972004479 0.05454545454545454
0 0.07866741321388578 0.5563636363636364 0.007278835386338186 0.04363636363636364
