0 0.46237458193979936 0.22653061224489796 0.04180602006688963 0.14285714285714285
0 0.5677257525083612 0.20408163265306123 0.048494983277591976 0.1469387755102041
0 0.6989966555183946 0.17551020408163265 0.05016722408026756 0.15510204081632653
0 0.8285953177257525 0.17346938775510204 0.051839464882943144 0.15918367346938775
0 0.17642140468227424 0.6469387755102041 0.051839464882943144 0.15918367346938775
0 0.2834448160535117 0.6306122448979592 0.048494983277591976 0.15918367346938775
0 0.3904682274247492 0.6142857142857143 0.0451505016722408 0.1510204081632653
0 0.504180602006689 0.6326530612244898 0.051839464882943144 0.17142857142857143
0 0.6404682274247492 0.5979591836734693 0.05351170568561873 0.17551020408163265
0 0.7750836120401338 0.6591836734693878 0.048494983277591976 0.15918367346938775
0 0.887123745819398 0.6448979591836734 0.05518394648829431 0.16326530612244897
0 1.0292642140468227 0.6285714285714286 0.061872909698996656 0.17959183673469387
0 0.1354515050167224 0.8551020408163266 0.056856187290969896 0.1510204081632653
0 0.27508361204013376 0.8469387755102041 0.051839464882943144 0.15918367346938775
0 0.38461538461538464 1.010204081632653 0.05351170568561873 0.1673469387755102
0 0.5 0.9489795918367347 0.05016722408026756 0.17551020408163265
0 0.6254180602006689 0.8183673469387756 0.05016722408026756 0.15918367346938775
0 0.7575250836120402 0.8306122448979592 0.05351170568561873 0.19183673469387755
0 0.907190635451505 0.8204081632653061 0.05518394648829431 0.19591836734693877
0 1.0777591973244147 0.8408163265306122 0.05852842809364549 0.18775510204081633
