0 0.193 0.3185840707964602 0.064 0.1663716814159292
0 0.299 0.3053097345132743 0.074 0.15398230088495576
0 0.5545 0.24690265486725663 0.073 0.16460176991150444
0 0.4085 0.2911504424778761 0.053 0.12920353982300886
0 0.7435 0.3415929203539823 0.059 0.1415929203539823
0 0.9705 0.268141592920354 0.073 0.15398230088495576
0 1.1315 0.2761061946902655 0.047 0.0920353982300885
0 0.9575 0.184070796460177 0.043 0.10265486725663717
0 0.907 0.26548672566371684 0.034 0.06371681415929203
0 0.7815 0.26017699115044246 0.057 0.13451327433628318
0 0.694 0.24955752212389382 0.046 0.10619469026548672
0 0.723 0.19557522123893806 0.038 0.09380530973451327
0 0.6065 0.17964601769911503 0.039 0.07610619469026549
0 0.48 0.23628318584070795 0.032 0.061946902654867256
0 0.4145 0.20442477876106194 0.049 0.10442477876106195
0 0.827 0.2575221238938053 0.034 0.05486725663716814
