0 0.07536764705882353 1.0977777777777777 0.03308823529411765 0.14222222222222222
0 0.1133578431372549 1.0933333333333333 0.05269607843137255 0.2222222222222222
0 0.15379901960784315 0.7444444444444445 0.030637254901960783 0.09333333333333334
0 0.23835784313725492 0.9977777777777778 0.03308823529411765 0.14666666666666667
0 0.4117647058823529 1.48 0.08823529411764706 0.43555555555555553
0 0.4209558823529412 1.0155555555555555 0.025735294117647058 0.1111111111111111
0 0.5490196078431373 1.0866666666666667 0.031862745098039214 0.1288888888888889
0 0.5980392156862745 0.9666666666666667 0.022058823529411766 0.08444444444444445
0 0.6501225490196079 1.0022222222222221 0.023284313725490197 0.09333333333333334
0 0.7046568627450981 1.0244444444444445 0.024509803921568627 0.09333333333333334
0 0.7071078431372549 0.9733333333333334 0.0196078431372549 0.08888888888888889
0 0.7230392156862745 1.0044444444444445 0.024509803921568627 0.08888888888888889
0 0.7383578431372549 0.9866666666666667 0.013480392156862746 0.06222222222222222
0 0.7971813725490197 1.0066666666666666 0.01838235294117647 0.057777777777777775
0 0.8192401960784313 0.98 0.013480392156862746 0.057777777777777775
0 0.8082107843137255 0.9644444444444444 0.00857843137254902 0.035555555555555556
0 0.8406862745098039 1.0444444444444445 0.022058823529411766 0.08888888888888889
0 0.8553921568627451 1.0066666666666666 0.014705882352941176 0.057777777777777775
0 0.866421568627451 0.9755555555555555 0.007352941176470588 0.03111111111111111
0 0.9613970588235294 0.9844444444444445 0.01838235294117647 0.07555555555555556
0 0.9209558823529411 0.9955555555555555 0.01838235294117647 0.07111111111111111
0 0.7714460784313726 0.9977777777777778 0.023284313725490197 0.09333333333333334
