0 0.07846153846153846 0.9857685009487666 0.016923076923076923 0.04364326375711575
0 0.005 0.9259962049335864 0.008461538461538461 0.030360531309297913
0 0.03923076923076923 0.9421252371916509 0.015384615384615385 0.036053130929791274
0 0.04730769230769231 0.9307400379506642 0.01 0.024667931688804556
0 0.0726923076923077 0.920303605313093 0.011538461538461539 0.026565464895635674
0 0.1453846153846154 0.928842504743833 0.007692307692307693 0.020872865275142316
0 0.16615384615384615 0.9212523719165086 0.009230769230769232 0.020872865275142316
0 0.23307692307692307 1.0 0.02923076923076923 0.0683111954459203
0 0.25076923076923074 0.8586337760910816 0.006153846153846154 0.017077798861480076
0 0.27307692307692305 0.9449715370018975 0.010769230769230769 0.022770398481973434
0 0.2903846153846154 0.967741935483871 0.014615384615384615 0.03415559772296015
0 0.2976923076923077 0.952561669829222 0.013846153846153847 0.03795066413662239
0 0.3434615384615385 0.9971537001897534 0.019230769230769232 0.04364326375711575
0 0.36730769230769234 0.9658444022770398 0.01 0.026565464895635674
0 0.3923076923076923 0.9705882352941176 0.012307692307692308 0.03225806451612903
0 0.40615384615384614 0.9421252371916509 0.007692307692307693 0.020872865275142316
0 0.395 0.9724857685009488 0.02076923076923077 0.04743833017077799
0 0.4173076923076923 0.9943074003795066 0.014615384615384615 0.04554079696394687
0 0.45269230769230767 0.952561669829222 0.01 0.026565464895635674
0 0.45269230769230767 0.9886148007590133 0.011538461538461539 0.030360531309297913
0 0.4653846153846154 0.9772296015180265 0.010769230769230769 0.030360531309297913
0 0.47384615384615386 0.9772296015180265 0.007692307692307693 0.022770398481973434
0 0.4819230769230769 0.959203036053131 0.008461538461538461 0.020872865275142316
0 0.4880769230769231 1.0037950664136623 0.014615384615384615 0.03795066413662239
0 0.5107692307692308 1.0075901328273245 0.03076923076923077 0.08349146110056926
0 0.5330769230769231 0.9772296015180265 0.007692307692307693 0.018975332068311195
0 0.541923076923077 0.9791271347248577 0.008461538461538461 0.022770398481973434
0 0.5465384615384615 1.0066413662239089 0.008461538461538461 0.024667931688804556
0 0.5503846153846154 0.9952561669829222 0.006923076923076923 0.020872865275142316
0 0.5542307692307692 0.9667931688804554 0.006923076923076923 0.017077798861480076
0 0.5646153846153846 0.9819734345351043 0.007692307692307693 0.017077798861480076
0 0.5715384615384616 0.967741935483871 0.006153846153846154 0.018975332068311195
0 0.5803846153846154 1.0483870967741935 0.031538461538461536 0.08538899430740038
0 0.6888461538461539 0.9905123339658444 0.006923076923076923 0.018975332068311195
0 0.6996153846153846 0.9886148007590133 0.006923076923076923 0.018975332068311195
0 0.7242307692307692 0.9981024667931688 0.008461538461538461 0.022770398481973434
0 0.7488461538461538 1.0 0.006923076923076923 0.018975332068311195
0 0.7873076923076923 1.0379506641366223 0.019230769230769232 0.04554079696394687
0 0.8 1.0132827324478177 0.009230769230769232 0.018975332068311195
0 0.8592307692307692 1.0417457305502846 0.021538461538461538 0.056925996204933584
0 0.8846153846153846 1.01707779886148 0.007692307692307693 0.018975332068311195
0 0.9092307692307692 1.0180265654648957 0.006153846153846154 0.017077798861480076
0 0.835 1.0028462998102468 0.005384615384615384 0.013282732447817837
0 0.9211538461538461 1.0588235294117647 0.026923076923076925 0.06072106261859583
0 0.9823076923076923 1.040796963946869 0.024615384615384615 0.04364326375711575
0 0.9761538461538461 1.0313092979127134 0.021538461538461538 0.04743833017077799
0 0.9423076923076923 1.040796963946869 0.018461538461538463 0.03984819734345351
0 0.9638461538461538 1.0 0.007692307692307693 0.018975332068311195
0 0.9761538461538461 0.9981024667931688 0.006153846153846154 0.015180265654648957
0 0.08115384615384616 0.9449715370018975 0.016153846153846154 0.03795066413662239
