0 0.978539156626506 0.8792325056433409 0.04442771084337349 0.09932279909706546
0 0.7149849397590361 0.8781038374717833 0.05647590361445783 0.1038374717832957
0 0.5402861445783133 0.6749435665914221 0.04743975903614458 0.09480812641083522
0 0.5997740963855421 0.6309255079006773 0.04743975903614458 0.11286681715575621
0 0.641566265060241 0.6630925507900677 0.058734939759036146 0.10270880361173815
0 0.8855421686746988 0.3239277652370203 0.046686746987951805 0.08126410835214447
0 0.3859186746987952 0.6805869074492099 0.05798192771084337 0.10158013544018059
0 0.2624246987951807 0.8284424379232506 0.05647590361445783 0.0744920993227991
0 0.030873493975903613 0.6992099322799097 0.04969879518072289 0.09593679458239278
0 0.1769578313253012 0.6320541760722348 0.04969879518072289 0.0835214446952596
0 0.22628012048192772 0.7104966139954854 0.04894578313253012 0.08916478555304741
0 0.30120481927710846 0.6258465011286681 0.04969879518072289 0.09142212189616253
0 0.23042168674698796 0.4604966139954853 0.04819277108433735 0.09255079006772009
0 0.5353915662650602 0.3888261851015801 0.043674698795180725 0.05981941309255079
0 0.4747740963855422 0.33521444695259595 0.04442771084337349 0.0744920993227991
0 0.5342620481927711 0.32505643340857787 0.04593373493975904 0.0835214446952596
0 0.6705572289156626 0.29288939051918733 0.04141566265060241 0.07336343115124154
0 0.6754518072289156 0.3888261851015801 0.0391566265060241 0.06884875846501129
0 0.6999246987951807 0.31715575620767494 0.04292168674698795 0.06772009029345373
0 0.7492469879518072 0.2443566591422122 0.046686746987951805 0.07787810383747178
0 0.9152861445783133 0.024830699774266364 0.036897590361445784 0.056433408577878104
0 0.9604668674698795 0.03611738148984198 0.04743975903614458 0.07223476297968397
0 0.8237951807228916 0.04909706546275395 0.03765060240963856 0.07562076749435666
0 0.807605421686747 0.05191873589164785 0.04141566265060241 0.06320541760722348
0 0.8633283132530121 0.014108352144469526 0.038403614457831324 0.046275395033860044
0 0.7379518072289156 -0.041196388261851014 0.03765060240963856 0.05756207674943566
0 0.6449548192771084 -0.024830699774266364 0.036897590361445784 0.06997742663656885
0 0.5218373493975904 0.046275395033860044 0.043674698795180725 0.06997742663656885
0 0.40737951807228917 0.03668171557562077 0.043674698795180725 0.06884875846501129
0 0.3930722891566265 0.172686230248307 0.03313253012048193 0.07223476297968397
0 0.4755271084337349 0.14221218961625282 0.038403614457831324 0.07900677200902935
0 0.5587349397590361 0.20146726862302483 0.043674698795180725 0.08013544018058691
0 0.6603915662650602 0.11681715575620767 0.0391566265060241 0.07787810383747178
0 0.3170180722891566 0.22742663656884876 0.0391566265060241 0.07110609480812641
0 0.32680722891566266 0.16252821670428894 0.0391566265060241 0.07674943566591422
0 0.2063253012048193 0.12246049661399548 0.03614457831325301 0.06659142212189616
0 0.23343373493975902 0.02652370203160271 0.046686746987951805 0.07787810383747178
0 0.07115963855421686 0.23024830699774265 0.04743975903614458 0.08126410835214447
0 0.051957831325301206 0.2291196388261851 0.03765060240963856 0.08126410835214447
0 0.0651355421686747 0.17720090293453725 0.04894578313253012 0.0835214446952596
0 0.04442771084337349 0.10158013544018059 0.045180722891566265 0.06997742663656885
0 0.11521084337349398 0.046275395033860044 0.045180722891566265 0.08577878103837472
0 0.2082078313253012 0.000564334085778781 0.039909638554216864 0.062076749435665914
0 0.307605421686747 0.006772009029345372 0.038403614457831324 0.05869074492099323
0 0.4431475903614458 0.05925507900677201 0.036897590361445784 0.06433408577878104
0 0.28426204819277107 0.001128668171557562 0.030873493975903613 0.060948081264108354
0 0.05082831325301205 0.040632054176072234 0.039909638554216864 0.06772009029345373
0 0.5779367469879518 -0.01580135440180587 0.035391566265060244 0.045146726862302484
0 0.4070030120481928 0.034988713318284424 0.04292168674698795 0.0654627539503386
0 0.4420180722891566 0.1489841986455982 0.04066265060240964 0.0654627539503386
