0 0.03183229813664596 1.8024691358024691 0.017080745341614908 0.07407407407407407
0 0.08462732919254658 1.7469135802469136 0.020186335403726708 0.1111111111111111
0 0.13198757763975155 1.7561728395061729 0.021739130434782608 0.09259259259259259
0 0.17003105590062112 1.7314814814814814 0.017080745341614908 0.08024691358024691
0 0.21972049689440995 1.654320987654321 0.017080745341614908 0.07407407407407407
0 0.266304347826087 1.7561728395061729 0.020186335403726708 0.10493827160493827
0 0.3338509316770186 1.7654320987654322 0.018633540372670808 0.08641975308641975
0 0.36335403726708076 1.7006172839506173 0.021739130434782608 0.08024691358024691
0 0.4052795031055901 1.6728395061728396 0.018633540372670808 0.08641975308641975
0 0.46273291925465837 1.7746913580246915 0.024844720496894408 0.10493827160493827
0 0.5085403726708074 1.75 0.017080745341614908 0.08024691358024691
0 0.5667701863354038 1.771604938271605 0.018633540372670808 0.08641975308641975
0 0.6366459627329193 1.7623456790123457 0.018633540372670808 0.10493827160493827
0 0.7065217391304348 1.7253086419753085 0.018633540372670808 0.09259259259259259
0 0.764751552795031 1.6975308641975309 0.023291925465838508 0.07407407407407407
0 0.8322981366459627 1.6944444444444444 0.018633540372670808 0.08024691358024691
0 0.906832298136646 1.7191358024691359 0.021739130434782608 0.10493827160493827
0 0.9759316770186336 1.7469135802469136 0.023291925465838508 0.09876543209876543
0 0.9487577639751553 1.6759259259259258 0.018633540372670808 0.09259259259259259
0 0.6506211180124224 1.6851851851851851 0.021739130434782608 0.08641975308641975
0 0.5970496894409938 1.6574074074074074 0.020186335403726708 0.08024691358024691
0 0.5481366459627329 1.7006172839506173 0.018633540372670808 0.08024691358024691
0 0.4503105590062112 1.6975308641975309 0.018633540372670808 0.08641975308641975
0 0.3190993788819876 1.632716049382716 0.020186335403726708 0.09259259259259259
0 0.033385093167701864 1.654320987654321 0.020186335403726708 0.09876543209876543
0 0.296583850931677 1.021604938271605 0.009316770186335404 0.043209876543209874
0 0.3113354037267081 1.037037037037037 0.007763975155279503 0.037037037037037035
0 0.3517080745341615 1.058641975308642 0.007763975155279503 0.043209876543209874
0 0.4549689440993789 1.0740740740740742 0.012422360248447204 0.06172839506172839
0 0.42857142857142855 1.0555555555555556 0.012422360248447204 0.06172839506172839
0 0.5007763975155279 1.0709876543209877 0.010869565217391304 0.05555555555555555
0 0.4192546583850932 0.9567901234567902 0.012422360248447204 0.06172839506172839
0 0.47748447204968947 0.9382716049382716 0.010869565217391304 0.04938271604938271
0 0.4813664596273292 1.0061728395061729 0.009316770186335404 0.04938271604938271
0 0.5178571428571429 0.9753086419753086 0.010869565217391304 0.04938271604938271
0 0.07919254658385093 1.6574074074074074 0.018633540372670808 0.08024691358024691
0 0.125 1.6944444444444444 0.017080745341614908 0.08024691358024691
0 0.15527950310559005 1.6512345679012346 0.018633540372670808 0.08024691358024691
0 0.20341614906832298 1.6111111111111112 0.018633540372670808 0.09876543209876543
0 0.2515527950310559 1.6481481481481481 0.018633540372670808 0.08641975308641975
0 0.2779503105590062 1.7037037037037037 0.018633540372670808 0.08641975308641975
0 0.3027950310559006 1.6358024691358024 0.018633540372670808 0.09876543209876543
0 0.4161490683229814 1.6141975308641976 0.015527950310559006 0.08024691358024691
0 0.5714285714285714 1.6697530864197532 0.015527950310559006 0.08024691358024691
0 0.6366459627329193 1.6697530864197532 0.018633540372670808 0.08024691358024691
0 0.6700310559006211 1.6666666666666667 0.017080745341614908 0.08641975308641975
0 0.7003105590062112 1.626543209876543 0.018633540372670808 0.08024691358024691
0 0.7204968944099379 1.6851851851851851 0.015527950310559006 0.07407407407407407
0 0.7934782608695652 1.6728395061728396 0.018633540372670808 0.07407407407407407
0 0.8454968944099379 1.6944444444444444 0.020186335403726708 0.10493827160493827
0 0.8959627329192547 1.7222222222222223 0.018633540372670808 0.09876543209876543
0 0.9899068322981367 1.5895061728395061 0.020186335403726708 0.10493827160493827
0 0.8920807453416149 1.632716049382716 0.017080745341614908 0.08024691358024691
0 0.09549689440993789 0.9814814814814815 0.010869565217391304 0.04938271604938271
0 0.06987577639751552 0.9783950617283951 0.012422360248447204 0.05555555555555555
0 0.027950310559006212 0.9598765432098766 0.009316770186335404 0.043209876543209874
