0 0.10066666666666667 4.978260869565218 0.03333333333333333 0.42028985507246375
0 0.16133333333333333 4.920289855072464 0.02666666666666667 0.43478260869565216
0 0.21066666666666667 4.47463768115942 0.028 0.38405797101449274
0 0.22033333333333333 4.869565217391305 0.028666666666666667 0.391304347826087
0 0.2613333333333333 4.746376811594203 0.02666666666666667 0.36231884057971014
0 0.2876666666666667 4.797101449275362 0.034 0.391304347826087
0 0.3233333333333333 4.938405797101449 0.032 0.427536231884058
0 0.3393333333333333 4.833333333333333 0.025333333333333333 0.37681159420289856
0 0.37 4.894927536231884 0.02666666666666667 0.35507246376811596
0 0.3953333333333333 5.007246376811594 0.02666666666666667 0.36231884057971014
0 0.377 4.648550724637682 0.024666666666666667 0.32608695652173914
0 0.42033333333333334 4.717391304347826 0.024666666666666667 0.34782608695652173
0 0.42933333333333334 4.739130434782608 0.02666666666666667 0.391304347826087
0 0.48333333333333334 4.695652173913044 0.028 0.37681159420289856
0 0.485 5.007246376811594 0.028666666666666667 0.37681159420289856
0 0.5226666666666666 4.695652173913044 0.02666666666666667 0.37681159420289856
0 0.5496666666666666 4.760869565217392 0.03 0.42028985507246375
0 0.5706666666666667 4.702898550724638 0.02266666666666667 0.34782608695652173
0 0.5916666666666667 4.666666666666667 0.026 0.37681159420289856
0 0.6066666666666667 4.86231884057971 0.030666666666666665 0.43478260869565216
0 0.6246666666666667 4.804347826086956 0.005333333333333333 0.057971014492753624
0 0.641 4.829710144927536 0.004666666666666667 0.06521739130434782
0 0.656 4.822463768115942 0.025333333333333333 0.41304347826086957
0 0.675 4.8731884057971016 0.028666666666666667 0.39855072463768115
0 0.7056666666666667 4.550724637681159 0.026 0.3188405797101449
0 0.7326666666666667 4.8768115942028984 0.029333333333333333 0.42028985507246375
0 0.7623333333333333 4.760869565217392 0.03 0.43478260869565216
0 0.7886666666666666 4.547101449275362 0.028 0.34057971014492755
0 0.8036666666666666 4.880434782608695 0.03133333333333333 0.39855072463768115
0 0.847 4.673913043478261 0.028666666666666667 0.37681159420289856
0 0.8726666666666667 4.836956521739131 0.029333333333333333 0.4420289855072464
0 0.9206666666666666 4.836956521739131 0.032 0.3695652173913043
0 0.9456666666666667 5.068840579710145 0.03 0.427536231884058
0 0.9776666666666667 4.963768115942029 0.03 0.43478260869565216
0 1.0146666666666666 4.804347826086956 0.029333333333333333 0.4057971014492754
0 1.0646666666666667 4.844202898550725 0.03866666666666667 0.47101449275362317
0 1.0563333333333333 5.007246376811594 0.035333333333333335 0.4782608695652174
