0 0.019887505022097227 1.5244897959183674 0.019686621132985135 0.08408163265306122
0 0.03163921253515468 1.4706122448979593 0.013057452792286059 0.07102040816326531
0 0.08718360787464845 1.469795918367347 0.012856568903173965 0.05142857142857143
0 0.21374045801526717 1.4481632653061225 0.009240658899156288 0.04897959183673469
0 0.21052631578947367 1.416734693877551 0.009240658899156288 0.04653061224489796
0 0.2538167938931298 1.403673469387755 0.02109280835676979 0.10204081632653061
0 0.29258738449176375 1.3914285714285715 0.018682201687424668 0.09387755102040816
0 0.3310566492567296 1.380408163265306 0.023302531137002813 0.09959183673469388
0 0.39232623543591805 1.330204081632653 0.02209722780233025 0.1036734693877551
0 0.44455604660506226 1.383673469387755 0.020088388911209322 0.08653061224489796
0 0.5069304941743672 1.4673469387755103 0.02109280835676979 0.07428571428571429
0 0.575431900361591 1.290204081632653 0.020289272800321414 0.10204081632653061
0 0.6129971876255524 1.416326530612245 0.02189634391321816 0.08489795918367347
0 0.6728605865809562 1.3310204081632653 0.022699879469666534 0.08897959183673469
0 0.7234833266372037 1.2971428571428572 0.02109280835676979 0.09795918367346938
0 0.790980313378867 1.3640816326530611 0.023101647247890718 0.09959183673469388
0 0.8574728806749699 1.3216326530612246 0.023905182804339092 0.1126530612244898
0 0.2609481719566091 1.3485714285714285 0.009642426677380474 0.052244897959183675
0 0.40277219766974687 1.3371428571428572 0.006830052229811169 0.045714285714285714
0 0.4252711932503013 1.349795918367347 0.007633587786259542 0.04163265306122449
0 0.45851747689835276 1.3187755102040817 0.009039775010044195 0.04653061224489796
0 0.47860586580956205 1.356734693877551 0.0070309361189232625 0.035918367346938776
0 0.49407392527119326 1.3444897959183673 0.006629168340699076 0.03918367346938775
0 0.5135596625150662 1.3416326530612246 0.0070309361189232625 0.03836734693877551
0 0.5316392125351547 1.326938775510204 0.008236239453595822 0.044897959183673466
0 0.5487143431096826 1.3432653061224489 0.007432703897147449 0.036734693877551024
0 0.5922057051024507 1.3371428571428572 0.007633587786259542 0.037551020408163265
0 0.6186219365206911 1.3248979591836734 0.0070309361189232625 0.037551020408163265
0 0.43390920048212134 1.0163265306122449 0.005222981116914423 0.022857142857142857
0 0.439634391321816 0.9828571428571429 0.005423865006026517 0.026122448979591838
0 0.4428485335476095 1.0155102040816326 0.004620329449578144 0.024489795918367346
0 0.4640417838489353 0.9742857142857143 0.004821213338690237 0.0236734693877551
0 0.48372840498192043 0.9771428571428571 0.00562474889513861 0.022857142857142857
0 0.5046203294495781 0.9816326530612245 0.0044194455604660505 0.022040816326530613
0 0.5155685014061873 0.9844897959183674 0.0050220972278023305 0.024489795918367346
0 0.5335476094817195 0.9779591836734693 0.004821213338690237 0.026122448979591838
0 0.5463037364403375 0.9791836734693877 0.004218561671353958 0.02040816326530612
0 0.5192848533547609 0.896734693877551 0.00562474889513861 0.026938775510204082
0 0.56046605062274 0.9142857142857143 0.0044194455604660505 0.022857142857142857
0 0.6087786259541985 0.9706122448979592 0.005423865006026517 0.027755102040816326
0 0.6218360787464845 0.9791836734693877 0.00622740056247489 0.025306122448979593
0 0.627159501807955 0.9963265306122449 0.006026516673362796 0.026938775510204082
0 0.6476496584973885 0.9751020408163266 0.00562474889513861 0.026938775510204082
0 0.6707513057452792 0.9722448979591837 0.005222981116914423 0.026122448979591838
0 0.6772800321414223 0.9114285714285715 0.004620329449578144 0.022040816326530613
0 0.687424668541583 0.9559183673469388 0.004821213338690237 0.022857142857142857
0 0.6955604660506227 0.9718367346938775 0.0050220972278023305 0.025306122448979593
0 0.7120329449578143 0.9779591836734693 0.004620329449578144 0.022857142857142857
0 0.7214744877460828 1.002857142857143 0.005423865006026517 0.026938775510204082
0 0.7329248694254721 0.9730612244897959 0.005825632784250703 0.026122448979591838
0 0.7806347930895943 0.9816326530612245 0.004017677782241864 0.018775510204081632
0 0.7917838489353154 1.0314285714285714 0.004620329449578144 0.022040816326530613
0 0.8024306950582564 1.070204081632653 0.011450381679389313 0.09795918367346938
0 0.6613097629570108 1.336326530612245 0.00562474889513861 0.024489795918367346
