0 0.15897435897435896 1.9527777777777777 0.043076923076923075 0.25
0 0.2 2.0055555555555555 0.04512820512820513 0.28888888888888886
0 0.29743589743589743 2.0083333333333333 0.041025641025641026 0.2611111111111111
0 0.3312820512820513 1.9805555555555556 0.041025641025641026 0.2611111111111111
0 0.4287179487179487 2.536111111111111 0.028717948717948718 0.20555555555555555
0 0.47333333333333333 2.4194444444444443 0.02358974358974359 0.16111111111111112
0 0.638974358974359 2.5444444444444443 0.028717948717948718 0.13333333333333333
0 0.7512820512820513 1.8472222222222223 0.046153846153846156 0.3277777777777778
0 0.8733333333333333 1.788888888888889 0.04 0.3
0 0.9512820512820512 1.9333333333333333 0.0441025641025641 0.25555555555555554
0 1.0717948717948718 1.8138888888888889 0.05333333333333334 0.29444444444444445
0 1.106153846153846 1.9166666666666667 0.06256410256410257 0.3111111111111111
