0 0.006444275966641395 1.5050167224080269 0.00530705079605762 0.026755852842809364
0 0.02122820318423048 1.5150501672240804 0.009097801364670205 0.04013377926421405
0 0.05344958301743745 1.4765886287625418 0.008339651250947688 0.03678929765886288
0 0.07505686125852919 1.5033444816053512 0.006065200909780136 0.030100334448160536
0 0.08680818802122821 1.5167224080267558 0.006823351023502654 0.030100334448160536
0 0.12395754359363154 1.5 0.006823351023502654 0.030100334448160536
0 0.13305534495830174 1.5050167224080269 0.006823351023502654 0.033444816053511704
0 0.1899166034874905 1.520066889632107 0.00530705079605762 0.023411371237458192
0 0.21228203184230476 1.508361204013378 0.006065200909780136 0.026755852842809364
0 0.24298711144806673 1.5150501672240804 0.00530705079605762 0.026755852842809364
0 0.2520849128127369 1.5317725752508362 0.00530705079605762 0.020066889632107024
0 0.2558756633813495 1.5217391304347827 0.0037907505686125853 0.020066889632107024
0 0.3180439727065959 1.5384615384615385 0.0037907505686125853 0.020066889632107024
0 0.3244882486732373 1.5384615384615385 0.0075815011372251705 0.026755852842809364
0 0.33965125094768767 1.5250836120401339 0.006065200909780136 0.026755852842809364
0 0.354814253222138 1.580267558528428 0.013646702047005308 0.13043478260869565
0 0.3718726307808946 1.5468227424749164 0.0037907505686125853 0.023411371237458192
0 0.366565579984837 1.5367892976588629 0.00530705079605762 0.023411371237458192
0 0.48332069749810463 1.5183946488294315 0.00530705079605762 0.026755852842809364
0 0.48938589840788477 1.5217391304347827 0.00530705079605762 0.020066889632107024
0 0.5041698256254739 1.5117056856187292 0.0075815011372251705 0.033444816053511704
0 0.5686125852918877 1.5217391304347827 0.004548900682335102 0.020066889632107024
0 0.5803639120545868 1.5250836120401339 0.0037907505686125853 0.020066889632107024
0 0.9446550416982562 1.5635451505016722 0.012130401819560273 0.056856187290969896
0 0.9488248673237301 1.580267558528428 0.009855951478392721 0.05016722408026756
0 0.9920394238059136 1.5451505016722409 0.017437452615617893 0.07357859531772576
0 0.04435178165276725 1.5133779264214047 0.006823351023502654 0.030100334448160536
0 0.1379833206974981 1.5066889632107023 0.004548900682335102 0.023411371237458192
0 0.19067475360121305 1.4933110367892977 0.006823351023502654 0.030100334448160536
0 0.19939347990902198 1.5836120401337792 0.01819560272934041 0.16387959866220736
0 0.5090978013646702 1.520066889632107 0.00530705079605762 0.023411371237458192
