0 2.1070588235294117 4.141304347826087 0.01647058823529412 0.050724637681159424
0 2.136470588235294 4.0978260869565215 0.018823529411764704 0.06521739130434782
0 2.001176470588235 4.304347826086956 0.03529411764705882 0.2898550724637681
0 2.0270588235294116 4.184782608695652 0.01647058823529412 0.050724637681159424
0 2.0764705882352943 4.163043478260869 0.01647058823529412 0.050724637681159424
0 2.0470588235294116 4.170289855072464 0.01411764705882353 0.050724637681159424
0 1.9929411764705882 4.184782608695652 0.01411764705882353 0.050724637681159424
0 1.2376470588235293 4.231884057971015 0.009411764705882352 0.028985507246376812
0 1.588235294117647 4.246376811594203 0.009411764705882352 0.028985507246376812
0 1.5976470588235294 4.315217391304348 0.023529411764705882 0.21014492753623187
0 1.4588235294117646 4.318840579710145 0.018823529411764704 0.15942028985507245
