0 0.9310872894333844 1.775462962962963 0.07044410413476264 0.2824074074074074
0 1.0398162327718223 1.7060185185185186 0.06125574272588055 0.27314814814814814
0 1.175344563552833 1.5810185185185186 0.06891271056661562 0.27314814814814814
0 1.3445635528330782 1.7384259259259258 0.08575803981623277 0.3287037037037037
0 1.439509954058193 1.4375 0.08575803981623277 0.3101851851851852
0 1.3598774885145481 1.4930555555555556 0.06431852986217458 0.2175925925925926
0 1.3407350689127107 1.3078703703703705 0.07197549770290965 0.25462962962962965
0 1.2274119448698315 1.4490740740740742 0.07197549770290965 0.3148148148148148
0 0.9777947932618682 1.3703703703703705 0.05972434915773354 0.24074074074074073
0 0.8032159264931087 1.3078703703703705 0.05972434915773354 0.24537037037037038
0 0.6730474732006125 1.3634259259259258 0.06278713629402756 0.25462962962962965
0 0.5114854517611026 1.375 0.05819295558958652 0.23148148148148148
0 0.5650842266462481 1.5208333333333333 0.06125574272588055 0.24537037037037038
0 0.7143950995405819 1.5810185185185186 0.06584992343032159 0.2638888888888889
0 0.8185298621745789 1.7361111111111112 0.06891271056661562 0.26851851851851855
0 0.6898928024502297 1.1342592592592593 0.05666156202143951 0.2037037037037037
0 0.830781010719755 1.1365740740740742 0.05359877488514548 0.2175925925925926
0 0.8950995405819295 1.0717592592592593 0.05666156202143951 0.2361111111111111
0 0.9494640122511485 1.1712962962962963 0.042879019908116385 0.16666666666666666
0 1.0390505359877489 1.1666666666666667 0.04134762633996937 0.17592592592592593
0 1.1286370597243491 1.087962962962963 0.05819295558958652 0.19444444444444445
0 1.281010719754977 1.1157407407407407 0.05666156202143951 0.2037037037037037
0 1.4234303215926494 1.0277777777777777 0.06584992343032159 0.2222222222222222
0 1.3483920367534457 1.0810185185185186 0.04747320061255743 0.16203703703703703
