0 0.14207258834765998 0.32007575757575757 0.28032473734479463 0.48863636363636365
0 0.19030563514804202 0.16704545454545455 0.11413562559694365 0.2553030303030303
0 0.4481852913085005 0.29393939393939394 0.1876790830945559 0.40606060606060607
0 0.5448901623686724 0.43446969696969695 0.1489971346704871 0.278030303030303
0 0.6437440305635148 0.4287878787878788 0.11079274116523401 0.22424242424242424
0 0.7765042979942693 0.4109848484848485 0.07927411652340019 0.13863636363636364
0 0.7488061127029608 0.5303030303030303 0.08213944603629417 0.1621212121212121
0 0.8326170009551098 0.4984848484848485 0.04918815663801337 0.10454545454545454
0 0.9696752626552053 0.31477272727272726 0.022445081184336198 0.04772727272727273
0 0.9606017191977078 0.48598484848484846 0.07688634192932187 0.1553030303030303
