0 0.08795562599049128 0.9170506912442397 0.020602218700475437 0.06451612903225806
0 0.10697305863708399 0.9170506912442397 0.020602218700475437 0.06451612903225806
0 0.15293185419968305 0.9009216589861752 0.017432646592709985 0.059907834101382486
0 0.1862123613312203 1.0276497695852536 0.017432646592709985 0.06451612903225806
0 0.2004754358161648 0.8064516129032258 0.00792393026941363 0.027649769585253458
0 0.2179080824088748 0.815668202764977 0.00792393026941363 0.027649769585253458
0 0.22820919175911253 0.8133640552995391 0.009508716323296355 0.03225806451612903
0 0.24881141045958796 0.8202764976958525 0.009508716323296355 0.03686635944700461
0 0.24881141045958796 0.804147465437788 0.009508716323296355 0.03225806451612903
0 0.2654516640253566 0.8202764976958525 0.00792393026941363 0.027649769585253458
0 0.2908082408874802 0.8271889400921659 0.00792393026941363 0.03225806451612903
0 0.32171156893819336 0.8433179723502304 0.009508716323296355 0.027649769585253458
0 0.3763866877971474 0.8732718894009217 0.011093502377179081 0.03225806451612903
0 0.39461172741679873 0.8986175115207373 0.012678288431061807 0.03686635944700461
0 0.4041204437400951 0.8963133640552995 0.009508716323296355 0.03225806451612903
0 0.4223454833597464 0.8571428571428571 0.00792393026941363 0.03686635944700461
0 0.4381933438985737 0.8778801843317973 0.011093502377179081 0.03225806451612903
0 0.4421553090332805 0.8617511520737328 0.009508716323296355 0.03686635944700461
0 0.4635499207606973 0.8755760368663594 0.00792393026941363 0.027649769585253458
0 0.4714738510301109 0.8663594470046083 0.00792393026941363 0.027649769585253458
0 0.5253565768621236 0.9124423963133641 0.020602218700475437 0.06451612903225806
0 0.4928684627575277 0.880184331797235 0.009508716323296355 0.03686635944700461
0 0.5047543581616482 1.0 0.02377179080824089 0.07373271889400922
0 0.5142630744849446 1.0 0.02377179080824089 0.07373271889400922
0 0.5396196513470681 1.099078341013825 0.030110935023771792 0.10599078341013825
0 0.5467511885895404 1.1589861751152073 0.03486529318541997 0.12442396313364056
0 0.5649762282091918 1.0276497695852536 0.020602218700475437 0.08294930875576037
0 0.6402535657686212 1.055299539170507 0.03486529318541997 0.12903225806451613
0 0.6814580031695721 1.0714285714285714 0.04120443740095087 0.15207373271889402
0 0.7702060221870047 1.6889400921658986 0.03486529318541997 0.1336405529953917
0 0.7250396196513471 1.108294930875576 0.03328050713153724 0.12442396313364056
0 0.7242472266244057 1.1105990783410138 0.03169572107765452 0.12903225806451613
0 0.794770206022187 1.0852534562211982 0.030110935023771792 0.0967741935483871
0 0.7939778129952456 0.9976958525345622 0.025356576862123614 0.07834101382488479
0 0.8645007923930269 1.1474654377880185 0.03328050713153724 0.11981566820276497
0 0.9223454833597464 1.172811059907834 0.044374009508716325 0.14285714285714285
0 1.0118858954041206 1.3732718894009217 0.042789223454833596 0.1382488479262673
0 0.971473851030111 1.1682027649769586 0.028526148969889066 0.10599078341013825
0 0.34310618066561016 0.9216589861751152 0.020602218700475437 0.06451612903225806
