0 0.9453125 0.5879828326180258 0.07118055555555555 0.0944206008583691
0 0.6597222222222222 0.9087982832618026 0.1736111111111111 0.24248927038626608
0 0.15885416666666666 0.9527896995708155 0.1440972222222222 0.21030042918454936
0 0.7890625 0.5654506437768241 0.07465277777777778 0.11373390557939914
0 0.6901041666666666 0.6126609442060086 0.07118055555555555 0.09656652360515021
0 0.5564236111111112 0.5536480686695279 0.06770833333333333 0.09012875536480687
0 0.6293402777777778 0.5643776824034334 0.05381944444444445 0.08583690987124463
0 0.4375 0.5912017167381974 0.059027777777777776 0.08798283261802575
0 0.20572916666666666 0.740343347639485 0.09895833333333333 0.1459227467811159
0 0.017361111111111112 0.6319742489270386 0.07291666666666667 0.11373390557939914
0 0.125 0.5783261802575107 0.08680555555555555 0.148068669527897
0 0.2847222222222222 0.572961373390558 0.0625 0.0815450643776824
0 0.4175347222222222 0.5643776824034334 0.06076388888888889 0.0944206008583691
