0 0.24634146341463414 0.9166666666666666 0.05853658536585366 0.06578947368421052
0 0.3182926829268293 1.013157894736842 0.046341463414634146 0.05263157894736842
0 0.5890243902439024 0.8070175438596491 0.11463414634146342 0.10964912280701754
0 0.9670731707317073 1.049342105263158 0.046341463414634146 0.05482456140350877
0 0.8731707317073171 1.0241228070175439 0.04878048780487805 0.043859649122807015
0 0.7341463414634146 1.0 0.03414634146341464 0.039473684210526314
0 0.824390243902439 0.956140350877193 0.04390243902439024 0.04824561403508772
0 0.9060975609756098 0.9353070175438597 0.036585365853658534 0.03728070175438596
0 0.9597560975609756 0.9473684210526315 0.036585365853658534 0.043859649122807015
0 0.7987804878048781 0.9199561403508771 0.046341463414634146 0.046052631578947366
0 0.7585365853658537 0.8673245614035088 0.03902439024390244 0.041666666666666664
0 0.7926829268292683 0.38377192982456143 0.02926829268292683 0.03070175438596491
0 0.8914634146341464 0.41776315789473684 0.03170731707317073 0.02850877192982456
0 0.9804878048780488 0.8782894736842105 0.03902439024390244 0.05043859649122807
0 0.3024390243902439 0.25219298245614036 0.14146341463414633 0.10964912280701754
0 0.3024390243902439 0.2543859649122807 0.14634146341463414 0.11842105263157894
