0 0.9558823529411765 1.4921052631578948 0.11591695501730104 0.41578947368421054
0 0.393598615916955 1.818421052631579 0.06055363321799308 0.21578947368421053
0 0.11764705882352941 1.8789473684210527 0.04152249134948097 0.14736842105263157
0 0.02249134948096886 2.028947368421053 0.01730103806228374 0.05789473684210526
0 0.06660899653979238 1.9763157894736842 0.02249134948096886 0.06842105263157895
0 0.12975778546712802 1.9236842105263159 0.03460207612456748 0.11052631578947368
0 0.2742214532871972 1.9526315789473685 0.0328719723183391 0.11578947368421053
0 0.3209342560553633 2.0026315789473683 0.029411764705882353 0.11052631578947368
0 0.2958477508650519 2.0210526315789474 0.02422145328719723 0.08421052631578947
0 0.21972318339100347 1.9894736842105263 0.02422145328719723 0.09473684210526316
0 0.18339100346020762 2.018421052631579 0.020761245674740483 0.07894736842105263
0 0.24826989619377163 1.9947368421052631 0.025951557093425604 0.08421052631578947
