0 0.04885786802030457 1.7080152671755726 0.05456852791878172 0.22519083969465647
0 0.14720812182741116 1.650763358778626 0.050761421319796954 0.18702290076335878
0 0.2131979695431472 1.7251908396946565 0.0583756345177665 0.22900763358778625
0 0.3039340101522843 1.6545801526717556 0.05203045685279188 0.18702290076335878
0 0.42576142131979694 1.5076335877862594 0.031725888324873094 0.0916030534351145
0 0.5602791878172588 1.5209923664122138 0.021573604060913704 0.05725190839694656
0 0.6802030456852792 1.5400763358778626 0.04568527918781726 0.14885496183206107
0 0.8217005076142132 1.532442748091603 0.046954314720812185 0.13358778625954199
0 0.799492385786802 1.5400763358778626 0.025380710659898477 0.08778625954198473
0 0.6795685279187818 1.5381679389312977 0.044416243654822336 0.15267175572519084
0 0.9873096446700508 1.7099236641221374 0.06852791878172589 0.24427480916030533
0 0.942258883248731 1.616412213740458 0.05710659898477157 0.1946564885496183
0 0.5970812182741116 1.8129770992366412 0.0850253807106599 0.37404580152671757
