0 0.16868798235942667 1.244186046511628 0.05512679162072767 0.1421188630490956
0 0.3026460859977949 1.2157622739018088 0.05181918412348401 0.1421188630490956
0 0.4261300992282249 1.2583979328165376 0.047409040793825796 0.13953488372093023
0 0.535832414553473 1.2157622739018088 0.04851157662624035 0.1421188630490956
0 0.6427783902976847 1.2390180878552972 0.04630650496141125 0.13695090439276486
0 0.7541345093715546 1.1614987080103358 0.050716648291069456 0.1524547803617571
0 0.8594266813671444 1.2144702842377262 0.04299889746416759 0.12919896640826872
0 0.9939360529217199 1.272609819121447 0.04520396912899669 0.14728682170542637
0 1.1174200661521498 1.2506459948320414 0.047409040793825796 0.11886304909560723
0 0.3467475192943771 1.0064599483204135 0.04520396912899669 0.1421188630490956
0 0.45148842337375966 1.0271317829457365 0.04520396912899669 0.12661498708010335
0 0.5452039691289967 1.103359173126615 0.040793825799338476 0.11886304909560723
0 0.6218302094818081 1.028423772609819 0.044101433296582136 0.12403100775193798
0 0.7133406835722161 1.0374677002583979 0.04189636163175303 0.13178294573643412
0 0.7998897464167586 1.058139534883721 0.040793825799338476 0.13178294573643412
0 0.8456449834619625 0.9974160206718347 0.03969128996692393 0.11886304909560723
0 0.9057331863285557 1.0297157622739017 0.04520396912899669 0.13695090439276486
0 0.9707828004410143 1.062015503875969 0.040793825799338476 0.11886304909560723
0 1.0633958103638368 1.0865633074935401 0.03858875413450937 0.13178294573643412
0 0.3219404630650496 0.8165374677002584 0.03528114663726571 0.10852713178294573
0 0.37265711135611906 0.8901808785529716 0.03969128996692393 0.12144702842377261
0 0.4658213891951488 0.9237726098191215 0.03858875413450937 0.12144702842377261
0 0.535832414553473 0.9780361757105943 0.03528114663726571 0.1111111111111111
0 0.6240352811466373 0.9108527131782945 0.04189636163175303 0.12144702842377261
0 0.7304299889746417 0.8656330749354005 0.040793825799338476 0.11369509043927649
0 0.8252480705622933 0.8888888888888888 0.03638368246968027 0.11886304909560723
0 0.948180815876516 0.91343669250646 0.03969128996692393 0.11627906976744186
0 1.047409040793826 0.9638242894056848 0.04630650496141125 0.11369509043927649
0 1.0303197353914002 0.7248062015503876 0.04299889746416759 0.12661498708010335
0 0.9950385887541345 0.7299741602067183 0.03638368246968027 0.10077519379844961
0 0.938257993384785 0.810077519379845 0.03528114663726571 0.10594315245478036
0 0.8472987872105844 0.7790697674418605 0.03638368246968027 0.11627906976744186
0 0.7756339581036383 0.7222222222222222 0.03858875413450937 0.1111111111111111
0 0.7249173098125689 0.7131782945736435 0.03858875413450937 0.10335917312661498
0 0.6995589856670342 0.834625322997416 0.029768467475192944 0.10335917312661498
0 0.6686879823594267 0.789405684754522 0.03858875413450937 0.10077519379844961
0 0.6041896361631753 0.7829457364341085 0.04189636163175303 0.11886304909560723
0 0.5071664829106945 0.8217054263565892 0.037486218302094816 0.11369509043927649
0 0.42006615214994486 0.7881136950904393 0.037486218302094816 0.11369509043927649
0 0.34950385887541346 0.6718346253229974 0.037486218302094816 0.10335917312661498
0 0.42337375964718854 0.6873385012919897 0.037486218302094816 0.10335917312661498
0 0.503858875413451 0.6873385012919897 0.037486218302094816 0.10335917312661498
0 0.551819184123484 0.6563307493540051 0.03197353914002205 0.10335917312661498
0 0.6097023153252481 0.6511627906976745 0.03969128996692393 0.10852713178294573
0 0.6405733186328556 0.6149870801033591 0.03307607497243661 0.09819121447028424
0 0.6929437706725469 0.5555555555555556 0.025358324145534728 0.09302325581395349
0 0.7276736493936052 0.5968992248062015 0.03307607497243661 0.09819121447028424
0 0.7673649393605292 0.582687338501292 0.03528114663726571 0.09560723514211886
0 0.7993384785005513 0.6369509043927648 0.030871003307607496 0.09560723514211886
0 0.8224917309812569 0.6550387596899225 0.03307607497243661 0.10077519379844961
0 0.8715545755237045 0.748062015503876 0.034178610804851156 0.1111111111111111
0 0.9128996692392503 0.7002583979328165 0.037486218302094816 0.10335917312661498
0 0.9862183020948181 0.6266149870801033 0.034178610804851156 0.09560723514211886
0 0.9531422271223815 0.5801033591731266 0.034178610804851156 0.10594315245478036
0 0.9366041896361632 0.5142118863049095 0.03638368246968027 0.09819121447028424
0 0.9586549062844543 0.43669250645994834 0.03638368246968027 0.10335917312661498
0 0.9029768467475193 0.3953488372093023 0.03307607497243661 0.09819121447028424
0 0.8908489525909592 0.6072351421188631 0.03528114663726571 0.09819121447028424
0 0.8561190738699008 0.5542635658914729 0.03638368246968027 0.10077519379844961
0 0.8070562293274531 0.5232558139534884 0.030871003307607496 0.10077519379844961
0 0.8252480705622933 0.458656330749354 0.027563395810363836 0.09043927648578812
0 0.743109151047409 0.44315245478036175 0.030871003307607496 0.09560723514211886
0 0.7067254685777288 0.46770025839793283 0.037486218302094816 0.09819121447028424
0 0.6587651598676957 0.4573643410852713 0.034178610804851156 0.10335917312661498
0 0.62348401323043 0.524547803617571 0.03197353914002205 0.09819121447028424
0 0.5871003307607497 0.5516795865633075 0.034178610804851156 0.10594315245478036
0 0.5705622932745315 0.4496124031007752 0.029768467475192944 0.09302325581395349
0 0.5176405733186329 0.5658914728682171 0.03858875413450937 0.09302325581395349
0 0.541896361631753 0.5361757105943152 0.029768467475192944 0.09043927648578812
0 0.4625137816979052 0.6447028423772609 0.034178610804851156 0.09560723514211886
0 0.5270121278941565 0.46124031007751937 0.03307607497243661 0.09043927648578812
0 0.46030871003307605 0.520671834625323 0.03638368246968027 0.10077519379844961
0 0.44377067254685776 0.4354005167958656 0.034178610804851156 0.10594315245478036
