0 0.6799398948159279 0.5043923865300146 0.15026296018031554 0.3616398243045388
0 0.0405709992486852 0.5695461200585652 0.10668670172802404 0.28989751098096633
0 0.27460555972952666 0.10029282576866765 0.02779864763335838 0.07174231332357248
0 0.33283245679939893 0.09370424597364568 0.03305785123966942 0.07320644216691069
0 0.42336589030803906 0.09004392386530015 0.03681442524417731 0.08052708638360176
0 0.4793388429752066 0.12005856515373353 0.037565740045078885 0.07906295754026355
0 0.17054845980465816 0.19546120058565153 0.03155522163786627 0.07174231332357248
0 0.13448534936138243 0.13030746705710103 0.022539444027047332 0.04685212298682284
0 0.13561232156273478 0.15666178623718888 0.035311795642374154 0.09077598828696926
0 0.613824192336589 0.12298682284040996 0.04658151765589782 0.09663250366032211
0 0.5848985725018783 0.10907759882869693 0.033809166040571 0.08052708638360176
0 0.7114951164537942 0.11420204978038068 0.03606311044327573 0.09077598828696926
0 0.8846731780616078 0.0746705710102489 0.035311795642374154 0.07906295754026355
0 0.9530428249436514 0.18740849194729137 0.02329075882794891 0.21376281112737922
0 0.667167543200601 0.25988286969253294 0.049586776859504134 0.4055636896046852
0 0.1450037565740045 0.6910688140556369 0.045078888054094664 0.09663250366032211
0 0.1859504132231405 0.9648609077598829 0.056348610067618335 0.14055636896046853
0 0.10856498873027799 0.5431918008784773 0.03831705484598046 0.09663250366032211
0 0.25845229151014276 0.6793557833089312 0.037565740045078885 0.09077598828696926
0 0.3489857250187829 0.6932650073206442 0.04282494365138993 0.08931185944363104
0 0.4797145003756574 0.657393850658858 0.04432757325319309 0.09663250366032211
0 0.4248685199098422 0.5424597364568082 0.04432757325319309 0.11273792093704246
0 0.7997746055597296 0.6595900439238653 0.05033809166040571 0.11273792093704246
0 0.9259954921111946 0.732796486090776 0.12246431254695718 0.4289897510980966
0 0.9594290007513148 0.40263543191800877 0.03606311044327573 0.1054172767203514
0 0.8508640120210368 0.4267935578330893 0.04432757325319309 0.13323572474377746
0 0.7573253193087904 0.42752562225475843 0.037565740045078885 0.09370424597364568
0 0.540946656649136 0.40995607613469986 0.03906836964688205 0.1054172767203514
0 0.35537190082644626 0.4743777452415813 0.0405709992486852 0.0849194729136164
0 0.2915101427498122 0.5490483162518301 0.037565740045078885 0.08784773060029283
0 0.24492862509391436 0.43484626647144947 0.03606311044327573 0.0849194729136164
0 0.2193839218632607 0.5446559297218155 0.04357625845229151 0.09663250366032211
0 0.1728024042073629 0.43045387994143486 0.03906836964688205 0.07906295754026355
0 0.09616829451540196 0.42972181551976574 0.03606311044327573 0.09224011713030747
0 0.6836964688204358 0.6617862371888726 0.042073628850488355 0.0849194729136164
0 0.8249436513899324 0.5424597364568082 0.04658151765589782 0.11566617862371889
0 0.46205860255447034 0.4663250366032211 0.03305785123966942 0.08345534407027819
