0 0.16015625 0.5416666666666666 0.0703125 0.26282051282051283
0 0.25 0.47435897435897434 0.05859375 0.23076923076923078
0 0.40234375 0.47435897435897434 0.0625 0.2692307692307692
0 0.5283203125 0.358974358974359 0.056640625 0.2564102564102564
0 0.677734375 0.3525641025641026 0.05859375 0.2564102564102564
0 0.8203125 0.391025641025641 0.0546875 0.2564102564102564
0 0.939453125 0.5544871794871795 0.05859375 0.26282051282051283
0 1.0654296875 0.4775641025641026 0.068359375 0.27564102564102566
0 1.0078125 0.9967948717948718 0.06640625 0.28846153846153844
0 0.8525390625 0.9775641025641025 0.064453125 0.27564102564102566
0 0.6787109375 0.9775641025641025 0.064453125 0.27564102564102566
0 0.53125 1.0512820512820513 0.05078125 0.2564102564102564
0 0.3984375 1.0833333333333333 0.0625 0.24358974358974358
0 0.255859375 1.0833333333333333 0.06640625 0.28205128205128205
0 0.1337890625 0.9487179487179487 0.068359375 0.28205128205128205
