0 0.11789724396053079 0.8791793313069909 0.05341953045253488 0.2993920972644377
0 0.24259952364749915 1.0547112462006079 0.04355222864920041 0.2796352583586626
0 0.35062946580469545 0.9544072948328267 0.04389248043552229 0.2553191489361702
0 0.4117046614494726 1.0106382978723405 0.04559373936713168 0.26443768996960487
0 0.46920721333787 0.9574468085106383 0.04287172507655665 0.25835866261398177
0 0.5275603946920722 1.0493920972644377 0.041850969717591016 0.2689969604863222
0 0.5785981626403539 0.9224924012158054 0.046614494726097314 0.24316109422492402
0 0.6861177271180674 0.8685410334346505 0.045933991153453556 0.2689969604863222
0 0.787853011228309 0.9262917933130699 0.04321197686287853 0.2750759878419453
0 0.9231030962912555 0.8670212765957447 0.051718271520925486 0.28419452887537994
0 0.9812861517522967 1.0562310030395137 0.05103776794828173 0.2887537993920973
0 1.0656685947601225 0.9756838905775076 0.05103776794828173 0.2857142857142857
0 0.8513099693773393 0.9749240121580547 0.04763525008506295 0.29027355623100304
0 0.7368152432800272 1.0357142857142858 0.04321197686287853 0.27811550151975684
0 0.636951343994556 1.1041033434650456 0.04763525008506295 0.25987841945288753
0 0.20006805035726438 1.4924012158054711 0.052398775093569244 0.303951367781155
0 0.3201769309288874 1.5243161094224924 0.04899625723035046 0.3009118541033435
0 0.45066349098332764 1.5866261398176291 0.04865600544402858 0.2735562310030395
0 0.5916978564137462 1.4969604863221884 0.053079278666212995 0.2978723404255319
0 0.7220142905750255 1.5767477203647415 0.04899625723035046 0.29635258358662614
0 0.8475671997277986 1.5630699088145896 0.04287172507655665 0.2872340425531915
0 0.960871044572984 1.5668693009118542 0.04967676080299421 0.3100303951367781
