0 0.03533026113671275 1.5805555555555555 0.0706605222734255 0.2722222222222222
0 0.13325652841781874 1.7402777777777778 0.11443932411674347 0.4083333333333333
0 0.2672811059907834 1.6027777777777779 0.047619047619047616 0.21666666666666667
0 0.08448540706605223 1.5902777777777777 0.027649769585253458 0.09722222222222222
0 0.4519969278033794 1.6208333333333333 0.01152073732718894 0.04722222222222222
0 0.48003072196620583 1.5930555555555554 0.01228878648233487 0.05277777777777778
0 0.6067588325652842 1.5763888888888888 0.009216589861751152 0.041666666666666664
0 0.5645161290322581 1.5944444444444446 0.03225806451612903 0.1388888888888889
0 0.6881720430107527 1.6319444444444444 0.027649769585253458 0.11388888888888889
0 0.8206605222734255 1.5652777777777778 0.017665130568356373 0.06944444444444445
0 0.8648233486943164 1.7722222222222221 0.053763440860215055 0.2222222222222222
