0 0.027506654835847383 0.9720101781170484 0.1650399290150843 0.5241730279898219
0 0.1960958296362023 1.0966921119592876 0.06743566992014197 0.22900763358778625
0 0.21694764862466726 0.905852417302799 0.03992901508429459 0.12213740458015267
0 0.3673469387755102 0.9936386768447837 0.07453416149068323 0.24681933842239187
0 0.49157054125998223 1.0101781170483461 0.04259094942324756 0.15776081424936386
0 0.5572315882874889 0.8562340966921119 0.03371783496007098 0.11450381679389313
0 0.6051464063886424 1.049618320610687 0.044365572315882874 0.13486005089058525
0 0.6805678793256433 1.6208651399491094 0.04614019520851819 0.13231552162849872
0 0.6468500443655724 0.8651399491094147 0.0354924578527063 0.13231552162849872
0 0.7142857142857143 0.8078880407124682 0.03371783496007098 0.11450381679389313
0 0.7542147293700089 0.8307888040712468 0.05678793256433008 0.18575063613231552
0 0.9112688553682342 0.806615776081425 0.06743566992014197 0.23918575063613232
