0 0.9734375 2.1690140845070425 0.040625 0.2676056338028169
0 0.8328125 2.193661971830986 0.04375 0.2605633802816901
0 0.740625 2.165492957746479 0.04375 0.2605633802816901
0 0.63359375 2.1549295774647885 0.0484375 0.29577464788732394
0 0.53359375 2.2288732394366195 0.0453125 0.2323943661971831
0 0.4453125 2.306338028169014 0.04375 0.2323943661971831
0 0.37890625 2.1971830985915495 0.0453125 0.2535211267605634
0 0.18046875 1.5809859154929577 0.0421875 0.24647887323943662
0 0.25234375 1.5950704225352113 0.0453125 0.2605633802816901
0 0.33359375 1.6408450704225352 0.0453125 0.2676056338028169
0 0.4078125 1.5985915492957747 0.04375 0.2676056338028169
0 0.49296875 1.591549295774648 0.0421875 0.22535211267605634
0 0.5640625 1.5492957746478873 0.04375 0.2535211267605634
0 0.6453125 1.6091549295774648 0.0375 0.2323943661971831
0 0.7171875 1.6373239436619718 0.04375 0.24647887323943662
0 0.7953125 1.6795774647887325 0.0375 0.24647887323943662
0 0.8578125 1.6971830985915493 0.040625 0.2535211267605634
0 1.0421875 1.7288732394366197 0.040625 0.2323943661971831
0 0.98515625 1.693661971830986 0.0421875 0.21830985915492956
0 1.1375 1.6866197183098592 0.04375 0.24647887323943662
0 0.921875 1.7816901408450705 0.040625 0.2535211267605634
