0 0.618020304568528 1.1980568011958146 0.16751269035532995 0.23467862481315396
0 0.9270304568527918 0.9835575485799701 0.10532994923857868 0.15246636771300448
0 0.5323604060913706 0.8303437967115097 0.10786802030456853 0.12406576980568013
0 0.17576142131979697 0.8497757847533632 0.11548223350253807 0.16591928251121077
0 0.1446700507614213 0.5807174887892377 0.08883248730964467 0.11808669656203288
0 0.5152284263959391 0.609118086696562 0.06852791878172589 0.08221225710014948
0 0.5602791878172588 0.5164424514200299 0.04187817258883249 0.05829596412556054
0 0.7563451776649747 0.507473841554559 0.03807106598984772 0.05530642750373692
0 0.7791878172588832 0.42451420029895365 0.027918781725888325 0.04484304932735426
0 0.7861675126903553 0.3684603886397608 0.01649746192893401 0.025411061285500747
0 0.9060913705583756 0.4461883408071749 0.025380710659898477 0.0343796711509716
0 0.8604060913705583 0.43871449925261585 0.017766497461928935 0.028400597907324365
