0 0.15273972602739727 1.493421052631579 0.026027397260273973 0.07456140350877193
0 0.2363013698630137 1.4539473684210527 0.01780821917808219 0.07456140350877193
0 0.41986301369863016 1.4451754385964912 0.01780821917808219 0.06578947368421052
0 0.7150684931506849 1.4956140350877194 0.021917808219178082 0.07894736842105263
0 0.8089041095890411 1.506578947368421 0.02054794520547945 0.07456140350877193
0 0.9068493150684932 1.519736842105263 0.021917808219178082 0.08333333333333333
0 0.9041095890410958 1.5679824561403508 0.03287671232876712 0.10964912280701754
0 1.0321917808219179 1.337719298245614 0.031506849315068496 0.11403508771929824
0 1.1191780821917807 1.6754385964912282 0.0410958904109589 0.13157894736842105
0 1.0095890410958903 1.7346491228070176 0.043835616438356165 0.14473684210526316
0 0.9609589041095891 2.1403508771929824 0.045205479452054796 0.16666666666666666
0 0.7561643835616438 1.837719298245614 0.043835616438356165 0.15789473684210525
0 0.5821917808219178 1.769736842105263 0.0547945205479452 0.18859649122807018
0 0.4383561643835616 1.8399122807017543 0.049315068493150684 0.19736842105263158
0 0.36027397260273974 1.2960526315789473 0.038356164383561646 0.14473684210526316
