0 1.0023174971031286 0.8192982456140351 0.06952491309385864 0.27017543859649124
0 0.8070683661645423 0.9701754385964912 0.0660486674391657 0.2631578947368421
0 0.6309385863267671 0.8508771929824561 0.06836616454229433 0.24912280701754386
0 0.5202780996523755 0.7912280701754386 0.06720741599073002 0.28421052631578947
0 0.33719582850521435 0.9649122807017544 0.06952491309385864 0.26666666666666666
0 0.7665121668597914 0.8385964912280702 0.06836616454229433 0.23157894736842105
0 0.9194669756662804 0.8210526315789474 0.07300115874855156 0.26666666666666666
0 1.2398609501738123 1.4929824561403509 0.006952491309385863 0.02456140350877193
0 1.220741599073001 1.4964912280701754 0.008111239860950173 0.02456140350877193
0 1.2108922363847046 1.5666666666666667 0.02085747392815759 0.1649122807017544
