0 0.9877777777777778 1.231958762886598 0.06 0.711340206185567
0 0.8794444444444445 1.4484536082474226 0.06555555555555556 0.6701030927835051
0 0.8516666666666667 1.4690721649484537 0.04777777777777778 0.6288659793814433
0 0.7722222222222223 1.2164948453608246 0.04888888888888889 0.5154639175257731
0 0.7888888888888889 1.5206185567010309 0.04666666666666667 0.5463917525773195
0 0.7272222222222222 1.4175257731958764 0.052222222222222225 0.5876288659793815
0 0.68 1.092783505154639 0.042222222222222223 0.4948453608247423
0 0.6361111111111111 1.3762886597938144 0.04555555555555556 0.5051546391752577
0 0.6066666666666667 1.577319587628866 0.035555555555555556 0.4329896907216495
0 0.5872222222222222 1.3814432989690721 0.04111111111111111 0.4948453608247423
0 0.5438888888888889 1.2577319587628866 0.04111111111111111 0.4742268041237113
0 0.5027777777777778 1.5463917525773196 0.04111111111111111 0.5154639175257731
0 0.445 1.3144329896907216 0.03666666666666667 0.4639175257731959
0 0.42055555555555557 1.5 0.043333333333333335 0.4845360824742268
0 0.3616666666666667 1.3814432989690721 0.03666666666666667 0.4536082474226804
0 0.3333333333333333 1.5051546391752577 0.04 0.4536082474226804
0 0.2783333333333333 1.3865979381443299 0.04555555555555556 0.5876288659793815
0 0.20555555555555555 1.1958762886597938 0.042222222222222223 0.5154639175257731
0 0.16722222222222222 1.3865979381443299 0.04777777777777778 0.5876288659793815
0 0.11777777777777777 1.541237113402062 0.051111111111111114 0.6082474226804123
0 0.045 1.2525773195876289 0.05444444444444444 0.6082474226804123
