0 0.1437125748502994 0.8423799582463466 0.03992015968063872 0.04175365344467641
0 0.4036926147704591 0.9117954070981211 0.02694610778443114 0.030271398747390398
0 0.5189620758483033 0.8089770354906054 0.06986027944111776 0.06889352818371608
0 0.7514970059880239 0.842901878914405 0.08782435129740519 0.11169102296450939
0 0.8947105788423154 0.8147181628392485 0.03493013972055888 0.04488517745302714
0 0.8328343313373253 0.8340292275574113 0.03093812375249501 0.04384133611691023
0 0.5354291417165669 0.8564718162839249 0.04291417165668663 0.04697286012526096
0 0.6372255489021956 0.9733820459290188 0.022954091816367265 0.032359081419624215
0 0.5883233532934131 0.8528183716075156 0.018962075848303395 0.025052192066805846
0 0.6616766467065869 0.884133611691023 0.013972055888223553 0.016701461377870562
0 0.6866267465069861 0.8444676409185804 0.015968063872255488 0.016701461377870562
0 0.7115768463073853 0.8345511482254697 0.013972055888223553 0.019832985386221295
0 0.9565868263473054 0.8392484342379958 0.014970059880239521 0.016701461377870562
0 0.9885229540918163 0.8481210855949896 0.020958083832335328 0.030271398747390398
0 0.9790419161676647 0.831419624217119 0.013972055888223553 0.015657620041753653
0 0.5903193612774451 0.7192066805845512 0.006986027944111776 0.008350730688935281
