0 0.09425717852684144 0.8326923076923077 0.02122347066167291 0.08076923076923077
0 0.10112359550561797 0.8480769230769231 0.0149812734082397 0.057692307692307696
0 0.18102372034956304 0.6903846153846154 0.0149812734082397 0.057692307692307696
0 0.2815230961298377 0.5653846153846154 0.011235955056179775 0.038461538461538464
0 0.27715355805243447 0.5711538461538461 0.009987515605493134 0.04230769230769231
0 0.3264669163545568 0.525 0.008739076154806492 0.026923076923076925
0 0.32709113607990015 0.5653846153846154 0.019975031210986267 0.14615384615384616
0 0.3389513108614232 0.48653846153846153 0.006242197253433208 0.019230769230769232
0 0.34581772784019976 0.47307692307692306 0.004993757802746567 0.023076923076923078
0 0.35268414481897625 0.5173076923076924 0.011235955056179775 0.08076923076923077
0 0.45380774032459426 0.5057692307692307 0.006242197253433208 0.019230769230769232
0 0.46254681647940077 0.5403846153846154 0.01373283395755306 0.12692307692307692
0 0.5224719101123596 0.7211538461538461 0.011235955056179775 0.03461538461538462
0 0.5043695380774033 0.6711538461538461 0.009987515605493134 0.03461538461538462
0 0.4918851435705368 0.5884615384615385 0.012484394506866416 0.038461538461538464
0 0.6354556803995006 0.6942307692307692 0.012484394506866416 0.03461538461538462
0 0.601123595505618 0.6307692307692307 0.008739076154806492 0.03076923076923077
0 0.5755305867665418 0.6846153846153846 0.03495630461922597 0.2230769230769231
0 0.5443196004993758 0.5461538461538461 0.00749063670411985 0.023076923076923078
0 0.6136079900124844 1.2019230769230769 0.03620474406991261 0.09615384615384616
0 0.6891385767790262 1.3788461538461538 0.03745318352059925 0.1346153846153846
0 0.8545568039950062 1.0192307692307692 0.02871410736579276 0.09230769230769231
0 0.9862671660424469 1.1326923076923077 0.03245942571785269 0.11153846153846154
