0 0.47079037800687284 2.1487603305785123 0.061855670103092786 0.34710743801652894
0 0.5584192439862543 2.272727272727273 0.054982817869415807 0.34710743801652894
0 0.6666666666666666 2.0702479338842976 0.058419243986254296 0.35537190082644626
0 0.743127147766323 2.1322314049586777 0.05670103092783505 0.3140495867768595
0 0.8367697594501718 2.206611570247934 0.058419243986254296 0.34710743801652894
0 0.9432989690721649 1.9958677685950412 0.061855670103092786 0.35537190082644626
0 1.0867697594501717 1.8925619834710743 0.07731958762886598 0.4628099173553719
0 1.2018900343642611 2.053719008264463 0.070446735395189 0.4214876033057851
0 1.3195876288659794 2.0082644628099175 0.07216494845360824 0.38016528925619836
0 1.3986254295532645 1.7066115702479339 0.08247422680412371 0.5206611570247934
