0 0.6759656652360515 0.4779951100244499 0.08726752503576538 0.15403422982885084
0 1.0092989985693848 1.36919315403423 0.04721030042918455 0.06356968215158924
0 0.8590844062947067 1.1662591687041566 0.04148783977110158 0.08312958435207823
0 0.8361945636623748 1.1418092909535453 0.030042918454935622 0.08312958435207823
0 0.7324749642346209 1.2273838630806846 0.022889842632331903 0.0488997555012225
0 0.6144492131616596 1.1320293398533008 0.0357653791130186 0.06356968215158924
0 0.6137339055793991 1.1356968215158925 0.034334763948497854 0.061124694376528114
0 0.5393419170243204 1.184596577017115 0.034334763948497854 0.06601466992665037
0 0.4699570815450644 1.2017114914425429 0.030042918454935622 0.06601466992665037
0 0.4027181688125894 1.1992665036674817 0.0357653791130186 0.06601466992665037
0 0.3798283261802575 1.1124694376528117 0.030042918454935622 0.06356968215158924
0 0.27682403433476394 1.1430317848410758 0.0357653791130186 0.07090464547677261
0 0.18454935622317598 1.1931540342298288 0.031473533619456366 0.06356968215158924
0 0.07224606580829757 1.1528117359413204 0.030042918454935622 0.05623471882640587
0 0.05007153075822604 1.1931540342298288 0.034334763948497854 0.06356968215158924
