0 0.758340113913751 0.3141831238779174 0.004882017900732303 0.010771992818671455
0 0.7672904800650936 0.31687612208258525 0.004882017900732303 0.012567324955116697
0 0.7774613506916193 0.3123877917414722 0.005695687550854353 0.01436265709156194
0 0.7880390561432059 0.3141831238779174 0.0040683482506102524 0.010771992818671455
0 0.7973962571196095 0.3016157989228007 0.004882017900732303 0.010771992818671455
0 0.807567127746135 0.3114901256732496 0.0040683482506102524 0.008976660682226212
0 0.8185516680227828 0.31508078994614 0.004882017900732303 0.012567324955116697
0 0.8303498779495525 0.3123877917414722 0.0040683482506102524 0.010771992818671455
0 0.8413344182262001 0.30789946140035906 0.004882017900732303 0.012567324955116697
0 0.8409275834011392 0.3473967684021544 0.005695687550854353 0.012567324955116697
0 0.8543531326281529 0.3500897666068223 0.004882017900732303 0.010771992818671455
0 0.8775427176566314 0.33662477558348297 0.005695687550854353 0.012567324955116697
0 0.6489015459723352 0.3500897666068223 0.005695687550854353 0.010771992818671455
0 0.6346623270951993 0.3518850987432675 0.006509357200976403 0.01436265709156194
0 0.11635475996745322 0.8186714542190305 0.07973962571196094 0.17953321364452424
0 0.08624898291293735 0.7091561938958707 0.06509357200976404 0.15080789946140036
0 0.03905614320585842 0.6481149012567325 0.05695687550854353 0.15080789946140036
0 0.0435313262815297 0.4865350089766607 0.01708706265256306 0.0466786355475763
0 0.1501220504475183 0.5377019748653501 0.03173311635475997 0.0807899461400359
0 0.17005695687550854 0.5556552962298025 0.030919446704637917 0.07719928186714542
0 0.19080553295362082 0.5574506283662477 0.04149715215622457 0.0843806104129264
0 0.23148901545972336 0.5861759425493717 0.04149715215622457 0.12028725314183124
0 0.2912937347436941 0.5897666068222621 0.05207485760781123 0.10951526032315978
0 0.3930024410089504 0.6615798922800719 0.06346623270951994 0.13824057450628366
0 0.5024410089503661 0.566427289048474 0.03986981285598047 0.11310592459605028
0 0.45280716029292106 0.5807899461400359 0.03824247355573637 0.09156193895870736
0 0.5691619202603743 0.5942549371633752 0.03173311635475997 0.09694793536804308
0 0.6700569568755086 0.47217235188509876 0.025223759153783564 0.0718132854578097
0 0.6277461350691619 0.46947935368043087 0.025223759153783564 0.06283662477558348
0 0.7026037428803905 0.45152603231597843 0.02034174125305126 0.059245960502693
0 0.7225386493083807 0.45152603231597843 0.01790073230268511 0.04847396768402154
0 0.7685109845402767 0.40754039497307004 0.012205044751830757 0.03231597845601436
0 0.7400325467860048 0.40933572710951527 0.013832384052074858 0.03590664272890485
0 0.3633034987794955 0.5403949730700179 0.030105777054515868 0.07899461400359066
0 0.4544344995931652 0.35816876122082586 0.007323026851098454 0.019748653500897665
0 0.5768917819365338 0.4748653500897666 0.024410089503661515 0.05565529622980251
0 0.8421480878763222 0.41831238779174146 0.01627339300244101 0.03949730700179533
0 0.9328722538649309 0.3859964093357271 0.010577705451586655 0.02872531418312388
0 0.9483319772172498 0.4012567324955117 0.013832384052074858 0.03770197486535009
0 0.9060211554109032 0.41651705565529623 0.013832384052074858 0.03949730700179533
0 0.886899918633035 0.4542190305206463 0.024410089503661515 0.0718132854578097
0 0.8563873067534581 0.4991023339317774 0.026851098454027666 0.06463195691202872
0 0.9133441822620016 0.5035906642728905 0.028478437754271765 0.0843806104129264
0 0.8860862489829129 0.5502692998204668 0.03742880390561432 0.10951526032315978
0 0.9690805532953621 0.5619389587073609 0.03417412530512612 0.12208258527827648
0 0.8572009764035802 0.6283662477558348 0.04963384865744508 0.15080789946140036
0 0.9755899104963385 0.6723518850987432 0.05044751830756713 0.16337522441651706
0 0.8096013018714402 0.8070017953321365 0.09275834011391375 0.26750448833034113
0 0.7774613506916193 0.4012567324955117 0.012205044751830757 0.03052064631956912
0 0.7921074043938161 0.400359066427289 0.010577705451586655 0.025134649910233394
0 0.7917005695687551 0.3994614003590664 0.009764035801464606 0.026929982046678635
0 0.8051261187957689 0.38420107719928187 0.008950366151342554 0.02154398563734291
0 0.8421480878763222 0.3940754039497307 0.013018714401952807 0.03052064631956912
0 0.7485760781122864 0.3994614003590664 0.006509357200976403 0.019748653500897665
0 0.6688364524003255 0.46947935368043087 0.026037428803905614 0.07360861759425494
0 0.6517493897477624 0.4614003590664273 0.024410089503661515 0.05385996409335727
0 0.6395443449959316 0.4542190305206463 0.01790073230268511 0.0466786355475763
0 0.6399511798209927 0.4272890484739677 0.015459723352318959 0.03231597845601436
0 0.4662327095199349 0.5152603231597845 0.026037428803905614 0.0718132854578097
0 0.5126118795768918 0.518850987432675 0.024410089503661515 0.0718132854578097
0 0.5561432058584215 0.5233393177737882 0.028478437754271765 0.07001795332136446
0 0.08502847843775427 0.5251346499102334 0.023596419853539462 0.05565529622980251
0 0.059397884458909686 0.48114901256732495 0.013018714401952807 0.03231597845601436
0 0.03254678600488202 0.5026929982046678 0.014646053702196907 0.03590664272890485
0 0.3242473555736371 0.5215439856373429 0.028478437754271765 0.07360861759425494
0 0.4524003254678601 0.4506283662477558 0.01627339300244101 0.03949730700179533
0 0.9690805532953621 0.4533213644524237 0.01790073230268511 0.059245960502693
0 0.10740439381611067 0.5197486535008977 0.01790073230268511 0.04847396768402154
