0 0.2519446845289542 0.45729166666666665 0.09593777009507347 0.3145833333333333
0 0.391961970613656 0.484375 0.09248055315471046 0.3145833333333333
0 0.5021607605877269 0.165625 0.09680207433016422 0.29375
0 0.6287813310285221 0.0875 0.09939498703543648 0.2916666666666667
0 0.8975799481417459 0.6989583333333333 0.12186689714779603 0.4354166666666667
0 0.7852203975799481 0.5114583333333333 0.10285220397579949 0.27708333333333335
0 0.7441659464131374 0.3125 0.10544511668107173 0.2916666666666667
0 0.8720829732065687 0.030208333333333334 0.03111495246326707 0.08125
0 0.020743301642178046 0.8822916666666667 0.03975799481417459 0.11875
0 0.07000864304235091 0.771875 0.036300777873811585 0.08958333333333333
0 0.16681071737251513 0.5895833333333333 0.032843560933448576 0.09583333333333334
0 0.06568712186689715 0.125 0.03111495246326707 0.08333333333333333
0 0.03975799481417459 0.22395833333333334 0.024200518582541054 0.09791666666666667
0 -0.000864304235090752 0.471875 0.08124459809853068 0.51875
