0 0.019823788546255508 4.612068965517241 0.024963289280469897 0.29310344827586204
0 0.1027900146842878 4.646551724137931 0.00881057268722467 0.1206896551724138
0 0.09911894273127753 4.620689655172414 0.007342143906020558 0.13793103448275862
0 0.13582966226138032 4.991379310344827 0.016152716593245228 0.6379310344827587
0 0.14831130690161526 4.646551724137931 0.011747430249632892 0.1896551724137931
0 0.19676945668135096 4.655172413793103 0.023494860499265784 0.3103448275862069
0 0.2173274596182085 4.577586206896552 0.014684287812041116 0.1896551724137931
0 0.30323054331864907 4.560344827586207 0.027900146842878122 0.39655172413793105
0 0.33847283406754775 4.5 0.016152716593245228 0.2413793103448276
0 0.4052863436123348 4.568965517241379 0.014684287812041116 0.1724137931034483
0 0.36490455212922174 4.568965517241379 0.010279001468428781 0.13793103448275862
0 0.44419970631424377 4.543103448275862 0.013215859030837005 0.15517241379310345
0 0.4779735682819383 4.5344827586206895 0.013215859030837005 0.1724137931034483
0 0.5359765051395007 4.568965517241379 0.011747430249632892 0.13793103448275862
0 0.5961820851688693 4.551724137931035 0.032305433186490456 0.4827586206896552
0 0.7019089574155654 4.543103448275862 0.032305433186490456 0.43103448275862066
0 0.8722466960352423 4.612068965517241 0.020558002936857563 0.29310344827586204
0 0.9610866372980911 4.474137931034483 0.01908957415565345 0.25862068965517243
0 0.973568281938326 4.5 0.014684287812041116 0.20689655172413793
0 1.0 4.448275862068965 0.014684287812041116 0.20689655172413793
0 0.6541850220264317 4.5 0.013215859030837005 0.20689655172413793
0 0.5770925110132159 4.448275862068965 0.014684287812041116 0.20689655172413793
0 0.4911894273127753 4.474137931034483 0.010279001468428781 0.1206896551724138
0 0.3869309838472834 4.568965517241379 0.007342143906020558 0.10344827586206896
0 0.37958883994126286 4.793103448275862 0.016152716593245228 0.5517241379310345
0 0.37298091042584436 4.810344827586207 0.014684287812041116 0.4827586206896552
0 0.2775330396475771 4.568965517241379 0.011747430249632892 0.13793103448275862
0 0.2577092511013216 4.620689655172414 0.007342143906020558 0.10344827586206896
0 0.2474302496328928 4.508620689655173 0.007342143906020558 0.08620689655172414
0 0.2342143906020558 4.586206896551724 0.007342143906020558 0.10344827586206896
