0 0.08101571946795647 5.489473684210527 0.012091898428053204 0.11578947368421053
0 0.12454655380894801 5.442105263157894 0.014510278113663845 0.16842105263157894
0 0.15175332527206772 5.321052631578947 0.010882708585247884 0.09473684210526316
0 0.7672309552599759 5.526315789473684 0.008464328899637243 0.08421052631578947
0 0.7974607013301088 5.457894736842105 0.008464328899637243 0.07368421052631578
0 0.8222490931076178 5.5 0.014510278113663845 0.1368421052631579
0 0.8385731559854898 5.494736842105263 0.010882708585247884 0.10526315789473684
0 0.975211608222491 5.484210526315789 0.015719467956469165 0.16842105263157894
0 1.0042321644498187 5.426315789473684 0.013301088270858524 0.15789473684210525
0 0.028415961305925032 5.731578947368421 0.03506650544135429 0.5578947368421052
