0 0.030148786217697728 1.947635135135135 0.01644479248238058 0.08445945945945946
0 0.0653876272513704 1.910472972972973 0.014878621769772905 0.0777027027027027
0 0.10845732184808145 1.8885135135135136 0.03210649960845732 0.16216216216216217
0 0.16914643696162882 1.8074324324324325 0.036021926389976505 0.16891891891891891
0 0.2447141738449491 1.7347972972972974 0.03680501174628034 0.1858108108108108
0 0.3202819107282694 1.6891891891891893 0.04385277995301488 0.19594594594594594
0 0.3884103367267032 1.8513513513513513 0.02975724353954581 0.1554054054054054
0 0.46750195771339076 1.7939189189189189 0.03915426781519186 0.1891891891891892
0 0.4866875489428348 1.8074324324324325 0.03210649960845732 0.13513513513513514
0 0.5262333594361785 1.7804054054054055 0.02975724353954581 0.14189189189189189
0 0.5759592795614722 1.8327702702702702 0.03680501174628034 0.17229729729729729
0 0.60610806577917 1.7043918918918919 0.02975724353954581 0.16554054054054054
0 0.6977290524667189 1.7364864864864864 0.02662490211433046 0.16891891891891891
0 0.7208300704776821 1.7347972972972974 0.03210649960845732 0.17229729729729729
0 0.7509788566953798 1.7820945945945945 0.025058731401722788 0.11148648648648649
0 0.7725137039937353 1.8158783783783783 0.01957713390759593 0.09121621621621621
0 0.9831636648394675 1.7280405405405406 0.033672670321064996 0.15878378378378377
