0 0.9123376623376623 4.247572815533981 0.01948051948051948 0.14563106796116504
0 0.8863636363636364 4.063106796116505 0.016883116883116882 0.14563106796116504
0 0.8272727272727273 4.097087378640777 0.007792207792207792 0.05825242718446602
0 0.8181818181818182 4.106796116504855 0.012987012987012988 0.17475728155339806
0 0.7922077922077922 4.053398058252427 0.005194805194805195 0.04854368932038835
0 0.7967532467532468 4.111650485436893 0.011688311688311689 0.22330097087378642
0 0.785064935064935 4.087378640776699 0.006493506493506494 0.05825242718446602
0 0.7649350649350649 4.135922330097087 0.01038961038961039 0.05825242718446602
0 0.7467532467532467 4.189320388349515 0.012987012987012988 0.2815533980582524
0 0.7415584415584415 4.116504854368932 0.012987012987012988 0.2524271844660194
0 0.8175324675324676 4.344660194174757 0.032467532467532464 0.30097087378640774
0 0.7844155844155845 4.679611650485437 0.02077922077922078 0.17475728155339806
0 0.6688311688311688 4.368932038834951 0.046753246753246755 0.42718446601941745
0 0.7077922077922078 4.213592233009709 0.03116883116883117 0.2912621359223301
0 0.5844155844155844 4.169902912621359 0.033766233766233764 0.32038834951456313
0 0.6032467532467533 4.223300970873787 0.024675324675324677 0.1941747572815534
0 0.6292207792207792 4.339805825242719 0.02987012987012987 0.27184466019417475
0 0.5331168831168831 4.451456310679611 0.032467532467532464 0.30097087378640774
0 0.23376623376623376 4.165048543689321 0.06233766233766234 0.5048543689320388
0 0.30324675324675326 4.315533980582524 0.048051948051948054 0.4174757281553398
0 0.6902597402597402 4.427184466019417 0.032467532467532464 0.27184466019417475
