0 0.5135746606334841 0.5108303249097473 0.05279034690799397 0.1407942238267148
0 0.5897435897435898 0.5 0.042232277526395176 0.1263537906137184
0 0.7051282051282052 0.5613718411552346 0.03770739064856712 0.13357400722021662
0 0.755656108597285 0.4747292418772563 0.027149321266968326 0.07581227436823104
0 0.7745098039215687 0.37725631768953066 0.016591251885369532 0.039711191335740074
0 0.9230769230769231 0.5613718411552346 0.04524886877828054 0.10469314079422383
0 1.0135746606334841 0.41335740072202165 0.015082956259426848 0.039711191335740074
0 1.1515837104072397 0.4548736462093863 0.02262443438914027 0.07942238267148015
0 1.2058823529411764 0.44584837545126355 0.02262443438914027 0.061371841155234655
0 1.2187028657616892 0.4747292418772563 0.01809954751131222 0.05415162454873646
0 1.2631975867269984 0.4566787003610108 0.02865761689291101 0.06859205776173286
0 1.2526395173453997 0.3935018050541516 0.013574660633484163 0.036101083032490974
0 1.3197586726998491 0.44945848375451264 0.024132730015082957 0.061371841155234655
0 1.4773755656108598 0.4404332129963899 0.0196078431372549 0.05054151624548736
