0 0.24074074074074073 1.0 0.03313840155945419 0.14492753623188406
0 0.29142300194931775 1.0217391304347827 0.025341130604288498 0.11594202898550725
0 0.3888888888888889 0.9710144927536232 0.025341130604288498 0.13043478260869565
0 0.23976608187134502 1.5072463768115942 0.06627680311890838 0.2463768115942029
0 0.4395711500974659 1.4891304347826086 0.056530214424951264 0.21014492753623187
0 0.5964912280701754 1.2355072463768115 0.03508771929824561 0.13768115942028986
0 0.7124756335282652 1.2173913043478262 0.04093567251461988 0.13043478260869565
0 0.7056530214424951 1.2246376811594204 0.07407407407407407 0.43478260869565216
0 0.7631578947368421 1.0869565217391304 0.021442495126705652 0.07246376811594203
0 0.7943469785575049 1.0072463768115942 0.021442495126705652 0.08695652173913043
0 0.8499025341130604 1.0072463768115942 0.015594541910331383 0.057971014492753624
0 0.884990253411306 1.0217391304347827 0.01949317738791423 0.08695652173913043
0 0.8966861598440545 1.0108695652173914 0.011695906432748537 0.050724637681159424
0 0.9805068226120858 1.0144927536231885 0.011695906432748537 0.043478260869565216
0 1.0311890838206628 0.9891304347826086 0.023391812865497075 0.06521739130434782
0 1.0818713450292399 1.039855072463768 0.023391812865497075 0.07971014492753623
0 1.124756335282651 0.8659420289855072 0.02729044834307992 0.10869565217391304
0 1.0594541910331383 1.2246376811594204 0.04093567251461988 0.18840579710144928
0 1.0204678362573099 1.568840579710145 0.07212475633528265 0.2971014492753623
0 0.7690058479532164 1.539855072463768 0.0682261208576998 0.2391304347826087
