0 0.013871374527112233 0.325 0.03530895334174023 0.12142857142857143
0 0.029634300126103404 0.3535714285714286 0.02395964691046658 0.08571428571428572
0 0.07440100882723834 0.29642857142857143 0.03783102143757881 0.08571428571428572
0 0.09079445145018916 0.2857142857142857 0.027742749054224466 0.08571428571428572
0 0.12168978562421186 0.31607142857142856 0.02395964691046658 0.075
0 0.17150063051702397 0.31607142857142856 0.0201765447667087 0.060714285714285714
0 0.20365699873896595 0.3196428571428571 0.021437578814627996 0.06785714285714285
0 0.22761664564943254 0.30357142857142855 0.021437578814627996 0.06428571428571428
0 0.24401008827238335 0.2910714285714286 0.021437578814627996 0.06785714285714285
0 0.26544766708701134 0.3 0.01639344262295082 0.05714285714285714
0 0.2862547288776797 0.4125 0.03783102143757881 0.29642857142857143
0 0.28247162673392184 0.3053571428571429 0.012610340479192938 0.04642857142857143
0 0.3026481715006305 0.30892857142857144 0.015132408575031526 0.039285714285714285
0 0.3121059268600252 0.30357142857142855 0.011349306431273645 0.03571428571428571
0 0.33921815889029006 0.3 0.012610340479192938 0.03571428571428571
0 0.3600252206809584 0.2982142857142857 0.011349306431273645 0.03214285714285714
0 0.39092055485498106 0.30714285714285716 0.01008827238335435 0.03571428571428571
0 0.41992433795712486 0.3107142857142857 0.01008827238335435 0.02857142857142857
0 0.4300126103404792 0.2982142857142857 0.01008827238335435 0.03214285714285714
0 0.457124842370744 0.29285714285714287 0.011349306431273645 0.03571428571428571
0 0.4880201765447667 0.2982142857142857 0.012610340479192938 0.039285714285714285
0 0.5271122320302648 0.3 0.01008827238335435 0.03571428571428571
0 0.5466582597730139 0.3732142857142857 0.02395964691046658 0.18928571428571428
0 0.5567465321563683 0.30357142857142855 0.008827238335435058 0.02857142857142857
0 0.5775535939470365 0.30892857142857144 0.01008827238335435 0.03214285714285714
0 0.5939470365699874 0.36964285714285716 0.02269861286254729 0.16785714285714284
0 0.5996216897856242 0.38392857142857145 0.02648171500630517 0.18928571428571428
0 0.6122320302648171 0.30714285714285716 0.011349306431273645 0.03571428571428571
0 0.6261034047919294 0.31607142857142856 0.011349306431273645 0.039285714285714285
0 0.6368221941992434 0.29464285714285715 0.015132408575031526 0.04642857142857143
0 0.6525851197982345 0.30892857142857144 0.013871374527112233 0.04642857142857143
0 0.6784363177805801 0.3142857142857143 0.015132408575031526 0.05714285714285714
0 0.6967213114754098 0.3375 0.01639344262295082 0.05357142857142857
0 0.7257250945775536 0.32142857142857145 0.021437578814627996 0.05714285714285714
0 0.7736443883984867 0.33214285714285713 0.02648171500630517 0.08571428571428572
0 0.8013871374527112 0.33035714285714285 0.02395964691046658 0.08214285714285714
0 0.8266078184110971 0.33035714285714285 0.034047919293820936 0.10357142857142858
0 0.8978562421185372 0.33214285714285713 0.03026481715006305 0.11428571428571428
0 0.9180327868852459 0.3267857142857143 0.0403530895334174 0.11785714285714285
0 0.9596469104665826 0.3607142857142857 0.04287515762925599 0.1357142857142857
