0 0.0421455938697318 0.533175355450237 0.02490421455938697 0.07109004739336493
0 0.1010536398467433 0.5 0.033524904214559385 0.09004739336492891
0 0.1518199233716475 0.5082938388625592 0.022030651340996167 0.05924170616113744
0 0.18295019157088122 0.48933649289099523 0.022988505747126436 0.07345971563981042
0 0.1724137931034483 0.566350710900474 0.02681992337164751 0.07582938388625593
0 0.21120689655172414 0.5734597156398105 0.039272030651340994 0.11374407582938388
0 0.13840996168582376 0.6504739336492891 0.05651340996168582 0.13507109004739337
0 0.2557471264367816 0.6161137440758294 0.02681992337164751 0.08530805687203792
0 0.24952107279693486 0.5746445497630331 0.023946360153256706 0.07819905213270142
0 0.2720306513409962 0.5687203791469194 0.022988505747126436 0.06635071090047394
0 0.2753831417624521 0.5308056872037915 0.020114942528735632 0.061611374407582936
0 0.30699233716475094 0.4656398104265403 0.014367816091954023 0.04028436018957346
0 0.33477011494252873 0.5165876777251185 0.020114942528735632 0.061611374407582936
0 0.3472222222222222 0.5651658767772512 0.023946360153256706 0.07819905213270142
0 0.34674329501915707 0.6303317535545023 0.03065134099616858 0.0995260663507109
0 0.33381226053639845 0.6729857819905213 0.04118773946360153 0.12322274881516587
0 0.4238505747126437 0.5071090047393365 0.02586206896551724 0.08056872037914692
0 0.43582375478927204 0.5343601895734598 0.017241379310344827 0.05924170616113744
0 0.5 0.6078199052132701 0.028735632183908046 0.08767772511848342
0 0.48802681992337166 0.5687203791469194 0.022030651340996167 0.08056872037914692
0 0.5153256704980843 0.5687203791469194 0.019157088122605363 0.05687203791469194
0 0.4870689655172414 0.5651658767772512 0.02586206896551724 0.07819905213270142
0 0.5502873563218391 0.5817535545023697 0.022030651340996167 0.08767772511848342
0 0.5689655172413793 0.5770142180094787 0.02681992337164751 0.1018957345971564
0 0.5881226053639846 0.5497630331753555 0.017241379310344827 0.06635071090047394
0 0.6005747126436781 0.4940758293838863 0.0210727969348659 0.054502369668246446
0 0.6575670498084292 0.5367298578199052 0.023946360153256706 0.07345971563981042
0 0.6910919540229885 0.5390995260663507 0.020114942528735632 0.05924170616113744
0 0.6920498084291188 0.5687203791469194 0.027777777777777776 0.07582938388625593
0 0.6944444444444444 0.6255924170616114 0.028735632183908046 0.08530805687203792
0 0.6307471264367817 0.6066350710900474 0.04693486590038314 0.10900473933649289
0 0.735632183908046 0.6481042654028436 0.03065134099616858 0.08767772511848342
0 0.7380268199233716 0.5912322274881516 0.016283524904214558 0.054502369668246446
0 0.7576628352490421 0.6362559241706162 0.0210727969348659 0.06872037914691943
0 0.7978927203065134 0.6161137440758294 0.02681992337164751 0.08530805687203792
0 0.7753831417624522 0.5781990521327014 0.02586206896551724 0.07109004739336493
0 0.7547892720306514 0.5319905213270142 0.019157088122605363 0.054502369668246446
0 0.8496168582375478 0.6149289099526066 0.02681992337164751 0.07345971563981042
0 0.8553639846743295 0.5580568720379147 0.02681992337164751 0.06872037914691943
0 0.8970306513409961 0.6007109004739336 0.029693486590038315 0.08767772511848342
0 0.8975095785440613 0.7002369668246445 0.038314176245210725 0.12085308056872038
0 0.9051724137931034 0.6706161137440758 0.03065134099616858 0.07582938388625593
0 0.9276819923371648 0.6374407582938388 0.027777777777777776 0.06635071090047394
0 0.9166666666666666 0.5462085308056872 0.022988505747126436 0.06398104265402843
0 0.9626436781609196 0.5829383886255924 0.0210727969348659 0.05687203791469194
0 0.9918582375478927 0.6457345971563981 0.018199233716475097 0.04976303317535545
