0 0.9589887640449438 0.39107142857142857 0.08651685393258426 0.31785714285714284
0 0.6348314606741573 1.2089285714285714 0.011235955056179775 0.04642857142857143
0 0.5887640449438202 1.1178571428571429 0.01348314606741573 0.04285714285714286
0 0.42696629213483145 1.0464285714285715 0.008988764044943821 0.02857142857142857
0 0.4264044943820225 1.0946428571428573 0.007865168539325843 0.025
0 0.37359550561797755 0.9785714285714285 0.007865168539325843 0.02857142857142857
0 0.3831460674157303 0.9785714285714285 0.006741573033707865 0.02142857142857143
0 0.398876404494382 0.9035714285714286 0.0044943820224719105 0.014285714285714285
0 0.42191011235955056 0.9053571428571429 0.0033707865168539327 0.010714285714285714
0 0.4533707865168539 0.925 0.007865168539325843 0.07857142857142857
0 0.4623595505617977 0.9232142857142858 0.007865168539325843 0.075
0 0.45955056179775283 0.9464285714285714 0.006741573033707865 0.02142857142857143
0 0.46853932584269664 0.9392857142857143 0.0044943820224719105 0.014285714285714285
0 0.4904494382022472 0.9517857142857142 0.0056179775280898875 0.017857142857142856
0 0.5022471910112359 0.9428571428571428 0.0044943820224719105 0.014285714285714285
0 0.5056179775280899 0.9785714285714285 0.006741573033707865 0.02142857142857143
0 0.5269662921348315 0.9464285714285714 0.0044943820224719105 0.014285714285714285
0 0.55 0.9303571428571429 0.007865168539325843 0.025
0 0.5741573033707865 0.9767857142857143 0.008988764044943821 0.09642857142857143
0 0.5820224719101124 0.9517857142857142 0.0044943820224719105 0.017857142857142856
0 0.2573033707865168 0.9392857142857143 0.006741573033707865 0.02142857142857143
0 0.18876404494382024 0.9785714285714285 0.01348314606741573 0.10714285714285714
0 0.07359550561797752 0.9464285714285714 0.0056179775280898875 0.02142857142857143
0 0.0056179775280898875 0.9571428571428572 0.006741573033707865 0.02142857142857143
0 0.08258426966292134 0.9160714285714285 0.0056179775280898875 0.017857142857142856
