0 0.00810429880197322 1.7769230769230768 0.006342494714587738 0.038461538461538464
0 0.10711768851303735 1.8692307692307693 0.028188865398167725 0.18461538461538463
0 0.15644820295983086 1.7942307692307693 0.02959830866807611 0.20384615384615384
0 0.2618040873854827 1.8057692307692308 0.026074700493305146 0.17307692307692307
0 0.23537702607470048 2.0 0.012684989429175475 0.07692307692307693
0 0.1835799859055673 1.7961538461538462 0.009161381254404511 0.05384615384615385
0 0.09055673009161382 1.7365384615384616 0.02748414376321353 0.16538461538461538
0 0.11522198731501057 1.7769230769230768 0.0204369274136716 0.14615384615384616
0 0.33262861169837915 1.8596153846153847 0.018322762508809022 0.1346153846153846
0 0.35658914728682173 1.8442307692307693 0.023960535588442564 0.18076923076923077
0 0.41613812544045103 1.9211538461538462 0.030303030303030304 0.19615384615384615
0 0.5137420718816068 1.5423076923076924 0.042283298097251586 0.3
