0 -0.00430416068866571 0.8048275862068965 0.012434241989478718 0.04
0 0.0040650406504065045 0.7655172413793103 0.015781922525107604 0.0496551724137931
0 0.010999521759923482 0.5186206896551724 0.010521281683405069 0.038620689655172416
0 0.01984696317551411 0.5406896551724137 0.009086561453849833 0.027586206896551724
0 0.034194165471066476 0.5386206896551724 0.009086561453849833 0.031724137931034485
0 0.05428024868483979 0.5048275862068966 0.010043041606886656 0.030344827586206897
0 0.061453849832615974 0.5544827586206896 0.008130081300813009 0.022068965517241378
0 0.0703012912482066 0.5255172413793103 0.010521281683405069 0.030344827586206897
0 0.08608321377331421 0.5489655172413793 0.00860832137733142 0.03586206896551724
0 0.08943089430894309 0.5303448275862069 0.00860832137733142 0.028965517241379312
0 0.10114777618364419 0.5482758620689655 0.009086561453849833 0.023448275862068966
0 0.12003825920612148 0.5310344827586206 0.009564801530368245 0.030344827586206897
0 0.13629842180774748 0.5358620689655172 0.007651841224294596 0.02620689655172414
0 0.14036346245815398 0.5620689655172414 0.008130081300813009 0.028965517241379312
0 0.11908177905308465 0.5593103448275862 0.010521281683405069 0.031724137931034485
0 0.12769010043041606 0.5972413793103448 0.00860832137733142 0.027586206896551724
0 0.026781444285031087 0.6717241379310345 0.011477761836441894 0.03310344827586207
0 0.0389765662362506 0.6675862068965517 0.013868962219033954 0.04689655172413793
0 0.07317073170731707 0.636551724137931 0.018173122907699665 0.05103448275862069
0 0.10090865614538498 0.6386206896551724 0.016260162601626018 0.05517241379310345
0 0.11429937828790053 0.623448275862069 0.013390722142515544 0.041379310344827586
0 0.13127690100430417 0.6393103448275862 0.015781922525107604 0.04827586206896552
0 0.07340985174557628 0.7986206896551724 0.01673840267814443 0.057931034482758624
0 0.1288857006217121 0.8227586206896552 0.01673840267814443 0.05103448275862069
0 0.15494978479196556 0.7710344827586207 0.016260162601626018 0.05241379310344828
0 0.1597321855571497 0.6427586206896552 0.012434241989478718 0.041379310344827586
0 0.17431850789096126 0.5351724137931034 0.010043041606886656 0.03310344827586207
0 0.18818747010999523 0.5489655172413793 0.010043041606886656 0.03310344827586207
0 0.19655667144906744 0.5317241379310345 0.007651841224294596 0.023448275862068966
0 0.2116212338593974 0.5358620689655172 0.007173601147776184 0.020689655172413793
0 0.23218555714968914 0.546896551724138 0.006217120994739359 0.020689655172413793
0 0.23625059780009564 0.5441379310344827 0.00860832137733142 0.028965517241379312
0 0.24461979913916787 0.5510344827586207 0.007173601147776184 0.02620689655172414
0 0.25274988043998087 0.5358620689655172 0.008130081300813009 0.02620689655172414
0 0.2568149210903874 0.543448275862069 0.009564801530368245 0.027586206896551724
0 0.27140124342419897 0.5531034482758621 0.007173601147776184 0.02482758620689655
0 0.2809660449545672 0.5475862068965517 0.009086561453849833 0.03310344827586207
0 0.2879005260640842 0.5441379310344827 0.00860832137733142 0.023448275862068966
0 0.29770444763271164 0.5489655172413793 0.009086561453849833 0.02482758620689655
0 0.3153993304638929 0.5372413793103449 0.009086561453849833 0.02620689655172414
0 0.32639885222381637 0.5510344827586207 0.007173601147776184 0.023448275862068966
0 0.34337637494022 0.56 0.005738880918220947 0.022068965517241378
0 0.3452893352462936 0.5675862068965517 0.006695361071257772 0.023448275862068966
0 0.35604973696795794 0.56 0.009086561453849833 0.02482758620689655
0 0.3651362984218077 0.5896551724137931 0.009086561453849833 0.031724137931034485
0 0.37374461979913914 0.5551724137931034 0.007173601147776184 0.02620689655172414
0 0.38450502152080346 0.5544827586206896 0.007651841224294596 0.030344827586206897
0 0.4000478240076518 0.5482758620689655 0.009086561453849833 0.02620689655172414
0 0.4146341463414634 0.5586206896551724 0.00860832137733142 0.027586206896551724
0 0.43089430894308944 0.5531034482758621 0.00860832137733142 0.02482758620689655
0 0.4421329507412721 0.56 0.009086561453849833 0.03310344827586207
0 0.4571975131516021 0.5710344827586207 0.007651841224294596 0.030344827586206897
0 0.4748923959827834 0.5572413793103448 0.009564801530368245 0.03310344827586207
0 0.4935437589670014 0.5558620689655173 0.015303682448589193 0.060689655172413794
0 0.513868962219034 0.5517241379310345 0.006217120994739359 0.022068965517241378
0 0.5344332855093257 0.5696551724137932 0.007173601147776184 0.027586206896551724
0 0.5411286465805835 0.5496551724137931 0.006217120994739359 0.023448275862068966
0 0.5511716881874701 0.5427586206896552 0.009086561453849833 0.031724137931034485
0 0.5726924916307986 0.5606896551724138 0.009086561453849833 0.02620689655172414
0 0.5841702534672406 0.5531034482758621 0.0052606408417025345 0.019310344827586208
0 0.5887135341941655 0.5579310344827586 0.005738880918220947 0.01793103448275862
0 0.5975609756097561 0.5593103448275862 0.009086561453849833 0.031724137931034485
0 0.6071257771401244 0.5503448275862068 0.007173601147776184 0.022068965517241378
0 0.6133428981348638 0.5689655172413793 0.008130081300813009 0.02620689655172414
0 0.6272118603538976 0.5648275862068965 0.008130081300813009 0.031724137931034485
0 0.6217120994739359 0.5413793103448276 0.00860832137733142 0.028965517241379312
0 0.629842180774749 0.5213793103448275 0.005738880918220947 0.019310344827586208
0 0.6396461023433764 0.5406896551724137 0.008130081300813009 0.02482758620689655
0 0.655428024868484 0.5441379310344827 0.006217120994739359 0.02620689655172414
0 0.665949306551889 0.56 0.008130081300813009 0.02482758620689655
0 0.6774270683883309 0.5565517241379311 0.008130081300813009 0.02620689655172414
0 0.693687230989957 0.5324137931034483 0.006217120994739359 0.022068965517241378
0 0.6953610712577714 0.5510344827586207 0.006695361071257772 0.023448275862068966
0 0.7097082735533238 0.5448275862068965 0.005738880918220947 0.019310344827586208
0 0.7209469153515065 0.5579310344827586 0.006217120994739359 0.023448275862068966
0 0.7295552367288379 0.5958620689655172 0.006217120994739359 0.019310344827586208
0 0.7364897178383548 0.5379310344827586 0.006695361071257772 0.019310344827586208
0 0.7362505978000956 0.5558620689655173 0.006217120994739359 0.022068965517241378
0 0.7565758010521282 0.5420689655172414 0.007651841224294596 0.02482758620689655
0 0.7764227642276422 0.5848275862068966 0.008130081300813009 0.027586206896551724
0 0.7936394069823051 0.5537931034482758 0.006217120994739359 0.01793103448275862
0 0.8055954088952654 0.5462068965517242 0.006217120994739359 0.022068965517241378
0 0.8153993304638929 0.5586206896551724 0.005738880918220947 0.016551724137931035
0 0.8240076518412243 0.5517241379310345 0.006695361071257772 0.019310344827586208
0 0.875896700143472 0.5420689655172414 0.0052606408417025345 0.016551724137931035
0 0.8873744619799139 0.5517241379310345 0.003347680535628886 0.011034482758620689
0 0.8928742228598756 0.5448275862068965 0.004782400765184123 0.013793103448275862
0 0.907221425155428 0.5537931034482758 0.00860832137733142 0.023448275862068966
0 0.8895265423242468 0.5662068965517242 0.007651841224294596 0.023448275862068966
0 0.8699186991869918 0.6006896551724138 0.00860832137733142 0.031724137931034485
0 0.921090387374462 0.5579310344827586 0.003825920612147298 0.012413793103448275
0 0.9328072692491631 0.5193103448275862 0.008130081300813009 0.02620689655172414
0 0.9308943089430894 0.5496551724137931 0.009086561453849833 0.028965517241379312
0 0.9476327116212339 0.5641379310344827 0.003347680535628886 0.011034482758620689
0 0.9603060736489718 0.5689655172413793 0.007651841224294596 0.023448275862068966
0 0.9619799139167863 0.5565517241379311 0.008130081300813009 0.023448275862068966
0 0.9725011956001913 0.5482758620689655 0.009086561453849833 0.028965517241379312
0 0.9846963175514108 0.5524137931034483 0.009564801530368245 0.031724137931034485
0 0.9591104734576757 0.6172413793103448 0.010043041606886656 0.031724137931034485
0 0.9531324725011956 0.6537931034482759 0.02391200382592061 0.12413793103448276
0 0.9275466284074605 0.6075862068965517 0.010999521759923482 0.037241379310344824
0 0.9177427068388331 0.6255172413793103 0.012434241989478718 0.04
0 0.9069823051171688 0.6344827586206897 0.01482544237207078 0.04689655172413793
0 0.9624581539933046 0.6993103448275862 0.024390243902439025 0.06896551724137931
0 0.9406982305117169 0.6834482758620689 0.01721664275466284 0.0703448275862069
0 0.9065040650406504 0.7027586206896552 0.020564323290291727 0.0703448275862069
0 0.884026781444285 0.6951724137931035 0.020564323290291727 0.06344827586206897
0 0.8414634146341463 0.6910344827586207 0.020564323290291727 0.06344827586206897
0 0.8754184600669536 0.636551724137931 0.01673840267814443 0.05103448275862069
0 0.8522238163558106 0.5993103448275862 0.009564801530368245 0.028965517241379312
0 0.8455284552845529 0.5917241379310345 0.006695361071257772 0.02482758620689655
0 0.8512673362027738 0.6324137931034483 0.014347202295552367 0.04827586206896552
0 0.8287900526064084 0.6062068965517241 0.007651841224294596 0.028965517241379312
0 0.8321377331420373 0.6413793103448275 0.015303682448589193 0.057931034482758624
0 0.8149210903873745 0.6227586206896552 0.011477761836441894 0.04
0 0.8017694882831181 0.6379310344827587 0.01291248206599713 0.04
0 0.8015303682448589 0.6358620689655172 0.012434241989478718 0.03586206896551724
0 0.7855093256814921 0.6482758620689655 0.013868962219033954 0.044137931034482755
0 0.7718794835007173 0.6268965517241379 0.014347202295552367 0.04551724137931035
0 0.7694882831181253 0.6710344827586207 0.015303682448589193 0.05103448275862069
0 0.7984218077474893 0.6931034482758621 0.01482544237207078 0.05379310344827586
0 0.7489239598278336 0.6510344827586206 0.015303682448589193 0.05241379310344828
0 0.7254901960784313 0.6496551724137931 0.015303682448589193 0.0496551724137931
0 0.7185557149689143 0.6296551724137931 0.010999521759923482 0.04
0 0.7085126733620277 0.6296551724137931 0.010999521759923482 0.037241379310344824
0 0.7309899569583931 0.6855172413793104 0.020564323290291727 0.057931034482758624
0 0.7063605930176949 0.7062068965517241 0.020086083213773313 0.06896551724137931
0 0.681013868962219 0.6724137931034483 0.016260162601626018 0.05103448275862069
0 0.6697752271640364 0.7124137931034483 0.015781922525107604 0.05103448275862069
0 0.6516021042563367 0.6496551724137931 0.011956001912960305 0.044137931034482755
0 0.6444285031085605 0.613103448275862 0.008130081300813009 0.02620689655172414
0 0.6556671449067432 0.6117241379310345 0.009564801530368245 0.034482758620689655
0 0.6138211382113821 0.6558620689655172 0.018651362984218076 0.05379310344827586
0 0.5985174557627929 0.6689655172413793 0.01673840267814443 0.057931034482758624
0 0.5846484935437589 0.6206896551724138 0.011956001912960305 0.03310344827586207
0 0.5604973696795792 0.6531034482758621 0.015303682448589193 0.04551724137931035
0 0.5559540889526542 0.6324137931034483 0.010999521759923482 0.034482758620689655
0 0.533715925394548 0.6158620689655172 0.010521281683405069 0.04
0 0.5246293639406983 0.6220689655172413 0.011477761836441894 0.041379310344827586
0 0.5145863223338115 0.6675862068965517 0.014347202295552367 0.05241379310344828
0 0.5418460066953611 0.6731034482758621 0.016260162601626018 0.0496551724137931
0 0.6296030607364898 0.7020689655172414 0.020564323290291727 0.07172413793103448
0 0.5846484935437589 0.6910344827586207 0.0196078431372549 0.07724137931034483
0 0.5447154471544715 0.6979310344827586 0.021042563366810138 0.06620689655172414
0 0.5078909612625538 0.6896551724137931 0.01721664275466284 0.057931034482758624
0 0.46987087517934 0.64 0.015781922525107604 0.06620689655172414
0 0.46269727403156385 0.6613793103448276 0.01673840267814443 0.04827586206896552
0 0.43591582974653276 0.6144827586206897 0.01291248206599713 0.04
0 0.4383070301291248 0.6641379310344827 0.017694882831181254 0.06482758620689655
0 0.40913438546150166 0.6537931034482759 0.013868962219033954 0.041379310344827586
0 0.3916786226685796 0.6331034482758621 0.014347202295552367 0.04689655172413793
0 0.38043998087039693 0.6317241379310344 0.011956001912960305 0.041379310344827586
0 0.36226685796269725 0.6386206896551724 0.013868962219033954 0.05517241379310345
0 0.32735533237685316 0.6241379310344828 0.013868962219033954 0.04
0 0.3402678144428503 0.6393103448275862 0.013868962219033954 0.04551724137931035
0 0.3048780487804878 0.6358620689655172 0.015781922525107604 0.05517241379310345
0 0.28431372549019607 0.6227586206896552 0.015781922525107604 0.05103448275862069
0 0.2867049258727881 0.6620689655172414 0.015781922525107604 0.05241379310344828
0 0.2577714012434242 0.6517241379310345 0.016260162601626018 0.05379310344827586
0 0.24079387852702056 0.6213793103448276 0.011956001912960305 0.037241379310344824
0 0.21664275466284075 0.6489655172413793 0.015303682448589193 0.05103448275862069
0 0.18938307030129126 0.6462068965517241 0.015303682448589193 0.04
0 0.15901482544237208 0.64 0.01291248206599713 0.04689655172413793
0 0.13103778096604496 0.6427586206896552 0.015303682448589193 0.0496551724137931
0 0.07149689143950264 0.6379310344827587 0.015781922525107604 0.04827586206896552
0 0.03873744619799139 0.6675862068965517 0.013390722142515544 0.044137931034482755
0 0.026303204208512673 0.6717241379310345 0.010521281683405069 0.03310344827586207
0 0.1917742706838833 0.7827586206896552 0.016260162601626018 0.05103448275862069
0 0.19392635102821618 0.8241379310344827 0.018651362984218076 0.05655172413793103
0 0.2257293161166906 0.8020689655172414 0.01912960306073649 0.06206896551724138
0 0.24485891917742708 0.7958620689655173 0.016260162601626018 0.05517241379310345
0 0.2814442850310856 0.7758620689655172 0.015781922525107604 0.05931034482758621
0 0.5671927307508369 1.2151724137931035 0.030607364897178385 0.11310344827586206
0 0.5803443328550932 1.159310344827586 0.04351984696317551 0.15586206896551724
0 0.7482065997130559 1.389655172413793 0.06838833094213295 0.2
0 0.7001434720229556 1.3275862068965518 0.05164992826398852 0.1889655172413793
0 0.7120994739359159 1.0303448275862068 0.04878048780487805 0.1296551724137931
0 0.6590148254423721 1.1317241379310345 0.040172166427546625 0.1310344827586207
