0 0.0193596425912137 0.12811791383219956 0.04616530156366344 0.08163265306122448
0 0.11094564408041697 0.07653061224489796 0.04169769173492182 0.06689342403628118
0 0.13067758749069247 0.17743764172335602 0.027550260610573342 0.060090702947845805
0 0.16455696202531644 0.16950113378684808 0.03127326880119136 0.060090702947845805
0 0.22710349962769918 0.11054421768707483 0.040208488458674606 0.07369614512471655
0 0.2702903946388682 0.11281179138321995 0.029784065524944156 0.05555555555555555
0 0.2702903946388682 0.1116780045351474 0.028294862248696945 0.05782312925170068
0 0.27661950856291884 0.4410430839002268 0.0573343261355175 0.10430839002267574
0 0.47356664184661207 0.1626984126984127 0.05658972449739389 0.12585034013605442
0 0.6001489203276247 0.376984126984127 0.06105733432613552 0.1235827664399093
0 0.3901712583767684 0.1746031746031746 0.05956813104988831 0.12018140589569161
0 0.35033507073715564 0.1989795918367347 0.05286671630677588 0.10090702947845805
0 0.577066269545793 0.2046485260770975 0.049143708116157855 0.0963718820861678
0 0.676842889054356 0.22675736961451248 0.04318689501116903 0.08843537414965986
0 0.7241250930752048 0.18594104308390022 0.05137751303052867 0.08163265306122448
0 0.7434847356664185 0.20748299319727892 0.04690990320178704 0.09070294784580499
0 0.9504839910647803 -0.10034013605442177 0.09158600148920328 0.1326530612244898
