0 0.959395656279509 1.1977528089887641 0.047214353163361665 0.14831460674157304
0 0.7299338999055713 1.2146067415730337 0.039660056657223795 0.11910112359550562
0 0.6043437204910292 1.1797752808988764 0.05288007554296506 0.15280898876404495
0 0.4003777148253069 1.101123595505618 0.056657223796033995 0.14831460674157304
0 0.449480642115203 1.048314606741573 0.047214353163361665 0.14157303370786517
0 0.5146364494806421 1.043820224719101 0.04343720491029273 0.10112359550561797
0 0.5774315391879131 1.1662921348314608 0.033050047214353166 0.11235955056179775
0 0.6855524079320113 1.1775280898876404 0.049102927289896126 0.12134831460674157
0 0.7747875354107648 1.2134831460674158 0.04060434372049103 0.12134831460674157
0 0.8800755429650614 1.1303370786516853 0.03777148253068933 0.09887640449438202
0 0.9386213408876298 1.1269662921348316 0.03777148253068933 0.09213483146067415
0 0.8498583569405099 1.002247191011236 0.03777148253068933 0.07640449438202247
0 0.9008498583569405 0.9808988764044944 0.02077431539187913 0.0696629213483146
0 0.8040604343720491 0.9955056179775281 0.03871576959395656 0.09438202247191012
0 0.7842304060434372 1.095505617977528 0.033050047214353166 0.07415730337078652
0 0.732766761095373 0.9786516853932584 0.0226628895184136 0.056179775280898875
0 0.8139754485363551 0.9011235955056179 0.018885741265344664 0.05393258426966292
0 0.6742209631728046 0.9921348314606742 0.02077431539187913 0.04719101123595506
0 0.6246458923512748 0.9483146067415731 0.021718602455146365 0.04943820224719101
0 0.6728045325779037 0.9539325842696629 0.01794145420207743 0.051685393258426963
0 0.6388101983002833 0.9449438202247191 0.014164305949008499 0.04269662921348315
0 0.6199244570349386 1.0853932584269663 0.04627006610009443 0.11685393258426967
0 0.5802644003777149 0.9516853932584269 0.023607176581680833 0.056179775280898875
0 0.4990557129367328 0.9887640449438202 0.021718602455146365 0.04943820224719101
0 0.4466477809254013 0.9 0.0169971671388102 0.038202247191011236
0 0.4754485363550519 0.9449438202247191 0.012275731822474031 0.029213483146067417
0 0.49244570349386213 0.9202247191011236 0.014164305949008499 0.038202247191011236
0 0.5188857412653447 0.902247191011236 0.012275731822474031 0.033707865168539325
0 0.3635505193578848 1.0629213483146067 0.030217186024551465 0.09438202247191012
0 0.4263456090651558 0.9730337078651685 0.025495750708215296 0.06292134831460675
0 0.4447592067988669 0.9685393258426966 0.039660056657223795 0.0898876404494382
0 0.2898961284230406 1.0303370786516854 0.03210576015108593 0.09662921348314607
0 0.1935788479697828 1.0123595505617977 0.03210576015108593 0.09213483146067415
0 0.12653446647780925 1.0044943820224719 0.03210576015108593 0.09438202247191012
0 0.08451369216241737 0.9887640449438202 0.031161473087818695 0.09887640449438202
0 -0.0009442870632672333 0.996629213483146 0.03210576015108593 0.1146067415730337
0 0.015108593012275733 0.950561797752809 0.024551463644948063 0.07191011235955057
0 0.0906515580736544 0.9370786516853933 0.028328611898016998 0.08089887640449438
0 0.12370160528800755 0.8887640449438202 0.015108593012275733 0.038202247191011236
0 0.1109537299338999 0.8853932584269663 0.016052880075542966 0.04943820224719101
0 0.06373937677053824 0.848314606741573 0.014164305949008499 0.033707865168539325
0 0.20821529745042494 0.9134831460674158 0.021718602455146365 0.060674157303370786
0 0.18838526912181303 0.8764044943820225 0.019830028328611898 0.04943820224719101
0 0.2577903682719547 0.9337078651685393 0.0226628895184136 0.056179775280898875
0 0.28517469310670446 0.9247191011235955 0.015108593012275733 0.04269662921348315
0 0.24929178470254956 0.8797752808988764 0.0169971671388102 0.04269662921348315
0 0.37063267233238906 0.9101123595505618 0.014164305949008499 0.04044943820224719
0 0.39943342776203966 0.898876404494382 0.013220018885741265 0.035955056179775284
0 0.34419263456090654 0.9067415730337078 0.012275731822474031 0.029213483146067417
0 0.38196411709159583 0.8449438202247191 0.0084985835694051 0.02247191011235955
0 0.14872521246458922 0.8325842696629213 0.0084985835694051 0.024719101123595506
0 0.147780925401322 0.8820224719101124 0.016052880075542966 0.04269662921348315
0 0.176109537299339 0.8853932584269663 0.012275731822474031 0.04044943820224719
0 0.20868744098205855 0.9134831460674158 0.02077431539187913 0.060674157303370786
0 0.6052880075542965 0.9247191011235955 0.015108593012275733 0.04719101123595506
0 0.32200188857412654 1.3370786516853932 0.024551463644948063 0.06292134831460675
0 0.29178470254957506 0.9 0.0169971671388102 0.04719101123595506
0 0.07176581680830972 0.902247191011236 0.013220018885741265 0.038202247191011236
