0 0.3244005641748942 12.022222222222222 0.022566995768688293 0.4
0 0.41960507757404797 12.033333333333333 0.018335684062059238 0.28888888888888886
0 0.5345557122708039 12.033333333333333 0.01692524682651622 0.3333333333333333
0 0.6784203102961918 11.722222222222221 0.014104372355430184 0.24444444444444444
0 0.7073342736248237 11.833333333333334 0.015514809590973202 0.28888888888888886
0 0.7806770098730607 11.78888888888889 0.018335684062059238 0.28888888888888886
0 0.8138222849083215 11.977777777777778 0.01692524682651622 0.26666666666666666
0 0.8081805359661495 11.811111111111112 0.014104372355430184 0.28888888888888886
0 0.9033850493653033 11.6 0.018335684062059238 0.35555555555555557
0 0.9619181946403385 11.866666666666667 0.019746121297602257 0.3111111111111111
0 1.2997179125528915 11.333333333333334 0.009873060648801129 0.17777777777777778
