0 0.056576502168077636 1.8000700280112045 0.02023539128639273 0.0861344537815126
0 0.0881684906049969 1.95203081232493 0.03221143919058435 0.12955182072829133
0 0.07619244270080529 1.773109243697479 0.012389015073301672 0.04481792717086835
0 0.18377039025397482 1.9523809523809523 0.03097253768325418 0.12324929971988796
0 0.18180879620070203 1.727591036414566 0.00970472847408631 0.037815126050420166
0 0.21371051001445385 1.6544117647058822 0.006607474705760892 0.02030812324929972
0 0.22217633698121 1.6782212885154062 0.0045426388602106136 0.01610644257703081
0 0.22382820565765021 1.7223389355742298 0.01362791658063184 0.05672268907563025
0 0.24065661779888498 1.7170868347338935 0.012182531488746646 0.0546218487394958
0 0.24695436712781335 1.7857142857142858 0.011150113565971505 0.04481792717086835
0 0.2659508569068759 1.7892156862745099 0.014866818087962008 0.05742296918767507
0 0.2652281643609333 1.7111344537815125 0.011356597150526533 0.04411764705882353
0 0.29145157959942186 1.7286414565826331 0.01466033450340698 0.05672268907563025
0 0.26718975841420606 1.6334033613445378 0.006194507536650836 0.025910364145658265
0 0.3014660334503407 1.6442577030812324 0.007433409043981004 0.028011204481792718
0 0.355564732603758 1.6197478991596639 0.003303737352880446 0.015406162464985995
0 0.3162296097460252 1.671218487394958 0.00681395829031592 0.03011204481792717
0 0.3295478009498245 1.6775210084033614 0.005781540367540781 0.025910364145658265
0 0.3480280817674995 1.6407563025210083 0.007226925459425976 0.025210084033613446
0 0.36547594466239935 1.6558123249299719 0.007020441874870948 0.025910364145658265
0 0.3185009291761305 1.9278711484593838 0.027875283914928762 0.1092436974789916
0 0.3733223208754904 1.8679971988795518 0.028494734668593848 0.09593837535014006
0 0.37063803427627506 1.7142857142857142 0.01073714639686145 0.04061624649859944
0 0.3930415032004956 1.7888655462184875 0.013421432996076812 0.06932773109243698
0 0.38684699566384473 1.6799719887955182 0.008465826966756143 0.036414565826330535
0 0.4237043155069172 1.6586134453781514 0.007020441874870948 0.024509803921568627
0 0.46417509807970264 1.6561624649859943 0.006194507536650836 0.0196078431372549
0 0.4392938261408218 1.755952380952381 0.019202973363617593 0.08053221288515407
0 0.41585793929382614 1.9264705882352942 0.023952095808383235 0.10504201680672269
0 0.4934957670865166 1.8550420168067228 0.02023539128639273 0.08123249299719888
0 0.5389221556886228 1.7955182072829132 0.02023539128639273 0.09663865546218488
0 0.5738178814784225 1.9107142857142858 0.031798472021474296 0.12394957983193278
0 0.4007846376213091 1.6624649859943978 0.006607474705760892 0.03081232492997199
0 0.3732190790832129 1.5812324929971988 0.003510220937435474 0.014005602240896359
0 0.48110675201321496 1.6670168067226891 0.005368573198430725 0.021708683473389355
0 0.496593020854842 1.669467787114846 0.007846376213091059 0.02661064425770308
0 0.5133181912037993 1.6645658263305323 0.007433409043981004 0.03081232492997199
0 0.5025810448069379 1.7156862745098038 0.009085277720421227 0.03361344537815126
0 0.4637621309105926 1.737044817927171 0.012389015073301672 0.0469187675070028
0 0.44476564113153005 1.6880252100840336 0.007020441874870948 0.031512605042016806
0 0.4370225067107165 1.640406162464986 0.006400991121205864 0.0273109243697479
0 0.5641131530043362 1.6719187675070029 0.013214949411521784 0.05392156862745098
0 0.6049969027462316 1.7843137254901962 0.02230022713194301 0.08543417366946779
0 0.6205864133801363 1.675420168067227 0.01466033450340698 0.052521008403361345
0 0.6275036134627298 1.7331932773109244 0.014040883749741896 0.06302521008403361
0 0.6438158166425769 1.8704481792717087 0.019822424117282675 0.07983193277310924
0 0.6601280198224241 1.9635854341736694 0.0392318810654553 0.1568627450980392
0 0.6767499483791038 1.8441876750700281 0.03283088994424943 0.11834733893557423
0 0.7481932686351435 1.8778011204481793 0.05637001858352261 0.20378151260504201
0 1.0270493495767086 1.7510504201680672 0.014866818087962008 0.06092436974789916
0 0.989159611810861 1.7415966386554622 0.01548626884162709 0.06582633053221289
0 0.9575676233739417 1.8088235294117647 0.02333264505471815 0.09523809523809523
0 0.9587032830889944 1.7317927170868348 0.01940945694817262 0.07142857142857142
0 0.8882923807557299 1.8140756302521008 0.029733636175924016 0.10014005602240897
0 0.8984100763989263 1.718487394957983 0.01940945694817262 0.0896358543417367
0 0.8423497831922362 1.7972689075630253 0.01466033450340698 0.05672268907563025
0 0.8024984513731158 1.7177871148459383 0.0163122031798472 0.06022408963585434
0 0.7792690481106752 1.6799719887955182 0.014866818087962008 0.058823529411764705
0 0.848131323559777 1.729341736694678 0.01548626884162709 0.04831932773109244
0 0.940326244063597 1.7300420168067228 0.009911212058641337 0.03431372549019608
0 0.9780094982448896 1.69187675070028 0.007226925459425976 0.023809523809523808
0 1.0113565971505265 1.7044817927170868 0.008672310551311171 0.029411764705882353
0 0.9953541193475118 1.711484593837535 0.013008465826966756 0.05742296918767507
0 0.9220524468304769 1.6782212885154062 0.005988023952095809 0.023109243697478993
0 0.5177575882717323 1.7321428571428572 0.013421432996076812 0.05392156862745098
0 0.5478009498244889 1.7538515406162465 0.018170555440842454 0.07773109243697479
0 0.48998554614908113 1.7069327731092436 0.01362791658063184 0.04551820728291316
0 0.4185422258930415 1.7668067226890756 0.011976047904191617 0.047619047619047616
0 0.3673342969233946 1.6817226890756303 0.007020441874870948 0.031512605042016806
0 0.33956225480074337 1.6663165266106443 0.008052859797646087 0.028711484593837534
0 0.318604170968408 1.6460084033613445 0.005781540367540781 0.02030812324929972
0 0.19295890976667354 1.738795518207283 0.008052859797646087 0.0350140056022409
0 0.3340904398100351 1.7069327731092436 0.008259343382201115 0.03711484593837535
0 0.3204625232294033 1.7226890756302522 0.007433409043981004 0.03361344537815126
0 0.2913483378071443 1.6719187675070029 0.007020441874870948 0.03011204481792717
