0 1.7262295081967214 5.178947368421053 0.04262295081967213 0.18947368421052632
0 1.5327868852459017 5.4526315789473685 0.036065573770491806 0.14736842105263157
0 1.3655737704918032 5.589473684210526 0.04262295081967213 0.12631578947368421
0 1.2836065573770492 5.484210526315789 0.036065573770491806 0.12631578947368421
0 1.1459016393442623 5.38421052631579 0.036065573770491806 0.1368421052631579
0 1.1737704918032787 5.321052631578947 0.03278688524590164 0.11578947368421053
0 1.2377049180327868 5.336842105263158 0.04262295081967213 0.14736842105263157
0 1.4147540983606557 5.347368421052631 0.036065573770491806 0.12631578947368421
0 1.5655737704918034 5.28421052631579 0.036065573770491806 0.10526315789473684
0 1.5885245901639344 5.2894736842105265 0.029508196721311476 0.11578947368421053
0 1.0147540983606558 5.589473684210526 0.029508196721311476 0.10526315789473684
0 0.9901639344262295 5.621052631578947 0.02622950819672131 0.08421052631578947
0 0.8918032786885246 5.431578947368421 0.02622950819672131 0.08421052631578947
0 0.7622950819672131 5.405263157894737 0.029508196721311476 0.09473684210526316
0 1.4147540983606557 5.347368421052631 0.036065573770491806 0.12631578947368421
0 1.4426229508196722 5.363157894736842 0.03278688524590164 0.15789473684210525
0 1.5262295081967212 5.310526315789474 0.04262295081967213 0.15789473684210525
0 1.4327868852459016 5.257894736842105 0.03278688524590164 0.11578947368421053
0 1.3131147540983608 5.3 0.036065573770491806 0.1368421052631579
0 1.2163934426229508 5.2894736842105265 0.03278688524590164 0.09473684210526316
