0 0.4112388250319285 0.36904761904761907 0.007662835249042145 0.011904761904761904
0 0.5108556832694764 0.4226190476190476 0.01277139208173691 0.023809523809523808
0 0.5830140485312899 0.43452380952380953 0.0140485312899106 0.027777777777777776
0 0.5434227330779055 0.42658730158730157 0.0140485312899106 0.023809523809523808
0 0.6060025542784163 0.45535714285714285 0.0140485312899106 0.025793650793650792
0 0.6194125159642401 0.43253968253968256 0.01532567049808429 0.027777777777777776
0 0.640485312899106 0.4523809523809524 0.0140485312899106 0.027777777777777776
0 0.6813537675606641 0.4365079365079365 0.0140485312899106 0.023809523809523808
0 0.6673052362707536 0.439484126984127 0.0140485312899106 0.025793650793650792
0 0.657088122605364 0.5208333333333334 0.019157088122605363 0.03373015873015873
0 0.611749680715198 0.5228174603174603 0.020434227330779056 0.0496031746031746
0 0.6251596424010217 0.5287698412698413 0.019157088122605363 0.037698412698412696
0 0.5421455938697318 0.47619047619047616 0.016602809706257982 0.031746031746031744
0 0.5044699872286079 0.4603174603174603 0.017879948914431672 0.027777777777777776
0 0.4763729246487867 0.5238095238095238 0.020434227330779056 0.031746031746031744
0 0.5383141762452107 0.5337301587301587 0.016602809706257982 0.03571428571428571
0 0.5689655172413793 0.5466269841269841 0.021711366538952746 0.037698412698412696
0 0.5357598978288634 0.5674603174603174 0.024265644955300127 0.04365079365079365
0 0.6379310344827587 0.6011904761904762 0.02937420178799489 0.05555555555555555
0 0.598978288633461 0.6557539682539683 0.03065134099616858 0.057539682539682536
0 0.5408684546615581 0.621031746031746 0.024265644955300127 0.051587301587301584
0 0.5574712643678161 0.6140873015873016 0.021711366538952746 0.041666666666666664
0 0.4003831417624521 0.5724206349206349 0.024265644955300127 0.041666666666666664
0 0.4897828863346105 0.6478174603174603 0.031928480204342274 0.061507936507936505
0 0.36973180076628354 0.7876984126984127 0.034482758620689655 0.06746031746031746
0 0.2260536398467433 0.8263888888888888 0.04597701149425287 0.09325396825396826
0 0.3997445721583653 0.8263888888888888 0.04342273307790549 0.07738095238095238
0 0.42656449553001274 0.7311507936507936 0.04597701149425287 0.07341269841269842
0 0.5434227330779055 0.7093253968253969 0.034482758620689655 0.08531746031746032
0 0.5466155810983397 0.7123015873015873 0.04086845466155811 0.0873015873015873
0 1.1826309067688379 0.7648809523809523 0.04086845466155811 0.09325396825396826
0 1.1091954022988506 0.7371031746031746 0.03959131545338442 0.057539682539682536
0 1.1098339719029373 0.7956349206349206 0.04597701149425287 0.08333333333333333
0 1.066411238825032 0.7956349206349206 0.03065134099616858 0.05555555555555555
0 0.8901660280970626 0.5396825396825397 0.022988505747126436 0.03968253968253968
0 0.8326947637292464 0.6160714285714286 0.03065134099616858 0.057539682539682536
0 0.7056194125159643 0.7470238095238095 0.0421455938697318 0.06944444444444445
0 0.7037037037037037 0.7807539682539683 0.04342273307790549 0.08531746031746032
0 0.5759897828863346 0.7509920634920635 0.04853128991060025 0.09722222222222222
0 0.8524904214559387 0.7470238095238095 0.04725415070242656 0.07738095238095238
0 0.9303959131545338 0.7748015873015873 0.034482758620689655 0.08134920634920635
0 0.9846743295019157 0.7658730158730159 0.04853128991060025 0.0873015873015873
0 0.9757343550446999 0.7589285714285714 0.04597701149425287 0.09325396825396826
