0 1.3088842975206612 1.0069767441860464 0.01859504132231405 0.02635658914728682
0 1.2887396694214877 0.9945736434108527 0.01756198347107438 0.02635658914728682
0 1.2572314049586777 0.9837209302325581 0.030991735537190084 0.04496124031007752
0 1.1962809917355373 0.9906976744186047 0.012396694214876033 0.018604651162790697
0 1.1296487603305785 0.9806201550387597 0.013429752066115703 0.020155038759689922
0 1.1162190082644627 0.9744186046511628 0.015495867768595042 0.02635658914728682
0 1.06301652892562 0.9837209302325581 0.012396694214876033 0.017054263565891473
0 1.0893595041322315 0.993798449612403 0.011363636363636364 0.015503875968992248
0 1.0113636363636365 0.9674418604651163 0.024793388429752067 0.037209302325581395
0 0.9726239669421488 0.9635658914728682 0.025826446280991736 0.04496124031007752
0 0.8915289256198347 0.9325581395348838 0.045454545454545456 0.06976744186046512
0 0.8414256198347108 0.9286821705426357 0.027892561983471075 0.046511627906976744
0 0.8073347107438017 0.9503875968992248 0.03202479338842975 0.04961240310077519
0 0.8037190082644629 0.9643410852713178 0.030991735537190084 0.05271317829457364
0 0.7753099173553719 0.9395348837209302 0.01962809917355372 0.034108527131782945
0 0.7603305785123967 0.9387596899224806 0.014462809917355372 0.023255813953488372
0 0.743801652892562 0.9472868217054263 0.012396694214876033 0.021705426356589147
0 0.7148760330578512 0.9961240310077519 0.05165289256198347 0.07906976744186046
0 0.4385330578512397 0.9449612403100776 0.03202479338842975 0.06046511627906977
0 0.3672520661157025 0.958139534883721 0.040289256198347105 0.05581395348837209
0 0.3982438016528926 0.9325581395348838 0.015495867768595042 0.02635658914728682
0 0.46229338842975204 0.9356589147286821 0.013429752066115703 0.023255813953488372
0 0.5046487603305785 0.9410852713178295 0.013429752066115703 0.021705426356589147
0 0.5129132231404959 0.92015503875969 0.013429752066115703 0.023255813953488372
0 0.5237603305785123 0.9263565891472868 0.010330578512396695 0.020155038759689922
0 0.47365702479338845 0.937984496124031 0.011363636363636364 0.021705426356589147
0 0.47520661157024796 0.937984496124031 0.010330578512396695 0.018604651162790697
