0 0.08713692946058091 2.253968253968254 0.016597510373443983 0.031746031746031744
0 0.13900414937759337 2.253968253968254 0.02074688796680498 0.03968253968253968
0 0.17531120331950206 2.263888888888889 0.01867219917012448 0.027777777777777776
0 0.21887966804979253 2.2797619047619047 0.01867219917012448 0.03571428571428571
0 0.3029045643153527 2.2003968253968256 0.024896265560165973 0.04365079365079365
0 0.3599585062240664 2.2797619047619047 0.014522821576763486 0.027777777777777776
0 0.39730290456431533 2.257936507936508 0.01867219917012448 0.03968253968253968
0 0.43257261410788383 2.2936507936507935 0.01037344398340249 0.023809523809523808
0 0.4491701244813278 2.3115079365079363 0.01037344398340249 0.01984126984126984
0 0.5051867219917012 2.1547619047619047 0.026970954356846474 0.06349206349206349
0 0.558091286307054 2.128968253968254 0.03319502074688797 0.05952380952380952
0 0.6068464730290456 2.3075396825396823 0.01037344398340249 0.01984126984126984
0 0.6483402489626556 2.2698412698412698 0.014522821576763486 0.031746031746031744
0 0.7178423236514523 2.3134920634920637 0.008298755186721992 0.015873015873015872
0 0.7873443983402489 2.3194444444444446 0.01037344398340249 0.01984126984126984
0 0.8246887966804979 2.3015873015873014 0.01037344398340249 0.023809523809523808
0 0.8682572614107884 2.1507936507936507 0.026970954356846474 0.047619047619047616
0 0.91701244813278 2.2857142857142856 0.012448132780082987 0.023809523809523808
0 0.9346473029045643 2.3035714285714284 0.014522821576763486 0.027777777777777776
0 0.9564315352697096 2.2777777777777777 0.012448132780082987 0.023809523809523808
0 0.9719917012448133 2.2738095238095237 0.014522821576763486 0.031746031746031744
0 0.9906639004149378 2.2956349206349205 0.01037344398340249 0.01984126984126984
0 1.0643153526970954 2.126984126984127 0.029045643153526972 0.06349206349206349
0 1.045643153526971 2.2857142857142856 0.058091286307053944 1.0
0 0.7593360995850622 2.357142857142857 0.016597510373443983 0.07936507936507936
0 0.37655601659751037 2.373015873015873 0.022821576763485476 0.1746031746031746
