0 0.01650485436893204 0.7417582417582418 0.03300970873786408 0.0945054945054945
0 0.05776699029126214 0.6945054945054945 0.037864077669902914 0.1054945054945055
0 0.11504854368932038 0.7043956043956044 0.04951456310679612 0.1076923076923077
0 0.15 0.6582417582417582 0.04174757281553398 0.11208791208791209
0 0.21650485436893205 0.7142857142857143 0.027184466019417475 0.07032967032967033
0 0.1587378640776699 0.710989010989011 0.030097087378640777 0.05934065934065934
0 0.21553398058252426 0.7153846153846154 0.02524271844660194 0.06813186813186813
0 0.2766990291262136 0.7065934065934066 0.02330097087378641 0.06813186813186813
0 0.3674757281553398 0.6703296703296703 0.02621359223300971 0.08351648351648351
0 0.40048543689320387 0.6483516483516484 0.03398058252427184 0.09230769230769231
0 0.4529126213592233 0.7428571428571429 0.02621359223300971 0.06153846153846154
0 0.46893203883495144 0.6780219780219781 0.02330097087378641 0.06373626373626373
0 0.5432038834951456 0.6516483516483517 0.02233009708737864 0.06373626373626373
0 0.5626213592233009 0.621978021978022 0.03398058252427184 0.08791208791208792
0 0.6339805825242718 0.7274725274725274 0.02330097087378641 0.04395604395604396
0 0.5718446601941748 0.6956043956043956 0.021359223300970873 0.05054945054945055
0 0.6611650485436893 0.6626373626373626 0.031067961165048542 0.09010989010989011
0 0.7063106796116505 0.7142857142857143 0.024271844660194174 0.06153846153846154
0 0.7485436893203884 0.701098901098901 0.02330097087378641 0.05714285714285714
0 0.7766990291262136 0.689010989010989 0.02524271844660194 0.06373626373626373
0 0.8058252427184466 0.7747252747252747 0.015533980582524271 0.041758241758241756
0 0.8723300970873786 0.7065934065934066 0.030097087378640777 0.06813186813186813
0 0.9893203883495145 0.7384615384615385 0.019417475728155338 0.04395604395604396
0 0.9742718446601941 0.7626373626373626 0.01262135922330097 0.03076923076923077
0 0.9048543689320389 0.7527472527472527 0.019417475728155338 0.05054945054945055
0 0.9310679611650485 0.7879120879120879 0.013592233009708738 0.03296703296703297
