0 0.20292504570383912 1.8766666666666667 0.029250457038391225 0.14
0 0.24040219378427788 1.8666666666666667 0.031078610603290677 0.13333333333333333
0 0.31352833638025596 1.74 0.02376599634369287 0.12
0 0.4396709323583181 1.6733333333333333 0.027422303473491772 0.13333333333333333
0 0.48628884826325414 1.52 0.029250457038391225 0.14666666666666667
0 0.5749542961608776 1.5933333333333333 0.02376599634369287 0.10666666666666667
0 0.5274223034734917 1.45 0.027422303473491772 0.12666666666666668
0 0.7330895795246801 1.4166666666666667 0.025594149908592323 0.11333333333333333
0 0.7605118829981719 1.6166666666666667 0.025594149908592323 0.11333333333333333
0 0.7111517367458866 1.2866666666666666 0.025594149908592323 0.09333333333333334
0 0.7321755027422303 1.3 0.02376599634369287 0.09333333333333334
0 0.7650822669104205 1.3966666666666667 0.02010968921389397 0.08666666666666667
0 0.8098720292504571 1.2433333333333334 0.021937842778793418 0.1
0 0.840036563071298 1.6333333333333333 0.027422303473491772 0.10666666666666667
0 0.8436928702010968 1.5433333333333332 0.027422303473491772 0.11333333333333333
0 0.8884826325411335 1.9166666666666667 0.03656307129798903 0.14
0 0.9643510054844607 2.1466666666666665 0.02376599634369287 0.09333333333333334
0 0.979890310786106 2.0166666666666666 0.025594149908592323 0.11333333333333333
0 1.086837294332724 1.7866666666666666 0.027422303473491772 0.13333333333333333
0 1.1087751371115173 1.6733333333333333 0.03473491773308958 0.13333333333333333
0 0.9762340036563071 1.6866666666666668 0.025594149908592323 0.12
0 0.9040219378427788 1.4633333333333334 0.027422303473491772 0.11333333333333333
0 0.9817184643510055 1.4433333333333334 0.025594149908592323 0.1
0 1.0082266910420474 1.2566666666666666 0.02376599634369287 0.1
0 1.0438756855575868 1.4566666666666668 0.029250457038391225 0.11333333333333333
0 1.1745886654478976 1.44 0.027422303473491772 0.12
0 0.7751371115173674 1.47 0.025594149908592323 0.12666666666666668
