0 1.2741935483870968 4.9787234042553195 0.053763440860215055 0.3829787234042553
0 0.7432795698924731 5.138297872340425 0.02956989247311828 0.23404255319148937
0 0.6935483870967742 5.297872340425532 0.021505376344086023 0.1702127659574468
0 0.668010752688172 5.51063829787234 0.008064516129032258 0.0851063829787234
0 0.5940860215053764 5.4787234042553195 0.016129032258064516 0.10638297872340426
0 0.543010752688172 5.170212765957447 0.026881720430107527 0.2553191489361702
0 0.5013440860215054 5.159574468085107 0.024193548387096774 0.23404255319148937
0 0.4260752688172043 5.542553191489362 0.013440860215053764 0.10638297872340426
0 0.3870967741935484 5.659574468085107 0.016129032258064516 0.1276595744680851
0 0.35618279569892475 5.425531914893617 0.01881720430107527 0.1276595744680851
0 0.3131720430107527 5.24468085106383 0.024193548387096774 0.14893617021276595
