0 0.12536023054755044 1.623456790123457 0.012487992315081652 0.05555555555555555
0 0.23919308357348704 1.6450617283950617 0.01921229586935639 0.06790123456790123
0 0.4183477425552353 1.75 0.01440922190201729 0.06172839506172839
0 0.4846301633045149 1.6404320987654322 0.03170028818443804 0.10802469135802469
0 0.5773294908741594 1.632716049382716 0.02881844380403458 0.1111111111111111
0 0.579250720461095 1.691358024691358 0.021133525456292025 0.06790123456790123
0 0.7574447646493756 1.654320987654321 0.025936599423631124 0.08641975308641975
0 0.8097982708933718 1.626543209876543 0.013448607108549471 0.04938271604938271
0 0.8722382324687801 1.4475308641975309 0.011527377521613832 0.043209876543209874
0 0.8741594620557157 1.6296296296296295 0.026897214217098942 0.09876543209876543
0 0.9433237271853987 1.6990740740740742 0.009606147934678195 0.040123456790123455
0 0.968299711815562 1.6975308641975309 0.013448607108549471 0.05555555555555555
0 0.9875120076849183 1.7083333333333333 0.011527377521613832 0.040123456790123455
0 1.0230547550432276 1.7098765432098766 0.01536983669548511 0.06172839506172839
0 1.1128722382324687 1.587962962962963 0.012487992315081652 0.046296296296296294
