0 0.28885037550548814 1.667311411992263 0.02772963604852686 0.10058027079303675
0 0.34257654534950893 1.6537717601547388 0.019641825534373193 0.0735009671179884
0 0.38677065280184864 1.667311411992263 0.022530329289428077 0.07736943907156674
0 0.5207972270363952 1.618955512572534 0.01097631426920855 0.03868471953578337
0 0.5453495089543616 1.620889748549323 0.010398613518197574 0.03868471953578337
0 0.5725014442518775 1.630560928433269 0.00924321201617562 0.03481624758220503
0 0.4462738301559792 1.6266924564796905 0.008665511265164644 0.027079303675048357
0 0.47227036395147315 1.6237911025145069 0.005199306759098787 0.017408123791102514
0 0.6623339110340843 1.7127659574468086 0.01097631426920855 0.04061895551257253
0 0.9113229347198152 1.6063829787234043 0.01559792027729636 0.05609284332688588
0 0.8818601964182553 1.5996131528046422 0.01559792027729636 0.061895551257253385
0 1.0002888503755054 1.6315280464216635 0.014442518775274409 0.059961315280464215
0 1.0791450028885037 1.6218568665377175 0.03581744656268053 0.1528046421663443
0 1.040727902946274 1.5928433268858802 0.02484113229347198 0.08704061895551257
0 1.1270941652224147 1.6005802707930368 0.025418833044482957 0.09090909090909091
0 1.222992489890237 1.5473887814313345 0.02772963604852686 0.11218568665377177
