0 1.3877551020408163 5.119318181818182 0.05895691609977324 0.3522727272727273
0 0.8741496598639455 5.511363636363637 0.10657596371882086 0.6590909090909091
0 0.5963718820861678 5.488636363636363 0.09523809523809523 0.6136363636363636
0 1.0941043083900226 4.994318181818182 0.02947845804988662 0.17045454545454544
0 1.054421768707483 5.056818181818182 0.027210884353741496 0.13636363636363635
0 0.9920634920634921 4.909090909090909 0.02947845804988662 0.13636363636363635
0 1.1496598639455782 4.9772727272727275 0.027210884353741496 0.13636363636363635
0 1.2108843537414966 5.005681818181818 0.018140589569160998 0.10227272727272728
0 1.3095238095238095 4.954545454545454 0.02040816326530612 0.11363636363636363
0 1.4047619047619047 4.926136363636363 0.02040816326530612 0.125
0 1.433106575963719 4.943181818181818 0.022675736961451247 0.13636363636363635
0 1.528344671201814 5.545454545454546 0.04081632653061224 0.22727272727272727
0 1.2664399092970522 5.005681818181818 0.015873015873015872 0.10227272727272728
0 1.2335600907029478 4.9602272727272725 0.018140589569160998 0.10227272727272728
