0 1.1014431239388796 2.8703703703703702 0.011035653650254669 0.16666666666666666
0 0.9804753820033956 2.9953703703703702 0.01697792869269949 0.23148148148148148
0 0.9333616298811545 3.0 0.014431239388794566 0.18518518518518517
0 0.8056027164685908 2.8703703703703702 0.03225806451612903 0.35185185185185186
0 0.7623089983022071 2.8472222222222223 0.03225806451612903 0.4537037037037037
0 0.7037351443123939 3.1203703703703702 0.027164685908319185 0.3888888888888889
0 0.6723259762308998 2.9212962962962963 0.025466893039049237 0.32407407407407407
0 0.6162988115449916 2.875 0.04074702886247878 0.5092592592592593
0 0.5598471986417657 3.074074074074074 0.04838709677419355 0.6481481481481481
0 0.46137521222410866 3.1574074074074074 0.0466893039049236 0.6296296296296297
0 0.47538200339558573 2.9583333333333335 0.03735144312393888 0.5277777777777778
0 0.48811544991511036 3.3796296296296298 0.03395585738539898 0.42592592592592593
0 0.4401528013582343 3.037037037037037 0.038200339558573854 0.5185185185185185
0 0.31791171477079794 3.2777777777777777 0.06706281833616298 0.6851851851851852
0 0.3264006791171477 2.935185185185185 0.0432937181663837 0.5185185185185185
0 0.28225806451612906 3.1574074074074074 0.039898132427843805 0.5
0 0.19482173174872666 3.060185185185185 0.007640067911714771 0.10185185185185185
0 0.11035653650254669 3.0185185185185186 0.006791171477079796 0.09259259259259259
