0 0.4134036144578313 0.1905311778290993 0.0286144578313253 0.06697459584295612
0 0.6167168674698795 0.1766743648960739 0.03162650602409638 0.07159353348729793
0 0.6588855421686747 0.21247113163972287 0.03162650602409638 0.05542725173210162
0 0.6822289156626506 0.15242494226327943 0.03313253012048193 0.06004618937644342
0 0.7439759036144579 0.1651270207852194 0.03313253012048193 0.06235565819861432
0 0.8185240963855421 0.1535796766743649 0.025602409638554216 0.053117782909930716
0 0.8938253012048193 0.1258660508083141 0.03162650602409638 0.057736720554272515
0 0.04216867469879518 0.3672055427251732 0.04819277108433735 0.10161662817551963
0 0.05421686746987952 0.3394919168591224 0.045180722891566265 0.07852193995381063
0 0.15813253012048192 0.35219399538106233 0.04819277108433735 0.08083140877598152
0 0.17319277108433734 0.3891454965357968 0.05421686746987952 0.10392609699769054
0 0.2319277108433735 0.32217090069284066 0.04819277108433735 0.10392609699769054
0 0.28463855421686746 0.4284064665127021 0.045180722891566265 0.09930715935334873
0 0.40436746987951805 0.36143187066974597 0.05572289156626506 0.09468822170900693
0 0.4495481927710843 0.371824480369515 0.0677710843373494 0.11547344110854503
0 0.4947289156626506 0.2702078521939954 0.04969879518072289 0.08775981524249422
0 0.5512048192771084 0.312933025404157 0.05120481927710843 0.09006928406466513
0 0.6483433734939759 0.34295612009237875 0.043674698795180725 0.08083140877598152
0 0.7206325301204819 0.3510392609699769 0.05271084337349398 0.10161662817551963
0 0.8441265060240963 0.29907621247113164 0.046686746987951805 0.08083140877598152
0 0.9420180722891566 0.34988452655889146 0.05271084337349398 0.10392609699769054
0 0.9713855421686747 0.35450346420323325 0.0572289156626506 0.11778290993071594
0 0.16039156626506024 0.5912240184757506 0.09186746987951808 0.12933025404157045
0 0.08283132530120482 0.7655889145496536 0.09337349397590361 0.13625866050808313
0 0.26129518072289154 0.5034642032332564 0.07078313253012049 0.12009237875288684
0 0.30873493975903615 0.6189376443418014 0.07530120481927711 0.11085450346420324
0 0.39231927710843373 0.5392609699769053 0.058734939759036146 0.09930715935334873
0 0.36069277108433734 0.7586605080831409 0.08283132530120482 0.14087759815242495
0 0.24924698795180722 0.8672055427251733 0.09186746987951808 0.15935334872979215
0 0.6460843373493976 0.5138568129330254 0.06626506024096386 0.11778290993071594
0 0.7078313253012049 0.605080831408776 0.08132530120481928 0.12471131639722864
0 0.3561746987951807 0.41454965357967666 0.05572289156626506 0.08083140877598152
0 0.6701807228915663 0.38221709006928406 0.04819277108433735 0.09468822170900693
0 0.4480421686746988 0.37528868360277134 0.0677710843373494 0.11316397228637413
