0 0.22953736654804271 0.23529411764705882 0.1387900355871886 0.2218487394957983
0 0.38256227758007116 0.19831932773109243 0.11269276393831554 0.18823529411764706
0 0.49110320284697506 0.1865546218487395 0.07829181494661921 0.16470588235294117
0 0.575326215895611 0.2184873949579832 0.054567022538552785 0.11092436974789915
0 0.6316725978647687 0.6529411764705882 0.09608540925266904 0.11596638655462185
0 0.6779359430604982 0.34705882352941175 0.08659549228944247 0.18319327731092436
0 0.6731909845788849 0.23697478991596638 0.013048635824436536 0.020168067226890758
0 0.7093712930011863 0.19663865546218487 0.02609727164887307 0.040336134453781515
0 0.7710557532621589 0.13529411764705881 0.054567022538552785 0.09915966386554621
0 0.8374851720047449 0.1899159663865546 0.06880189798339265 0.11764705882352941
0 0.9240806642941874 0.3134453781512605 0.07829181494661921 0.14285714285714285
0 0.9567022538552787 0.4126050420168067 0.08422301304863583 0.1495798319327731
