0 0.17228464419475656 0.42757009345794394 0.052434456928838954 0.11214953271028037
0 0.24531835205992508 0.46845794392523366 0.03870162297128589 0.0911214953271028
0 0.38451935081148564 0.6740654205607477 0.02247191011235955 0.053738317757009345
0 0.367665418227216 0.6623831775700935 0.018726591760299626 0.04439252336448598
0 0.5249687890137328 0.32242990654205606 0.07116104868913857 0.16822429906542055
0 0.7827715355805244 0.633177570093458 0.024968789013732832 0.06074766355140187
0 0.797752808988764 0.6261682242990654 0.03245942571785269 0.0794392523364486
0 0.8551810237203495 0.6121495327102804 0.04244694132334582 0.09345794392523364
0 0.8520599250936329 0.7184579439252337 0.03870162297128589 0.06775700934579439
0 0.9176029962546817 0.5630841121495327 0.04744069912609238 0.10747663551401869
0 0.9619225967540574 0.5233644859813084 0.05368289637952559 0.11214953271028037
0 0.9600499375780275 0.6261682242990654 0.052434456928838954 0.09813084112149532
0 0.0898876404494382 0.7336448598130841 0.0149812734082397 0.03271028037383177
0 0.06741573033707865 0.7523364485981309 0.012484394506866416 0.028037383177570093
