0 0.1025 0.23804971319311663 0.10166666666666667 0.13193116634799235
0 0.30333333333333334 0.4273422562141491 0.1 0.13575525812619502
0 0.4658333333333333 0.4627151051625239 0.125 0.15296367112810708
0 0.5241666666666667 0.6290630975143403 0.115 0.16443594646271512
0 0.7475 0.7638623326959847 0.14833333333333334 0.20076481835564053
0 0.9033333333333333 0.9646271510516252 0.29333333333333333 0.3193116634799235
0 0.4008333333333333 1.0439770554493308 0.185 0.25621414913957935
0 0.14666666666666667 1.0219885277246654 0.19333333333333333 0.22753346080305928
0 0.3258333333333333 0.7638623326959847 0.11833333333333333 0.17782026768642448
0 0.405 0.8250478011472275 0.13333333333333333 0.1739961759082218
