0 0.032572975062826214 1.1568514241724404 0.009858882659965203 0.02424942263279446
0 0.12101295186545524 1.1747498075442648 0.010052194084670405 0.023094688221709007
0 0.13377150589599845 1.071401077752117 0.009665571235260004 0.019630484988452657
0 0.09365938526966944 0.8625866050808314 0.02261743669050841 0.08160123171670516
0 0.04417166054513822 1.0321401077752117 0.009472259810554804 0.019630484988452657
0 0.07751788130678523 1.0248267898383372 0.009278948385849604 0.021170130869899922
0 0.04948772472453122 1.0290608160123171 0.008892325536439203 0.02270977675134719
0 0.044268316257490815 0.9203233256351039 0.006185965590566402 0.010007698229407237
0 0.08834332109027644 0.9449576597382602 0.0069592112893872024 0.016936104695919937
0 0.012758554030543205 0.9626635873749038 0.02551710806108641 0.09930715935334873
0 0.09791223661318384 0.9397613548883756 0.006765899864682003 0.013471901462663588
0 0.20761647013338488 0.49191685912240185 0.05103421612217282 0.14318706697459585
0 0.30504542818480573 0.4980754426481909 0.053353953218635224 0.14087759815242495
0 0.4066305818673884 0.5180908391070054 0.054707133191571625 0.12933025404157045
0 0.5158515368258264 0.5725558121632025 0.04968103614923642 0.13048498845265588
0 0.6034216122172821 0.5288683602771362 0.055093756040982024 0.13625866050808313
0 0.7244345640827373 0.48344880677444185 0.05393388749275082 0.1401077752117013
0 0.8133578194471294 0.5138568129330254 0.058573361685675625 0.13471901462663588
0 0.8689348540498744 0.39799846035411857 0.06147303305625362 0.15935334872979215
0 0.07606804562149623 0.9278290993071594 0.006379277015271603 0.013471901462663588
0 0.03247631935047361 1.1562740569668977 0.010052194084670405 0.02617397998460354
