0 0.11389413988657845 1.6324503311258278 0.0671077504725898 0.2913907284768212
0 0.027410207939508508 1.3956953642384107 0.07750472589792061 0.32781456953642385
0 0.04678638941398866 1.1390728476821192 0.05198487712665406 0.2185430463576159
0 0.1819470699432892 1.6374172185430464 0.057655954631379965 0.28807947019867547
0 0.13043478260869565 1.3559602649006623 0.054820415879017016 0.26158940397350994
0 0.2665406427221172 1.6937086092715232 0.06049149338374291 0.27483443708609273
0 0.22164461247637052 1.3973509933774835 0.057655954631379965 0.271523178807947
0 0.1720226843100189 1.173841059602649 0.054820415879017016 0.2152317880794702
0 0.2707939508506616 1.2649006622516556 0.05198487712665406 0.23178807947019867
0 0.31994328922495274 1.403973509933775 0.0500945179584121 0.2119205298013245
0 0.3714555765595463 1.6705298013245033 0.05671077504725898 0.2682119205298013
0 0.3629489603024575 1.2847682119205297 0.04725897920604915 0.2052980132450331
0 0.5207939508506616 1.3890728476821192 0.054820415879017016 0.27483443708609273
0 0.552930056710775 1.7301324503311257 0.062381852551984876 0.2814569536423841
0 0.5860113421550095 1.2731788079470199 0.04725897920604915 0.23509933774834438
0 0.6630434782608695 1.8112582781456954 0.0671077504725898 0.32450331125827814
0 0.6564272211720227 1.4619205298013245 0.057655954631379965 0.26158940397350994
0 0.719281663516068 1.3824503311258278 0.0661625708884688 0.28807947019867547
0 0.7953686200378072 1.771523178807947 0.0671077504725898 0.304635761589404
0 0.8194706994328923 1.455298013245033 0.07561436672967864 0.30132450331125826
0 0.917296786389414 1.849337748344371 0.08979206049149338 0.3609271523178808
0 0.9532136105860114 1.5496688741721854 0.07088846880907372 0.33112582781456956
0 0.4503780718336484 1.653973509933775 0.05198487712665406 0.2814569536423841
0 0.4281663516068053 1.3327814569536425 0.05671077504725898 0.24172185430463577
