0 0.03900375939849624 0.7671370967741935 0.012218045112781954 0.02620967741935484
0 0.07471804511278196 0.8397177419354839 0.004699248120300752 0.010080645161290322
0 0.29370300751879697 0.7580645161290323 0.015977443609022556 0.04435483870967742
0 0.9356203007518797 0.8477822580645161 0.004699248120300752 0.010080645161290322
0 0.9727443609022557 0.8467741935483871 0.0037593984962406013 0.008064516129032258
0 0.9797932330827067 0.842741935483871 0.004699248120300752 0.012096774193548387
0 0.8599624060150376 0.657258064516129 0.03759398496240601 0.0967741935483871
0 0.8472744360902256 0.6491935483870968 0.042293233082706765 0.10080645161290322
0 0.7993421052631579 0.6310483870967742 0.044172932330827065 0.11693548387096774
0 0.7109962406015038 0.5594758064516129 0.05733082706766917 0.1431451612903226
0 0.6489661654135338 0.719758064516129 0.02913533834586466 0.07661290322580645
0 0.5484022556390977 0.35181451612903225 0.06672932330827068 0.17540322580645162
0 0.43045112781954886 0.5413306451612904 0.05451127819548872 0.15120967741935484
0 0.3656015037593985 0.6008064516129032 0.045112781954887216 0.13709677419354838
0 0.23167293233082706 0.6411290322580645 0.046052631578947366 0.11290322580645161
0 0.15413533834586465 0.5262096774193549 0.06390977443609022 0.125
0 0.9642857142857143 0.8699596774193549 0.009398496240601503 0.0625
0 1.0018796992481203 0.8770161290322581 0.009398496240601503 0.04032258064516129
0 1.012218045112782 0.875 0.009398496240601503 0.04838709677419355
0 1.0192669172932332 0.876008064516129 0.012218045112781954 0.046370967741935484
0 1.0286654135338347 0.8719758064516129 0.008458646616541353 0.046370967741935484
