0 0.03521939953810624 0.4052795031055901 0.07043879907621248 0.15217391304347827
0 0.2384526558891455 0.6583850931677019 0.10739030023094688 0.18012422360248448
0 0.4930715935334873 0.6708074534161491 0.09699769053117784 0.17391304347826086
0 0.7280600461893765 0.6909937888198758 0.10508083140877598 0.19254658385093168
0 0.8210161662817552 0.5714285714285714 0.11085450346420324 0.16770186335403728
0 0.40877598152424943 0.71972049689441 0.10392609699769054 0.19099378881987578
0 0.6039260969976905 0.6459627329192547 0.09237875288683603 0.17080745341614906
0 0.32390300230946883 0.5854037267080745 0.08198614318706697 0.13664596273291926
0 0.476905311778291 0.5038819875776398 0.053117782909930716 0.09472049689440994
0 0.9670900692840647 0.5225155279503105 0.06351039260969978 0.08540372670807453
0 0.3643187066974596 0.4440993788819876 0.03348729792147806 0.059006211180124224
0 0.3163972286374134 0.3548136645962733 0.023094688221709007 0.03881987577639751
0 0.45092378752886836 0.34316770186335405 0.021939953810623556 0.040372670807453416
0 0.342378752886836 0.25232919254658387 0.012702078521939953 0.023291925465838508
0 0.3683602771362587 0.24456521739130435 0.013856812933025405 0.023291925465838508
0 0.19803695150115475 0.23059006211180125 0.012702078521939953 0.020186335403726708
0 0.16685912240184758 0.20263975155279504 0.010392609699769052 0.013975155279503106
0 0.08545034642032333 0.22748447204968944 0.011547344110854504 0.017080745341614908
0 0.14722863741339492 0.16614906832298137 0.005773672055427252 0.009316770186335404
0 0.12413394919168591 0.1653726708074534 0.005773672055427252 0.007763975155279503
0 0.05600461893764434 0.16925465838509315 0.005773672055427252 0.009316770186335404
0 0.03348729792147806 0.1622670807453416 0.006928406466512702 0.007763975155279503
