0 0.9945141065830722 1.7964601769911503 0.0109717868338558 0.07079646017699115
0 0.8942006269592476 1.7035398230088497 0.0109717868338558 0.07964601769911504
0 0.9302507836990596 1.7566371681415929 0.03918495297805643 0.22123893805309736
0 0.8307210031347962 1.747787610619469 0.009404388714733543 0.061946902654867256
0 0.8307210031347962 1.7345132743362832 0.009404388714733543 0.05309734513274336
0 0.8095611285266457 1.7256637168141593 0.0109717868338558 0.07079646017699115
0 0.8087774294670846 1.738938053097345 0.009404388714733543 0.061946902654867256
0 0.786833855799373 1.7212389380530972 0.012539184952978056 0.061946902654867256
0 0.7437304075235109 1.7212389380530972 0.007836990595611285 0.04424778761061947
0 0.7351097178683386 1.7433628318584071 0.006269592476489028 0.035398230088495575
0 0.7562695924764891 1.7654867256637168 0.02664576802507837 0.18584070796460178
0 0.7147335423197492 1.6946902654867257 0.012539184952978056 0.07964601769911504
0 0.6763322884012539 1.7123893805309736 0.014106583072100314 0.07964601769911504
0 0.6967084639498433 1.747787610619469 0.023510971786833857 0.1504424778761062
0 0.6512539184952978 1.7566371681415929 0.007836990595611285 0.04424778761061947
0 0.6371473354231975 1.7300884955752212 0.007836990595611285 0.04424778761061947
0 0.6230407523510971 1.7433628318584071 0.02037617554858934 0.1592920353982301
0 0.5736677115987461 1.738938053097345 0.018808777429467086 0.13274336283185842
0 0.5948275862068966 1.6725663716814159 0.029780564263322883 0.19469026548672566
0 0.5329153605015674 1.752212389380531 0.0219435736677116 0.1415929203539823
0 0.5141065830721003 1.747787610619469 0.02821316614420063 0.18584070796460178
0 0.20376175548589343 1.6814159292035398 0.006269592476489028 0.035398230088495575
0 0.14655172413793102 1.9336283185840708 0.02664576802507837 0.36283185840707965
0 0.15595611285266459 1.9601769911504425 0.045454545454545456 0.23893805309734514
0 0.02821316614420063 1.7964601769911503 0.009404388714733543 0.05309734513274336
0 0.0219435736677116 1.7964601769911503 0.006269592476489028 0.035398230088495575
0 0.012539184952978056 1.6725663716814159 0.006269592476489028 0.035398230088495575
0 0.46943573667711597 1.7300884955752212 0.02037617554858934 0.13274336283185842
0 0.44905956112852663 1.7699115044247788 0.02037617554858934 0.1415929203539823
0 0.40752351097178685 1.7433628318584071 0.0219435736677116 0.1592920353982301
0 0.3785266457680251 1.668141592920354 0.014106583072100314 0.09734513274336283
0 0.3557993730407524 1.7433628318584071 0.025078369905956112 0.1592920353982301
0 0.2884012539184953 1.6991150442477876 0.012539184952978056 0.08849557522123894
0 0.25313479623824453 1.5884955752212389 0.029780564263322883 0.18584070796460178
0 0.31974921630094044 1.6858407079646018 0.03134796238244514 0.23893805309734514
0 0.24843260188087773 1.7123893805309736 0.029780564263322883 0.22123893805309736
0 0.10188087774294671 1.5707964601769913 0.03761755485893417 0.23893805309734514
