0 1.1909774436090226 1.0375 0.081203007518797 0.2833333333333333
0 1.132330827067669 0.7 0.07518796992481203 0.25833333333333336
0 1.0556390977443608 0.4583333333333333 0.06917293233082707 0.23333333333333334
0 0.9105263157894737 0.3458333333333333 0.061654135338345864 0.24166666666666667
0 0.7827067669172932 0.30625 0.06766917293233082 0.25416666666666665
0 0.6947368421052632 0.38958333333333334 0.06015037593984962 0.20416666666666666
0 0.6263157894736842 0.36041666666666666 0.058646616541353384 0.19583333333333333
0 0.5030075187969925 0.30833333333333335 0.061654135338345864 0.225
0 0.40150375939849625 0.44375 0.06917293233082707 0.24583333333333332
0 0.262406015037594 0.6833333333333333 0.061654135338345864 0.20833333333333334
