0 0.12112514351320322 0.9040178571428571 0.05472636815920398 0.17633928571428573
0 0.22502870264064295 1.0167410714285714 0.05281285878300804 0.18303571428571427
0 0.3287409108304631 1.0022321428571428 0.05204745503252966 0.17633928571428573
0 0.3953310371220819 0.9358258928571429 0.045924225028702644 0.17745535714285715
0 0.39647914274779944 1.1612723214285714 0.035973976272483735 0.15959821428571427
0 0.4632606199770379 1.0786830357142858 0.04630692690394183 0.15066964285714285
0 0.47876004592422505 1.7047991071428572 0.046689628779181015 0.18861607142857142
0 0.5199004975124378 1.0407366071428572 0.040949100650593186 0.15736607142857142
0 0.5646766169154229 1.0412946428571428 0.04860313815537696 0.18080357142857142
0 0.6526980482204363 1.13671875 0.039418293149636435 0.15959821428571427
0 0.6115575966322235 0.9893973214285714 0.047455032529659394 0.17299107142857142
0 0.6440872560275546 1.7154017857142858 0.0505166475315729 0.20089285714285715
0 0.6706850363566782 0.9972098214285714 0.040183696900114814 0.1484375
0 0.7278989667049368 1.5496651785714286 0.045158821278224265 0.17745535714285715
0 0.7338308457711443 1.1021205357142858 0.03865288939915806 0.15513392857142858
0 0.7965939533103712 1.0954241071428572 0.03788748564867968 0.14174107142857142
0 0.8050133945656334 1.48046875 0.041714504401071564 0.15959821428571427
0 0.8195560658247225 0.9810267857142857 0.040949100650593186 0.14285714285714285
0 0.8629927286643705 1.10546875 0.03980099502487562 0.13727678571428573
0 0.9012629161882894 1.0061383928571428 0.040566398775354 0.13504464285714285
0 0.9370455415231534 1.0831473214285714 0.0440107156525067 0.16183035714285715
0 0.9280520474550326 1.5128348214285714 0.03673938002296211 0.14174107142857142
0 0.999043245311902 1.5133928571428572 0.0440107156525067 0.17633928571428573
0 1.0673555300420972 1.0574776785714286 0.05281285878300804 0.18638392857142858
