0 0.09568835098335855 0.6134593993325917 0.06429652042360061 0.4638487208008899
0 0.16575264750378216 0.9488320355951056 0.06675491679273828 0.4961067853170189
0 0.2815809379727685 0.6807563959955506 0.06316187594553707 0.47163515016685204
0 0.4280446293494705 0.6512791991101223 0.049357034795764 0.43937708565072303
0 0.561838124054463 0.7808676307007787 0.056732223903177004 0.44493882091212456
0 0.6930786686838124 0.9538375973303671 0.060514372163388806 0.42157953281423804
0 0.8149583963691377 0.635706340378198 0.0550302571860817 0.48164627363737483
0 0.9177382753403933 0.8648498331479422 0.06845688350983359 0.4660734149054505
0 0.9689863842662633 0.5222469410456062 0.0661875945537065 0.4838709677419355
0 0.7566187594553706 0.5878754171301446 0.05786686838124055 0.42380422691879865
0 0.646463691376702 0.5317018909899889 0.0550302571860817 0.4360400444938821
0 0.49281391830559756 0.42602892102335926 0.052571860816944024 0.4382647385984427
0 0.34190620272314676 0.45661846496106784 0.05521936459909228 0.41490545050055616
0 0.18069213313161875 0.5139043381535039 0.05843419062027232 0.43381535038932145
