0 1.015802781289507 2.2941176470588234 0.056890012642225034 0.33986928104575165
0 0.9266750948166877 2.218954248366013 0.04298356510745891 0.28104575163398693
0 0.7989886219974716 2.1699346405228757 0.040455120101137804 0.2222222222222222
0 0.7395701643489254 2.0915032679738563 0.040455120101137804 0.23529411764705882
0 0.4715549936788875 1.5784313725490196 0.040455120101137804 0.22875816993464052
0 0.4216182048040455 1.5751633986928104 0.0316055625790139 0.19607843137254902
0 0.4083438685208597 1.6666666666666667 0.022756005056890013 0.1437908496732026
0 0.33691529709228824 1.6176470588235294 0.03666245259165613 0.21568627450980393
0 0.263590391908976 1.6633986928104576 0.0316055625790139 0.21568627450980393
0 0.1554993678887484 1.6209150326797386 0.025284450063211124 0.1568627450980392
0 0.1959544879898862 1.6666666666666667 0.03286978508217446 0.1830065359477124
0 0.168141592920354 1.6699346405228759 0.03286978508217446 0.20261437908496732
0 0.08154235145385588 1.591503267973856 0.021491782553729456 0.13725490196078433
0 0.05815423514538559 1.542483660130719 0.02781289506953224 0.1568627450980392
