0 0.18296392872664058 4.2772108843537415 0.0469361147327249 0.4523809523809524
0 0.2635810517166449 4.477891156462585 0.04650152107779226 0.45918367346938777
0 0.3428943937418514 4.2312925170068025 0.042590178183398525 0.48299319727891155
0 0.4030856149500217 4.341836734693878 0.04302477183833116 0.4931972789115646
0 0.4906562364189483 4.226190476190476 0.04606692742285962 0.4387755102040816
0 0.5895262929161235 4.409863945578231 0.042155584528465885 0.46598639455782315
0 0.6651455888744024 4.212585034013605 0.03954802259887006 0.42517006802721086
0 0.7651021295089092 4.29421768707483 0.03954802259887006 0.37755102040816324
0 0.85832246849196 4.178571428571429 0.03998261625380269 0.41836734693877553
0 0.9387222946544981 4.243197278911564 0.0434593654932638 0.391156462585034
0 1.0099956540634507 4.130952380952381 0.042590178183398525 0.41156462585034015
0 1.086484137331595 4.615646258503402 0.03911342894393742 0.4013605442176871
0 1.1386353759235115 4.023809523809524 0.041720990873533245 0.41496598639455784
