0 0.09702380952380953 2.03125 0.04880952380952381 0.390625
0 0.12857142857142856 1.703125 0.04523809523809524 0.359375
0 0.1880952380952381 1.73828125 0.047619047619047616 0.3828125
0 0.24166666666666667 1.70703125 0.04285714285714286 0.3203125
0 0.26011904761904764 1.6484375 0.039285714285714285 0.34375
0 0.2922619047619048 1.7421875 0.04404761904761905 0.328125
0 0.30654761904761907 2.05859375 0.04404761904761905 0.3359375
0 0.3267857142857143 1.6640625 0.041666666666666664 0.328125
0 0.3636904761904762 1.8359375 0.041666666666666664 0.328125
0 0.43452380952380953 1.71484375 0.04047619047619048 0.3203125
0 0.4255952380952381 1.97265625 0.041666666666666664 0.3359375
0 0.48333333333333334 1.703125 0.03333333333333333 0.3125
0 0.5148809523809523 1.9765625 0.041666666666666664 0.375
0 0.5267857142857143 1.890625 0.039285714285714285 0.359375
0 0.5517857142857143 1.66015625 0.036904761904761905 0.3203125
0 0.6005952380952381 1.4375 0.041666666666666664 0.34375
0 0.5851190476190476 1.85546875 0.039285714285714285 0.3359375
0 0.6321428571428571 1.8828125 0.04047619047619048 0.3125
0 0.6654761904761904 1.703125 0.03571428571428571 0.3125
0 0.7119047619047619 1.8046875 0.0380952380952381 0.328125
0 0.7505952380952381 1.83984375 0.036904761904761905 0.3203125
0 0.763095238095238 1.8046875 0.03333333333333333 0.3125
0 0.8166666666666667 1.75 0.04285714285714286 0.34375
0 0.8386904761904762 1.765625 0.02976190476190476 0.28125
0 0.8809523809523809 1.8046875 0.04285714285714286 0.359375
0 0.9023809523809524 1.6953125 0.0380952380952381 0.328125
0 0.9666666666666667 2.0859375 0.04047619047619048 0.359375
0 0.9785714285714285 1.65625 0.0380952380952381 0.328125
0 1.049404761904762 1.96875 0.04642857142857143 0.34375
