0 0.09113300492610837 0.6189591078066915 0.07389162561576355 0.1970260223048327
0 0.23809523809523808 0.79182156133829 0.06568144499178982 0.17100371747211895
0 0.23070607553366174 0.6115241635687733 0.05747126436781609 0.16728624535315986
0 0.36617405582922824 0.7769516728624535 0.06568144499178982 0.17100371747211895
0 0.3899835796387521 0.6356877323420075 0.060755336617405585 0.17100371747211895
0 0.4819376026272578 0.6765799256505576 0.06403940886699508 0.17843866171003717
0 0.4852216748768473 0.8698884758364313 0.05747126436781609 0.17100371747211895
0 0.5755336617405583 0.6728624535315985 0.05090311986863711 0.15613382899628253
0 0.6633825944170771 0.6226765799256505 0.052545155993431854 0.15985130111524162
0 0.7569786535303776 0.7156133828996283 0.052545155993431854 0.1524163568773234
0 0.8251231527093597 0.7230483271375465 0.06732348111658457 0.17472118959107807
0 0.9770114942528736 0.7342007434944238 0.07881773399014778 0.20446096654275092
0 0.5845648604269293 0.8308550185873605 0.059113300492610835 0.17472118959107807
