0 0.354089219330855 0.9864091559370529 0.14560099132589838 0.4105865522174535
0 0.0018587360594795538 0.3590844062947067 0.01982651796778191 0.05722460658082976
0 0.08519206939281289 0.3590844062947067 0.02168525402726146 0.05150214592274678
0 0.03810408921933085 0.3054363376251788 0.020446096654275093 0.04721030042918455
0 0.17843866171003717 0.3311874105865522 0.01486988847583643 0.0357653791130186
0 0.21251548946716234 0.30686695278969955 0.0161090458488228 0.03862660944206009
0 0.2741635687732342 0.33261802575107297 0.014250309789343246 0.032904148783977114
0 0.2865551425030979 0.32689556509299 0.014250309789343246 0.032904148783977114
0 0.30359355638166047 0.3283261802575107 0.013630731102850062 0.030042918454935622
0 0.3193928128872367 0.3040057224606581 0.00929368029739777 0.024320457796852647
0 0.32868649318463444 0.31258941344778257 0.011771995043370507 0.027181688125894134
0 0.338909541511772 0.265379113018598 0.009913258983890954 0.024320457796852647
0 0.35656753407682773 0.2646638054363376 0.0080545229244114 0.022889842632331903
0 0.37174721189591076 0.2632331902718169 0.006195786864931847 0.017167381974248927
0 0.3878562577447336 0.27896995708154504 0.004956629491945477 0.01430615164520744
0 0.38909541511771994 0.27753934191702434 0.004956629491945477 0.01430615164520744
0 0.32589838909541513 0.2625178826895565 0.008674101610904586 0.024320457796852647
0 0.31629491945477073 0.2603719599427754 0.0080545229244114 0.022889842632331903
0 0.2930607187112763 0.2553648068669528 0.008674101610904586 0.027181688125894134
0 0.2760223048327137 0.26180257510729615 0.00929368029739777 0.022889842632331903
0 0.26084262701363076 0.2575107296137339 0.009913258983890954 0.022889842632331903
0 0.2707558859975217 0.27896995708154504 0.013630731102850062 0.02861230329041488
0 0.24411400247831475 0.2825464949928469 0.012391573729863693 0.0357653791130186
0 0.2342007434944238 0.2854077253218884 0.01486988847583643 0.0357653791130186
0 0.21623296158612143 0.25679542203147354 0.012391573729863693 0.030042918454935622
0 0.1899008674101611 0.25679542203147354 0.010532837670384139 0.027181688125894134
0 0.1775092936802974 0.2503576537911302 0.013011152416356878 0.031473533619456366
0 0.16604708798017348 0.26394849785407726 0.012391573729863693 0.032904148783977114
0 0.14188351920693928 0.2732474964234621 0.01982651796778191 0.1402002861230329
0 0.12577447335811648 0.271101573676681 0.009913258983890954 0.024320457796852647
0 0.120817843866171 0.22031473533619456 0.007434944237918215 0.022889842632331903
0 0.06629491945477076 0.20958512160228898 0.008674101610904586 0.02145922746781116
0 0.020755885997521685 0.20314735336194564 0.011771995043370507 0.022889842632331903
0 0.008674101610904586 0.2575107296137339 0.022304832713754646 0.05150214592274678
0 0.547087980173482 0.2246065808297568 0.009913258983890954 0.02575107296137339
0 0.5749690210656754 0.2088698140200286 0.01486988847583643 0.031473533619456366
0 0.6093556381660471 0.22103004291845493 0.0080545229244114 0.02145922746781116
0 0.6251548946716233 0.21959942775393418 0.007434944237918215 0.02145922746781116
0 0.6514869888475836 0.21959942775393418 0.00929368029739777 0.024320457796852647
0 0.6703841387856257 0.22532188841201717 0.008674101610904586 0.027181688125894134
0 0.6899008674101611 0.22603719599427755 0.006815365551425031 0.020028612303290415
0 0.7094175960346965 0.22317596566523606 0.007434944237918215 0.020028612303290415
0 0.7289343246592317 0.22532188841201717 0.006815365551425031 0.01859799713876967
0 0.7472118959107806 0.22532188841201717 0.007434944237918215 0.02145922746781116
0 0.6350681536555143 0.32331902718168815 0.013630731102850062 0.02575107296137339
0 0.669454770755886 0.27753934191702434 0.011771995043370507 0.02861230329041488
0 0.6874225526641884 0.2625178826895565 0.013011152416356878 0.030042918454935622
0 0.7007434944237918 0.2811158798283262 0.013630731102850062 0.0357653791130186
0 0.7527881040892194 0.2825464949928469 0.0161090458488228 0.03862660944206009
0 0.7930607187112764 0.34334763948497854 0.013630731102850062 0.03719599427753934
0 0.8215613382899628 0.259656652360515 0.008674101610904586 0.024320457796852647
0 0.8714374225526642 0.2317596566523605 0.00929368029739777 0.022889842632331903
0 0.8813506815365552 0.23819742489270387 0.0080545229244114 0.024320457796852647
0 0.9268897149938042 0.2217453505007153 0.011152416356877323 0.02861230329041488
0 0.26827757125154894 0.23247496423462088 0.007434944237918215 0.01859799713876967
