0 0.47854077253218885 1.3479166666666667 0.09012875536480687 0.2375
0 0.721030042918455 1.3583333333333334 0.0944206008583691 0.25
0 0.8444206008583691 1.3083333333333333 0.08369098712446352 0.23333333333333334
0 1.0225321888412018 1.3791666666666667 0.09656652360515021 0.23333333333333334
0 1.257510729613734 1.3229166666666667 0.1072961373390558 0.2625
0 1.2811158798283262 0.6625 0.08583690987124463 0.20833333333333334
0 1.1770386266094421 0.66875 0.07939914163090128 0.1875
0 1.0504291845493563 0.65625 0.07081545064377683 0.1875
0 0.9549356223175965 0.7041666666666667 0.06866952789699571 0.19166666666666668
0 0.7746781115879828 0.6020833333333333 0.0815450643776824 0.2125
0 0.6330472103004292 0.6895833333333333 0.0815450643776824 0.19583333333333333
0 0.48283261802575106 0.7395833333333334 0.07725321888412018 0.1875
0 0.3669527896995708 0.7333333333333333 0.08583690987124463 0.20833333333333334
