0 0.08508014796547472 0.209106239460371 0.08384710234278668 0.12310286677908938
0 0.1846485819975339 0.3005902192242833 0.04254007398273736 0.06155143338954469
0 0.23027127003699138 0.29384485666104554 0.043773119605425403 0.05986509274873524
0 0.36621454993834773 0.3157672849915683 0.030826140567200986 0.048060708263069137
0 0.5527127003699137 0.3634064080944351 0.059802712700369916 0.10118043844856661
0 0.6609124537607891 0.15682967959527824 0.030826140567200986 0.06408094435075885
0 0.8400123304562269 0.3174536256323777 0.06103575832305795 0.11551433389544688
0 0.9586929716399507 0.18465430016863407 0.08508014796547472 0.1467116357504216
0 0.3840937114673243 0.07967959527824621 0.009864364981504316 0.016020236087689713
0 0.40043156596794083 0.07715008431703205 0.010480887792848335 0.01433389544688027
0 0.4217016029593095 0.07082630691399663 0.009864364981504316 0.01517706576728499
0 0.4534525277435265 0.007166947723440135 0.010480887792848335 0.01433389544688027
0 0.47040690505548705 -0.00885328836424958 0.011097410604192354 0.012647554806070826
