0 0.2310704960835509 1.3027156549520766 0.07049608355091384 0.1485623003194888
0 0.18407310704960836 1.1381789137380192 0.03568320278503046 0.07507987220447285
0 0.07658833768494343 1.2172523961661341 0.038294168842471714 0.0670926517571885
0 0.8790252393385553 1.1373801916932906 0.0557006092254134 0.134185303514377
0 0.6932114882506527 1.2124600638977636 0.05483028720626632 0.12460063897763578
0 0.5735422106179286 1.1573482428115016 0.04177545691906005 0.09105431309904154
0 0.4617058311575283 1.1190095846645367 0.040905134899912966 0.0878594249201278
0 0.4042645778938207 1.1589456869009584 0.03220191470844212 0.06869009584664537
0 0.3033072236727589 1.2212460063897763 0.03220191470844212 0.07188498402555911
0 0.2410791993037424 1.1445686900958467 0.024369016536118365 0.0463258785942492
0 0.27719756309834637 1.0998402555910542 0.026979982593559618 0.07188498402555911
0 1.0369886858137511 1.0071884984025559 0.040905134899912966 0.09105431309904154
0 1.0187119234116624 0.987220447284345 0.03220191470844212 0.0670926517571885
0 1.0069625761531766 0.9560702875399361 0.03307223672758921 0.08146964856230032
0 0.9908616187989556 0.9408945686900958 0.025239338555265448 0.04792332268370607
0 0.9073107049608355 0.9968051118210862 0.02349869451697128 0.054313099041533544
0 0.8498694516971279 0.9608626198083067 0.02349869451697128 0.04952076677316294
0 0.7480417754569191 1.1325878594249201 0.04960835509138381 0.10543130990415335
0 0.778503046127067 1.1038338658146964 0.04612706701479547 0.09584664536741214
0 0.8133159268929504 0.9992012779552716 0.025239338555265448 0.06549520766773163
0 0.7545691906005222 1.0151757188498403 0.02610966057441253 0.052715654952076675
0 0.7615317667536988 0.9784345047923323 0.024369016536118365 0.04313099041533546
0 0.65970409051349 1.1261980830670926 0.04003481288076589 0.09584664536741214
0 0.6257615317667538 1.1094249201277955 0.03655352480417755 0.08466453674121406
0 0.6401218450826806 1.0543130990415335 0.033942558746736295 0.06070287539936102
0 0.5883376849434291 1.0263578274760383 0.02959094865100087 0.06549520766773163
0 0.5761531766753699 1.0415335463258786 0.019147084421235857 0.051118210862619806
0 0.5287206266318538 1.0623003194888179 0.026979982593559618 0.051118210862619806
0 0.4965187119234117 1.073482428115016 0.03568320278503046 0.07987220447284345
0 0.438207136640557 1.0015974440894568 0.018276762402088774 0.038338658146964855
0 0.391644908616188 1.0063897763578276 0.017406440382941687 0.038338658146964855
0 0.3646649260226284 0.9936102236421726 0.015665796344647518 0.03514376996805112
0 0.34812880765883375 0.9976038338658147 0.01392515230635335 0.03035143769968051
0 0.3020017406440383 1.0175718849840256 0.015665796344647518 0.03194888178913738
0 0.27676240208877284 0.9824281150159745 0.022628372497824196 0.04792332268370607
0 0.23846823324630112 1.0199680511182108 0.015665796344647518 0.036741214057507986
0 0.19495213228894692 1.0702875399361023 0.02610966057441253 0.05750798722044728
0 0.17449956483899043 1.0654952076677315 0.02175805047867711 0.051118210862619806
0 0.14055700609225413 1.0654952076677315 0.02349869451697128 0.06389776357827476
0 0.12010443864229765 1.0479233226837061 0.024369016536118365 0.05750798722044728
0 0.08529155787641428 1.0519169329073483 0.022628372497824196 0.052715654952076675
