0 0.26971326164874554 0.23722627737226276 0.06272401433691756 0.145985401459854
0 0.4068100358422939 0.33941605839416056 0.053763440860215055 0.12408759124087591
0 0.5017921146953405 0.32116788321167883 0.05017921146953405 0.12408759124087591
0 0.5860215053763441 0.33941605839416056 0.05017921146953405 0.11678832116788321
0 0.6890681003584229 0.30474452554744524 0.05197132616487455 0.12043795620437957
0 0.8127240143369175 0.28284671532846717 0.04838709677419355 0.12043795620437957
0 0.9193548387096774 0.3156934306569343 0.053763440860215055 0.13503649635036497
0 0.235663082437276 0.4251824817518248 0.08064516129032258 0.17883211678832117
0 0.3673835125448029 0.4489051094890511 0.06810035842293907 0.145985401459854
0 0.5008960573476703 0.5656934306569343 0.06272401433691756 0.15328467153284672
0 0.6218637992831542 0.5383211678832117 0.05734767025089606 0.13503649635036497
0 0.7123655913978495 0.5967153284671532 0.05555555555555555 0.12773722627737227
0 0.8279569892473119 0.5547445255474452 0.05734767025089606 0.1386861313868613
0 0.9041218637992832 0.5273722627737226 0.04838709677419355 0.11313868613138686
0 0.9982078853046595 0.4489051094890511 0.04659498207885305 0.12408759124087591
0 1.1003584229390682 0.39416058394160586 0.06093189964157706 0.15328467153284672
0 0.29659498207885304 0.35766423357664234 0.05913978494623656 0.15328467153284672
0 0.18010752688172044 1.051094890510949 0.0985663082437276 0.22627737226277372
0 0.3736559139784946 1.031021897810219 0.08064516129032258 0.20802919708029197
0 0.5376344086021505 0.8375912408759124 0.07526881720430108 0.19343065693430658
0 0.6299283154121864 0.8302919708029197 0.05555555555555555 0.14963503649635038
0 0.7688172043010753 0.8485401459854015 0.053763440860215055 0.13503649635036497
0 0.9121863799283154 0.8357664233576643 0.06093189964157706 0.15328467153284672
0 0.9632616487455197 0.7627737226277372 0.05555555555555555 0.145985401459854
0 1.003584229390681 0.75 0.04659498207885305 0.13503649635036497
0 1.086021505376344 0.8448905109489051 0.06451612903225806 0.13503649635036497
