0 0.10354552780016116 1.3740601503759398 0.0862207896857373 0.33458646616541354
0 0.3174858984689766 1.3120300751879699 0.0692989524576954 0.2781954887218045
0 0.3662369057211926 1.1033834586466165 0.08783239323126511 0.38721804511278196
0 0.47381144238517325 0.8721804511278195 0.0789685737308622 0.43609022556390975
0 0.5257856567284448 1.5 0.057211925866236905 0.3082706766917293
0 0.6325543916196615 1.1973684210526316 0.07735697018533441 0.34962406015037595
0 0.6792908944399678 1.199248120300752 0.08702659145850121 0.2706766917293233
0 0.7848509266720387 0.9548872180451128 0.0692989524576954 0.39849624060150374
0 0.9008863819500403 1.2030075187969924 0.072522159548751 0.3609022556390977
0 1.0209508460918615 0.9454887218045113 0.0789685737308622 0.40225563909774437
