0 0.04312938816449348 0.1414141414141414 0.020060180541624874 0.0707070707070707
0 -0.006018054162487462 0.06691919191919192 0.022066198595787363 0.05808080808080808
0 0.13139418254764293 0.1388888888888889 0.06619859578736209 0.21717171717171718
0 0.1950852557673019 0.17676767676767677 0.025075225677031094 0.08080808080808081
0 0.1860581745235707 0.0 0.01905717151454363 0.05555555555555555
0 0.2382146439317954 0.015151515151515152 0.02106318956870612 0.050505050505050504
0 0.28335005015045134 -0.0012626262626262627 0.02106318956870612 0.05303030303030303
0 0.31344032096288865 0.05176767676767677 0.023069207622868605 0.07323232323232323
0 0.3119358074222668 0.12626262626262627 0.024072216649949848 0.06060606060606061
0 0.2657973921765296 0.1919191919191919 0.0641925777331996 0.20202020202020202
0 0.37011033099297896 0.20075757575757575 0.062186559679037114 0.20959595959595959
0 0.4749247743229689 0.21843434343434343 0.05717151454363089 0.17929292929292928
0 0.5476429287863591 0.18055555555555555 0.05015045135406219 0.1893939393939394
0 0.5862587763289869 0.30176767676767674 0.06118355065195587 0.21464646464646464
0 0.6845536609829489 0.2297979797979798 0.05917753259779338 0.21212121212121213
0 0.7898696088264794 0.12626262626262627 0.06519558676028084 0.21212121212121213
0 0.42878635907723167 0.6262626262626263 0.05717151454363089 0.1919191919191919
0 0.4282848545636911 0.6287878787878788 0.058174523570712136 0.18686868686868688
0 0.4944834503510532 0.672979797979798 0.0641925777331996 0.21464646464646464
0 0.31293881644934807 0.059343434343434344 0.022066198595787363 0.06313131313131314
0 0.43329989969909727 -0.1919191919191919 0.020060180541624874 0.05555555555555555
0 0.49147442326980945 0.0012626262626262627 0.024072216649949848 0.06313131313131314
0 0.5310932798395186 -0.04671717171717172 0.02708124373119358 0.06313131313131314
0 0.6023069207622869 -0.054292929292929296 0.025075225677031094 0.05808080808080808
0 0.7838515546639919 -0.07575757575757576 0.029087261785356068 0.07575757575757576
0 0.8530591775325977 -0.12626262626262627 0.01905717151454363 0.045454545454545456
0 0.9327983951855566 0.32575757575757575 0.0320962888665998 0.09595959595959595
0 0.9147442326980942 0.008838383838383838 0.026078234704112337 0.047979797979797977
0 0.8936810431293881 0.08585858585858586 0.020060180541624874 0.06060606060606061
0 0.6328986960882648 -0.06818181818181818 0.024072216649949848 0.06565656565656566
