0 0.9731471535982814 0.47324414715719065 0.06659505907626208 0.14827201783723523
0 0.8896348012889366 0.5351170568561873 0.05209452201933405 0.12486064659977704
0 0.8104189044038668 0.5245261984392419 0.05263157894736842 0.13489409141583056
0 0.6976369495166488 0.5657748049052397 0.04618689581095596 0.11705685618729098
0 0.6039205155746509 0.5635451505016722 0.04994629430719656 0.12597547380156077
0 0.48899033297529537 0.5295429208472687 0.054242749731471536 0.1426978818283166
0 0.34022556390977443 0.5462653288740246 0.05316863587540279 0.13823857302118173
0 0.2083780880773362 0.5668896321070234 0.05692803437164339 0.1415830546265329
0 0.11493018259935553 0.5897435897435898 0.06659505907626208 0.1516164994425864
0 0.036519871106337275 0.6387959866220736 0.06015037593984962 0.12931995540691194
