0 -0.1835518474374255 0.9805389221556886 0.08104886769964244 0.11676646706586827
0 -0.0005959475566150178 0.6729041916167665 0.08462455303933254 0.15718562874251496
0 0.14183551847437426 0.6175149700598802 0.08343265792610251 0.13323353293413173
0 0.01728247914183552 0.16467065868263472 0.05601907032181168 0.12574850299401197
0 0.023837902264600714 0.13997005988023953 0.050059594755661505 0.08233532934131736
0 0.15137067938021453 0.1309880239520958 0.07151370679380215 0.11826347305389222
0 0.20798569725864124 0.15868263473053892 0.0631704410011919 0.10778443113772455
0 0.266984505363528 0.1751497005988024 0.06912991656734208 0.10778443113772455
0 0.29141835518474374 0.11077844311377245 0.06793802145411204 0.10778443113772455
0 0.3462455303933254 0.2245508982035928 0.12514898688915377 0.18562874251497005
0 0.4302741358760429 0.18113772455089822 0.08343265792610251 0.11676646706586827
0 0.4803337306317044 0.09131736526946108 0.06436233611442194 0.10479041916167664
0 0.5166865315852205 0.1631736526946108 0.0631704410011919 0.09580838323353294
0 0.566150178784267 0.11751497005988024 0.07628128724672228 0.10329341317365269
0 0.6537544696066746 0.10553892215568862 0.060786650774731825 0.09730538922155689
0 0.7413587604290822 0.11452095808383234 0.05959475566150179 0.12125748502994012
0 0.7401668653158522 0.5553892215568862 0.07151370679380215 0.09880239520958084
0 0.569129916567342 0.5823353293413174 0.07032181168057211 0.09281437125748503
