0 0.013267626990144048 1.394736842105263 0.01592115238817286 0.14619883040935672
0 0.0466262319939348 1.4824561403508771 0.01592115238817286 0.14619883040935672
0 0.12736921910538287 1.432748538011696 0.013646702047005308 0.14035087719298245
0 0.18119787717968158 1.432748538011696 0.013646702047005308 0.14035087719298245
0 0.22403335860500379 1.3070175438596492 0.017437452615617893 0.13450292397660818
0 0.2634571645185747 1.3567251461988303 0.01288855193328279 0.11695906432748537
0 0.31046247156937073 1.3245614035087718 0.01288855193328279 0.12280701754385964
0 0.3112206216830933 1.4912280701754386 0.014404852160727824 0.10526315789473684
0 0.32562547384382107 1.3801169590643274 0.014404852160727824 0.11695906432748537
0 0.33472327520849127 1.4853801169590644 0.01592115238817286 0.15204678362573099
0 0.34874905231235787 1.3538011695906433 0.01061410159211524 0.07602339181286549
0 0.3661865049279757 1.4502923976608186 0.012130401819560273 0.10526315789473684
0 0.378316906747536 1.4883040935672514 0.012130401819560273 0.08771929824561403
0 0.4211523881728582 1.347953216374269 0.01592115238817286 0.15789473684210525
0 0.4564063684609553 1.4385964912280702 0.015163002274450341 0.1286549707602339
0 0.5026535253980288 1.4181286549707601 0.012130401819560273 0.12280701754385964
0 0.513267626990144 1.4210526315789473 0.013646702047005308 0.11695906432748537
0 0.5386656557998484 1.368421052631579 0.01288855193328279 0.14035087719298245
0 0.5360121304018196 1.3216374269005848 0.013646702047005308 0.10526315789473684
0 0.5492797573919637 1.371345029239766 0.01288855193328279 0.1111111111111111
0 0.5720242608036391 1.394736842105263 0.009855951478392721 0.08771929824561403
0 0.5818802122820318 1.412280701754386 0.014404852160727824 0.1111111111111111
0 0.6057619408642911 1.3654970760233918 0.012130401819560273 0.1111111111111111
0 0.6239575435936315 1.4298245614035088 0.016679302501895376 0.13450292397660818
0 0.7293404094010614 1.3625730994152048 0.012130401819560273 0.11695906432748537
0 0.7422289613343442 1.3538011695906433 0.012130401819560273 0.1111111111111111
0 0.7562547384382108 1.3128654970760234 0.017437452615617893 0.13450292397660818
0 0.7816527672479151 1.3859649122807018 0.015163002274450341 0.1286549707602339
0 0.7918877937831691 1.3859649122807018 0.011372251705837756 0.10526315789473684
0 0.8009855951478393 1.3859649122807018 0.01288855193328279 0.11695906432748537
0 0.8423047763457164 1.345029239766082 0.015163002274450341 0.1286549707602339
0 0.9010614101592115 1.327485380116959 0.011372251705837756 0.11695906432748537
0 0.9143290371493555 1.409356725146199 0.012130401819560273 0.10526315789473684
0 0.9188779378316907 1.4824561403508771 0.015163002274450341 0.12280701754385964
0 0.9859742228961335 1.391812865497076 0.011372251705837756 0.10526315789473684
0 0.9988627748294162 1.4736842105263157 0.01288855193328279 0.0935672514619883
