0 1.057606263982103 0.2045009784735812 0.04586129753914989 0.11545988258317025
0 0.9574944071588367 0.2035225048923679 0.05145413870246085 0.10567514677103718
0 0.8495525727069351 0.26125244618395305 0.04809843400447427 0.11937377690802348
0 0.7153243847874721 0.2837573385518591 0.052572706935123045 0.11741682974559686
0 0.6051454138702461 0.24951076320939333 0.08277404921700224 0.22113502935420742
0 0.430089485458613 0.1898238747553816 0.09731543624161074 0.23874755381604695
0 0.4983221476510067 0.21428571428571427 0.04586129753914989 0.10763209393346379
0 0.3182326621923937 0.15166340508806261 0.06599552572706935 0.15459882583170254
0 0.16275167785234898 0.1888454011741683 0.07046979865771812 0.15851272015655576
0 0.11521252796420582 0.18003913894324852 0.06935123042505593 0.136986301369863
0 1.0128635346756152 -0.0009784735812133072 0.02796420581655481 0.05283757338551859
0 0.9569351230425056 0.08317025440313111 0.01901565995525727 0.04500978473581213
0 0.837248322147651 0.03816046966731898 0.025727069351230425 0.04892367906066536
0 0.8495525727069351 0.014677103718199608 0.025727069351230425 0.05675146771037182
0 0.7203579418344519 -0.018590998043052837 0.024608501118568233 0.0410958904109589
0 0.6470917225950783 0.06360078277886497 0.02348993288590604 0.04892367906066536
0 0.7281879194630873 0.22113502935420742 0.04697986577181208 0.11350293542074363
0 0.3730425055928412 0.1898238747553816 0.06152125279642058 0.136986301369863
0 0.2930648769574944 0.15459882583170254 0.06487695749440715 0.12133072407045009
