0 0.16213847502191062 1.1122448979591837 0.028045574057843997 0.05539358600583091
0 0.19631901840490798 1.1260932944606414 0.021034180543382998 0.03644314868804665
0 0.25503943908851884 1.1435860058309038 0.012269938650306749 0.021865889212827987
0 0.28352322524101664 1.150874635568513 0.011393514460999123 0.018950437317784258
0 0.3041191936897458 1.1362973760932944 0.010517090271691499 0.018950437317784258
0 0.46406660823838736 1.141399416909621 0.025416301489921123 0.04956268221574344
0 0.8816827344434707 1.1552478134110786 0.007011393514460999 0.013119533527696793
0 0.8970201577563541 1.153790087463557 0.007887817703768623 0.016034985422740525
0 0.9127957931638914 1.162536443148688 0.006134969325153374 0.013119533527696793
0 0.9474145486415425 1.154518950437318 0.008764241893076249 0.014577259475218658
0 0.9631901840490797 1.153790087463557 0.007011393514460999 0.016034985422740525
0 0.9807186678352322 1.1581632653061225 0.007011393514460999 0.013119533527696793
0 0.9877300613496932 1.1377551020408163 0.008764241893076249 0.013119533527696793
0 0.9956178790534619 1.152332361516035 0.008764241893076249 0.016034985422740525
0 0.09377738825591586 1.1319241982507289 0.008764241893076249 0.016034985422740525
0 0.2738825591586328 1.1443148688046647 0.009640666082383873 0.01749271137026239
