0 0.07365792759051186 1.1266233766233766 0.03745318352059925 0.11038961038961038
0 0.16042446941323346 1.0876623376623376 0.033707865168539325 0.09740259740259741
0 0.17852684144818975 1.103896103896104 0.024968789013732832 0.08441558441558442
0 0.299625468164794 1.146103896103896 0.03245942571785269 0.09090909090909091
0 0.2846441947565543 1.0876623376623376 0.024968789013732832 0.06493506493506493
0 0.4069912609238452 1.150974025974026 0.03745318352059925 0.10714285714285714
0 0.4656679151061174 1.1428571428571428 0.024968789013732832 0.08441558441558442
0 0.6023720349563046 1.0535714285714286 0.02372034956304619 0.06168831168831169
0 0.6335830212234707 1.0454545454545454 0.016229712858926344 0.045454545454545456
0 0.7784019975031211 1.1103896103896105 0.033707865168539325 0.08441558441558442
0 0.7203495630461922 1.1022727272727273 0.019975031210986267 0.05519480519480519
0 0.83645443196005 1.0698051948051948 0.019975031210986267 0.048701298701298704
0 0.8888888888888888 1.0422077922077921 0.009987515605493134 0.025974025974025976
0 0.9600499375780275 1.12987012987013 0.024968789013732832 0.07792207792207792
0 0.9569288389513109 1.0146103896103895 0.01373283395755306 0.022727272727272728
0 0.9912609238451935 1.0162337662337662 0.009987515605493134 0.025974025974025976
0 0.8626716604244694 0.9853896103896104 0.00749063670411985 0.016233766233766232
0 0.031835205992509365 1.0844155844155845 0.026217228464419477 0.07792207792207792
0 0.09363295880149813 1.073051948051948 0.02247191011235955 0.06168831168831169
0 0.20287141073657927 1.0795454545454546 0.018726591760299626 0.05519480519480519
0 0.367665418227216 1.0584415584415585 0.018726591760299626 0.05844155844155844
0 0.48314606741573035 1.0373376623376624 0.0149812734082397 0.04220779220779221
0 0.4968789013732834 1.0487012987012987 0.012484394506866416 0.03896103896103896
0 0.7808988764044944 1.0243506493506493 0.011235955056179775 0.03571428571428571
0 0.8177278401997503 1.0194805194805194 0.012484394506866416 0.032467532467532464
0 0.8476903870162297 1.0178571428571428 0.012484394506866416 0.02922077922077922
0 0.7359550561797753 1.0357142857142858 0.018726591760299626 0.05194805194805195
