0 0.11513157894736842 1.2958579881656804 0.03289473684210526 0.20118343195266272
0 0.20285087719298245 1.6538461538461537 0.046052631578947366 0.2781065088757396
0 0.4194078947368421 1.742603550295858 0.06030701754385965 0.46745562130177515
0 0.506578947368421 1.5650887573964498 0.043859649122807015 0.3254437869822485
0 0.6408991228070176 1.5917159763313609 0.03837719298245614 0.2485207100591716
0 0.6683114035087719 1.6952662721893492 0.04276315789473684 0.28994082840236685
0 0.7790570175438597 1.544378698224852 0.023026315789473683 0.15384615384615385
0 0.8415570175438597 1.7366863905325445 0.047149122807017545 0.3254437869822485
0 0.8903508771929824 1.6301775147928994 0.03728070175438596 0.25443786982248523
0 1.0339912280701755 1.529585798816568 0.05482456140350877 0.3609467455621302
0 0.9336622807017544 1.517751479289941 0.020833333333333332 0.14792899408284024
0 0.9533991228070176 1.2248520710059172 0.009868421052631578 0.05917159763313609
