0 0.993781887755102 2.8429203539823007 0.03667091836734694 0.24336283185840707
0 0.9331951530612245 3.024336283185841 0.03475765306122449 0.2079646017699115
0 0.9544005102040817 3.1526548672566372 0.025510204081632654 0.2168141592920354
0 0.8335459183673469 3.2101769911504423 0.02806122448979592 0.2168141592920354
0 0.7715242346938775 3.2964601769911503 0.03475765306122449 0.22566371681415928
0 0.7099808673469388 3.2356194690265485 0.025829081632653062 0.17920353982300885
0 0.6119260204081632 3.3761061946902653 0.030612244897959183 0.22123893805309736
0 0.5285395408163265 3.142699115044248 0.03093112244897959 0.21902654867256638
0 0.41836734693877553 3.2013274336283186 0.026785714285714284 0.2079646017699115
0 0.3639987244897959 3.0099557522123894 0.03475765306122449 0.25
0 0.3190369897959184 3.1714601769911503 0.025191326530612245 0.21902654867256638
0 0.2632334183673469 2.649336283185841 0.03730867346938776 0.2809734513274336
0 0.21364795918367346 3.4059734513274336 0.029336734693877552 0.20575221238938052
0 0.125 3.213495575221239 0.026785714285714284 0.21460176991150443
0 0.028858418367346938 3.2367256637168142 0.033482142857142856 0.24778761061946902
