0 0.1320754716981132 0.5006915629322268 0.07810443176831944 0.301521438450899
0 0.23343571741992103 0.6396957123098201 0.06845107503290918 0.25311203319502074
0 0.3137340939008337 0.6507607192254495 0.06230802983764809 0.23651452282157676
0 0.41882404563405 0.6763485477178424 0.05660377358490566 0.23789764868603042
0 0.5177709521720053 0.6721991701244814 0.05616498464238701 0.21853388658367912
0 0.6250548486178148 0.7178423236514523 0.054848617814831066 0.2157676348547718
0 0.7270732777534006 0.6894882434301521 0.05440982887231242 0.20885200553250347
0 0.8012286090390522 0.6265560165975104 0.05440982887231242 0.22959889349930843
0 0.910048266783677 0.5809128630705395 0.05616498464238701 0.2544951590594744
0 1.0627468187801667 0.5677731673582296 0.060552874067573495 0.23374827109266944
0 0.48420359806932867 1.206085753803596 0.06888986397542782 0.28769017980636236
0 0.6101360245721807 1.0961272475795298 0.06186924089512944 0.2475795297372061
0 0.7360684510750329 1.1141078838174274 0.06625713032031592 0.25311203319502074
0 0.8580517770952172 1.0643153526970954 0.06713470820535322 0.2918395573997234
