0 0.7592592592592593 4.613636363636363 0.015089163237311385 0.15454545454545454
0 0.7695473251028807 4.5227272727272725 0.013717421124828532 0.1
0 0.7818930041152263 4.472727272727273 0.010973936899862825 0.09090909090909091
0 0.8072702331961591 4.5227272727272725 0.009602194787379973 0.08181818181818182
0 0.8477366255144033 4.504545454545455 0.013717421124828532 0.1
0 0.8820301783264746 4.445454545454545 0.013717421124828532 0.09090909090909091
0 0.9046639231824417 4.681818181818182 0.02606310013717421 0.6181818181818182
0 0.9458161865569273 4.45 0.012345679012345678 0.1
0 0.9718792866941015 4.45 0.009602194787379973 0.06363636363636363
0 1.0027434842249656 4.445454545454545 0.013717421124828532 0.09090909090909091
0 1.1145404663923182 4.409090909090909 0.009602194787379973 0.07272727272727272
0 1.3429355281207134 4.636363636363637 0.013717421124828532 0.10909090909090909
0 1.382716049382716 4.609090909090909 0.01646090534979424 0.10909090909090909
0 0.39643347050754457 4.413636363636364 0.010973936899862825 0.08181818181818182
0 0.4513031550068587 4.413636363636364 0.010973936899862825 0.08181818181818182
0 0.4444444444444444 4.4363636363636365 0.010973936899862825 0.07272727272727272
0 0.4499314128943759 4.404545454545454 0.010973936899862825 0.08181818181818182
0 0.4739368998628258 4.427272727272728 0.009602194787379973 0.07272727272727272
0 0.48628257887517146 4.468181818181818 0.009602194787379973 0.08181818181818182
0 0.5233196159122085 4.418181818181818 0.009602194787379973 0.07272727272727272
0 0.5288065843621399 4.4363636363636365 0.009602194787379973 0.07272727272727272
0 0.541838134430727 4.472727272727273 0.010973936899862825 0.07272727272727272
0 0.556241426611797 4.427272727272728 0.009602194787379973 0.07272727272727272
0 0.5631001371742113 4.4409090909090905 0.009602194787379973 0.08181818181818182
0 0.5733882030178327 4.463636363636364 0.00823045267489712 0.05454545454545454
