0 0.06625615763546798 3.6346153846153846 0.011330049261083743 0.1
0 0.034975369458128076 3.5519230769230767 0.009852216748768473 0.11923076923076924
0 1.0073891625615763 3.519230769230769 0.04532019704433497 0.4307692307692308
0 0.9231527093596059 3.4692307692307693 0.03152709359605911 0.3
0 0.8219211822660099 3.294230769230769 0.040886699507389164 0.39615384615384613
0 0.7096059113300492 3.45 0.03399014778325123 0.35384615384615387
0 0.6524630541871921 3.675 0.040886699507389164 0.4115384615384615
0 0.6270935960591133 3.4384615384615387 0.02561576354679803 0.2923076923076923
0 0.5458128078817734 3.526923076923077 0.035467980295566505 0.3076923076923077
0 0.5061576354679803 3.6807692307692306 0.04187192118226601 0.4230769230769231
0 0.43645320197044335 3.746153846153846 0.035467980295566505 0.36153846153846153
0 0.370935960591133 3.748076923076923 0.042364532019704436 0.4346153846153846
0 0.3120689655172414 3.6903846153846156 0.04187192118226601 0.3423076923076923
0 0.258128078817734 3.8134615384615387 0.059113300492610835 0.5653846153846154
