0 0.12605042016806722 0.9021406727828746 0.023109243697478993 0.07951070336391437
0 0.27363445378151263 1.0489296636085628 0.02415966386554622 0.09174311926605505
0 0.33403361344537813 0.7584097859327217 0.04201680672268908 0.14067278287461774
0 0.42489495798319327 0.5978593272171254 0.03466386554621849 0.11926605504587157
0 0.6727941176470589 0.9801223241590215 0.05567226890756303 0.16819571865443425
0 0.7221638655462185 0.9113149847094801 0.022058823529411766 0.07339449541284404
0 0.7689075630252101 1.073394495412844 0.018907563025210083 0.07339449541284404
0 0.7610294117647058 0.9617737003058104 0.022058823529411766 0.07033639143730887
0 0.8371848739495799 0.8058103975535168 0.058823529411764705 0.20489296636085627
0 0.9411764705882353 0.9403669724770642 0.03361344537815126 0.10703363914373089
0 1.0509453781512605 1.0871559633027523 0.032563025210084036 0.09480122324159021
0 0.24684873949579833 0.9097859327217125 0.023109243697478993 0.08256880733944955
0 0.9926470588235294 1.246177370030581 0.031512605042016806 0.0764525993883792
