0 1.0410385259631492 0.6053639846743295 0.048576214405360134 0.29118773946360155
0 0.945142378559464 0.5191570881226054 0.05443886097152429 0.2950191570881226
0 0.8953098827470687 1.0708812260536398 0.05862646566164154 0.28735632183908044
0 0.7106365159128978 1.0862068965517242 0.05443886097152429 0.28735632183908044
0 0.5917085427135679 1.0919540229885059 0.05108877721943048 0.2988505747126437
0 0.46063651591289784 1.0747126436781609 0.05360134003350084 0.3333333333333333
0 0.3324958123953099 1.0842911877394636 0.05360134003350084 0.2988505747126437
0 0.8768844221105527 0.6264367816091954 0.04522613065326633 0.24904214559386972
0 0.7918760469011725 0.5095785440613027 0.049413735343383586 0.2835249042145594
0 0.6913735343383585 0.4501915708812261 0.04773869346733668 0.2796934865900383
0 0.5984087102177554 0.4118773946360153 0.046063651591289785 0.26436781609195403
0 0.5196817420435511 0.3716475095785441 0.046063651591289785 0.26053639846743293
0 0.4103852596314908 0.38122605363984674 0.051926298157453935 0.2720306513409962
0 0.330820770519263 0.6283524904214559 0.048576214405360134 0.2835249042145594
0 0.22906197654941374 0.49616858237547895 0.05611390284757119 0.30268199233716475
0 0.09589614740368509 0.41954022988505746 0.06113902847571189 0.3333333333333333
