0 0.011266747868453105 0.5101553166069295 0.06029232643118149 0.11947431302270012
0 0.19031668696711326 0.3010752688172043 0.08221680876979294 0.2174432497013142
0 0.11114494518879416 0.7389486260454002 0.02253349573690621 0.05854241338112306
0 0.2889768574908648 0.6135005973715651 0.04811205846528624 0.09199522102747909
0 0.38946406820950064 0.519115890083632 0.05420219244823386 0.11589008363201912
0 0.4518879415347138 0.6696535244922341 0.04141291108404385 0.09199522102747909
0 0.535931790499391 0.5645161290322581 0.05115712545676005 0.11589008363201912
0 0.6023142509135201 0.6385902031063322 0.03654080389768575 0.08004778972520908
0 0.6802679658952497 0.7634408602150538 0.024360535931790498 0.05973715651135006
0 0.7259439707673568 0.6959378733572282 0.031668696711327646 0.08243727598566308
0 0.7484774665042631 0.7455197132616488 0.024360535931790498 0.054958183990442055
0 0.7935444579780755 0.7043010752688172 0.02679658952496955 0.05854241338112306
0 0.8261266747868453 0.8016726403823178 0.020097442143727162 0.052568697729988054
0 0.8718026796589525 0.7652329749103942 0.024969549330085262 0.06093189964157706
0 0.9059074299634592 0.7735961768219832 0.023751522533495738 0.053763440860215055
0 0.9613276492082826 0.8530465949820788 0.02253349573690621 0.04540023894862605
0 0.9710718635809987 0.7843488649940262 0.020097442143727162 0.04659498207885305
