0 0.7745901639344263 0.8645833333333334 0.014344262295081968 0.024305555555555556
0 0.8027663934426229 0.8854166666666666 0.017418032786885244 0.034722222222222224
0 0.7935450819672131 0.8454861111111112 0.011270491803278689 0.020833333333333332
0 0.8206967213114754 0.8949652777777778 0.02459016393442623 0.050347222222222224
0 0.8970286885245902 0.9210069444444444 0.031762295081967214 0.057291666666666664
0 0.9047131147540983 0.8602430555555556 0.014344262295081968 0.022569444444444444
0 0.701844262295082 0.9730902777777778 0.05942622950819672 0.11979166666666667
0 0.5373975409836066 0.9375 0.035860655737704916 0.0625
0 0.5655737704918032 0.9322916666666666 0.02459016393442623 0.04861111111111111
0 0.6111680327868853 0.9192708333333334 0.025614754098360656 0.057291666666666664
0 0.0194672131147541 0.8758680555555556 0.06147540983606557 0.09895833333333333
0 0.10348360655737705 0.8550347222222222 0.07172131147540983 0.1371527777777778
0 0.2464139344262295 1.0390625 0.08094262295081968 0.13020833333333334
0 0.29405737704918034 0.9557291666666666 0.055327868852459015 0.0920138888888889
0 0.38063524590163933 0.9913194444444444 0.05430327868852459 0.09722222222222222
0 0.4257172131147541 0.8932291666666666 0.02151639344262295 0.03993055555555555
0 0.39600409836065575 0.9270833333333334 0.0194672131147541 0.03819444444444445
0 0.32530737704918034 0.9079861111111112 0.027663934426229508 0.04861111111111111
0 0.21260245901639344 0.9227430555555556 0.027663934426229508 0.046875
0 0.7377049180327869 0.8940972222222222 0.01639344262295082 0.03125
0 0.7100409836065574 0.8914930555555556 0.020491803278688523 0.046875
0 0.6608606557377049 0.9027777777777778 0.020491803278688523 0.041666666666666664
0 0.670594262295082 0.9600694444444444 0.0194672131147541 0.03819444444444445
0 0.9697745901639344 0.9123263888888888 0.03790983606557377 0.07465277777777778
0 0.9672131147540983 1.0034722222222223 0.036885245901639344 0.08680555555555555
0 0.9656762295081968 0.8541666666666666 0.02151639344262295 0.034722222222222224
