0 0.057065217391304345 1.6313131313131313 0.016304347826086956 0.0707070707070707
0 0.15421195652173914 1.5707070707070707 0.012228260869565218 0.050505050505050504
0 0.17527173913043478 1.6186868686868687 0.01358695652173913 0.05555555555555555
0 0.5400815217391305 1.5075757575757576 0.009510869565217392 0.045454545454545456
0 0.6514945652173914 1.5 0.012228260869565218 0.06060606060606061
0 0.7105978260869565 1.5505050505050506 0.010869565217391304 0.04040404040404041
0 0.20244565217391305 2.23989898989899 0.0625 0.2777777777777778
0 0.3641304347826087 1.8762626262626263 0.03260869565217391 0.14646464646464646
0 0.6902173913043478 1.6464646464646464 0.024456521739130436 0.1111111111111111
0 0.7384510869565217 1.7954545454545454 0.025815217391304348 0.10606060606060606
0 0.7873641304347826 1.6338383838383839 0.017663043478260868 0.07575757575757576
0 0.8661684782608695 1.6085858585858586 0.017663043478260868 0.07575757575757576
0 0.9028532608695652 1.6035353535353536 0.017663043478260868 0.07575757575757576
0 0.9150815217391305 1.5454545454545454 0.017663043478260868 0.08080808080808081
0 1.0407608695652173 1.5707070707070707 0.016304347826086956 0.08080808080808081
0 1.0190217391304348 1.6313131313131313 0.019021739130434784 0.08080808080808081
0 1.0373641304347827 1.6616161616161615 0.02309782608695652 0.10101010101010101
