0 0.6483463035019456 0.7876106194690266 0.016536964980544747 0.035398230088495575
0 0.48394941634241245 0.8174778761061947 0.01264591439688716 0.03761061946902655
0 0.5340466926070039 0.831858407079646 0.013618677042801557 0.035398230088495575
0 0.6084630350194552 0.8650442477876106 0.030155642023346304 0.1592920353982301
0 0.6084630350194552 0.879424778761062 0.014591439688715954 0.0420353982300885
0 0.642023346303502 0.9690265486725663 0.04085603112840467 0.2168141592920354
0 0.703307392996109 0.8185840707964602 0.011673151750972763 0.02654867256637168
0 0.7495136186770428 0.7632743362831859 0.008754863813229572 0.022123893805309734
0 0.6940661478599222 0.870575221238938 0.03404669260700389 0.2013274336283186
0 0.6950389105058365 0.7688053097345132 0.014591439688715954 0.033185840707964605
0 0.7003891050583657 0.8628318584070797 0.013618677042801557 0.035398230088495575
0 0.6857976653696498 0.9026548672566371 0.011673151750972763 0.035398230088495575
0 0.6580739299610895 0.9977876106194691 0.03599221789883268 0.10619469026548672
0 0.879863813229572 0.9137168141592921 0.05155642023346303 0.1504424778761062
0 0.7441634241245136 0.9469026548672567 0.08949416342412451 0.2345132743362832
0 0.7767509727626459 0.8672566371681416 0.07295719844357977 0.19911504424778761
0 0.5860894941634242 0.9646017699115044 0.05155642023346303 0.1592920353982301
0 0.5583657587548638 0.9424778761061947 0.05642023346303502 0.15486725663716813
0 0.49367704280155644 1.0508849557522124 0.04182879377431906 0.11061946902654868
0 0.426556420233463 0.9491150442477876 0.05544747081712062 0.1415929203539823
0 0.2242217898832685 0.7566371681415929 0.09046692607003891 0.252212389380531
0 0.11770428015564202 1.0287610619469028 0.05642023346303502 0.168141592920354
0 0.02529182879377432 1.0873893805309736 0.04085603112840467 0.1261061946902655
0 0.0627431906614786 1.079646017699115 0.03404669260700389 0.10176991150442478
0 0.3832684824902724 1.051991150442478 0.04085603112840467 0.1084070796460177
0 0.4961089494163424 0.8672566371681416 0.017509727626459144 0.03982300884955752
0 0.35651750972762647 0.9778761061946902 0.053501945525291826 0.12831858407079647
