0 0.05483271375464684 1.2766272189349113 0.022304832713754646 0.08579881656804733
0 0.08736059479553904 1.2396449704142012 0.020446096654275093 0.07692307692307693
0 0.21654275092936803 1.2751479289940828 0.024163568773234202 0.07100591715976332
0 0.26579925650557623 1.1730769230769231 0.01858736059479554 0.06804733727810651
0 0.27276951672862454 1.2440828402366864 0.015799256505576207 0.0621301775147929
0 0.15613382899628253 1.0931952662721893 0.007434944237918215 0.026627218934911243
0 0.17890334572490707 1.0887573964497042 0.008364312267657992 0.023668639053254437
0 0.3471189591078067 1.2988165680473374 0.017657992565055763 0.05917159763313609
0 0.35641263940520446 1.282544378698225 0.02137546468401487 0.07396449704142012
0 0.3694237918215613 1.202662721893491 0.015799256505576207 0.05621301775147929
0 0.41403345724907065 1.2884615384615385 0.019516728624535316 0.06804733727810651
0 0.4521375464684015 1.1937869822485208 0.013940520446096654 0.05029585798816568
0 0.4972118959107807 1.2144970414201184 0.016728624535315983 0.06804733727810651
0 0.5088289962825279 1.2381656804733727 0.019516728624535316 0.06804733727810651
0 0.5283457249070632 1.220414201183432 0.013940520446096654 0.05621301775147929
0 0.47444237918215615 1.168639053254438 0.012081784386617101 0.04142011834319527
0 0.48698884758364314 1.1715976331360947 0.013011152416356878 0.04142011834319527
0 0.5037174721189591 1.1405325443786982 0.011152416356877323 0.038461538461538464
0 0.5710966542750929 1.2292899408284024 0.015799256505576207 0.0621301775147929
0 0.5813197026022305 1.2218934911242603 0.015799256505576207 0.05325443786982249
0 0.5548327137546468 1.1715976331360947 0.013011152416356878 0.047337278106508875
0 0.620817843866171 1.205621301775148 0.01858736059479554 0.05029585798816568
0 0.5845724907063197 1.1612426035502958 0.011152416356877323 0.038461538461538464
0 0.6054832713754646 1.1479289940828403 0.010223048327137546 0.04142011834319527
0 0.6212825278810409 1.1553254437869822 0.012081784386617101 0.038461538461538464
0 0.7109665427509294 1.2189349112426036 0.01858736059479554 0.05917159763313609
0 0.6895910780669146 1.217455621301775 0.01486988847583643 0.05029585798816568
0 0.6844795539033457 1.1538461538461537 0.012081784386617101 0.03550295857988166
0 0.7170074349442379 1.1863905325443787 0.012081784386617101 0.04142011834319527
0 0.7402416356877324 1.1449704142011834 0.008364312267657992 0.023668639053254437
0 0.7574349442379182 1.1568047337278107 0.00929368029739777 0.03550295857988166
0 0.7825278810408922 1.2100591715976332 0.01486988847583643 0.05325443786982249
0 0.7839219330855018 1.1568047337278107 0.010223048327137546 0.03550295857988166
0 0.7221189591078067 1.1331360946745561 0.00929368029739777 0.03550295857988166
0 0.8197026022304833 1.1937869822485208 0.011152416356877323 0.04437869822485207
0 0.8429368029739777 1.1701183431952662 0.011152416356877323 0.03254437869822485
0 0.8559479553903345 1.1789940828402368 0.00929368029739777 0.038461538461538464
0 0.8680297397769516 1.1760355029585798 0.007434944237918215 0.03254437869822485
0 0.8935873605947955 1.1479289940828403 0.010223048327137546 0.029585798816568046
0 0.9242565055762082 1.1538461538461537 0.008364312267657992 0.029585798816568046
0 0.9442379182156134 1.150887573964497 0.007434944237918215 0.023668639053254437
0 0.9818773234200744 1.1390532544378698 0.008364312267657992 0.023668639053254437
