0 0.5135983263598326 4.1686046511627906 0.0899581589958159 0.7093023255813954
0 0.6276150627615062 3.7209302325581395 0.016736401673640166 0.11627906976744186
0 0.5617154811715481 3.953488372093023 0.014644351464435146 0.09302325581395349
0 0.8284518828451883 3.645348837209302 0.012552301255230125 0.08139534883720931
0 0.8577405857740585 3.6569767441860463 0.012552301255230125 0.08139534883720931
0 0.8776150627615062 3.8372093023255816 0.03138075313807531 0.4418604651162791
0 1.0355648535564854 3.5930232558139537 0.012552301255230125 0.06976744186046512
0 0.9048117154811716 3.622093023255814 0.006276150627615063 0.03488372093023256
0 0.7604602510460251 3.75 0.010460251046025104 0.05813953488372093
0 0.7656903765690377 3.6569767441860463 0.008368200836820083 0.05813953488372093
0 0.6610878661087866 3.686046511627907 0.008368200836820083 0.046511627906976744
0 0.6485355648535565 3.63953488372093 0.008368200836820083 0.046511627906976744
0 0.5868200836820083 3.6627906976744184 0.010460251046025104 0.06976744186046512
0 0.5031380753138075 3.75 0.014644351464435146 0.10465116279069768
0 0.42677824267782427 3.633720930232558 0.012552301255230125 0.05813953488372093
0 0.2928870292887029 3.6744186046511627 0.016736401673640166 0.09302325581395349
0 0.2918410041841004 3.6686046511627906 0.014644351464435146 0.08139534883720931
0 0.3127615062761506 3.6569767441860463 0.006276150627615063 0.03488372093023256
0 0.20606694560669456 3.703488372093023 0.01882845188284519 0.10465116279069768
0 0.23640167364016737 3.7093023255813953 0.016736401673640166 0.09302325581395349
0 0.17782426778242677 3.604651162790698 0.008368200836820083 0.046511627906976744
0 0.08577405857740586 3.63953488372093 0.008368200836820083 0.046511627906976744
0 0.058577405857740586 3.738372093023256 0.02510460251046025 0.3372093023255814
