0 0.09848484848484848 4.330357142857143 0.041666666666666664 0.4107142857142857
0 0.125 4.044642857142857 0.03409090909090909 0.4107142857142857
0 0.21212121212121213 4.080357142857143 0.03409090909090909 0.44642857142857145
0 0.2509469696969697 4.089285714285714 0.03598484848484849 0.5
0 0.29545454545454547 4.053571428571429 0.03409090909090909 0.42857142857142855
0 0.3428030303030303 4.330357142857143 0.03409090909090909 0.4107142857142857
0 0.38257575757575757 4.366071428571429 0.030303030303030304 0.4107142857142857
0 0.4318181818181818 4.401785714285714 0.03409090909090909 0.44642857142857145
0 0.4498106060606061 4.366071428571429 0.028409090909090908 0.4107142857142857
0 0.4753787878787879 4.5 0.030303030303030304 0.39285714285714285
0 0.5113636363636364 4.383928571428571 0.030303030303030304 0.375
0 0.5445075757575758 4.392857142857143 0.032196969696969696 0.42857142857142855
0 0.571969696969697 4.491071428571429 0.026515151515151516 0.3392857142857143
0 0.615530303030303 4.3125 0.030303030303030304 0.375
0 0.6609848484848485 4.241071428571429 0.03409090909090909 0.4107142857142857
0 0.6922348484848485 4.223214285714286 0.03598484848484849 0.4107142857142857
0 0.7528409090909091 4.321428571428571 0.03977272727272727 0.42857142857142855
0 0.7831439393939394 4.285714285714286 0.043560606060606064 0.5
0 0.834280303030303 4.214285714285714 0.03977272727272727 0.4642857142857143
0 0.9081439393939394 4.214285714285714 0.03598484848484849 0.4642857142857143
0 0.9488636363636364 4.491071428571429 0.03409090909090909 0.44642857142857145
0 0.9952651515151515 4.517857142857143 0.03598484848484849 0.39285714285714285
0 1.0615530303030303 4.616071428571429 0.032196969696969696 0.44642857142857145
