0 0.9800796812749004 1.0 0.043824701195219126 0.18118466898954705
0 0.8476095617529881 1.2700348432055748 0.037848605577689244 0.17770034843205576
0 0.8416334661354582 1.0923344947735192 0.03386454183266932 0.13588850174216027
0 0.7793824701195219 1.0365853658536586 0.030876494023904383 0.13588850174216027
0 0.7146414342629482 1.39198606271777 0.04083665338645418 0.18466898954703834
0 0.6349601593625498 1.4407665505226481 0.03884462151394422 0.18466898954703834
0 0.4073705179282869 1.5226480836236933 0.035856573705179286 0.15331010452961671
0 0.30378486055776893 1.0696864111498259 0.037848605577689244 0.15331010452961671
0 0.2300796812749004 0.9686411149825784 0.037848605577689244 0.17421602787456447
0 0.38794820717131473 1.0766550522648084 0.03286852589641434 0.15331010452961671
0 0.4596613545816733 1.0923344947735192 0.03286852589641434 0.14285714285714285
0 0.5308764940239044 1.043554006968641 0.03187250996015936 0.14285714285714285
0 0.5811752988047809 1.0801393728222997 0.02888446215139442 0.13937282229965156
0 0.6329681274900398 1.0905923344947734 0.030876494023904383 0.11846689895470383
0 0.6862549800796812 1.1411149825783973 0.027888446215139442 0.14285714285714285
0 0.7564741035856574 1.0679442508710801 0.02888446215139442 0.12195121951219512
0 0.6588645418326693 0.9616724738675958 0.030876494023904383 0.1254355400696864
0 0.3426294820717131 1.0069686411149825 0.03187250996015936 0.13937282229965156
0 0.2679282868525896 0.975609756097561 0.035856573705179286 0.13937282229965156
