0 0.05800214822771214 0.2789598108747045 0.04940923737916219 0.11347517730496454
0 0.19226638023630505 0.43617021276595747 0.03866809881847476 0.10638297872340426
0 0.2841031149301826 0.35697399527186763 0.0397422126745435 0.11347517730496454
0 0.36251342642320084 0.483451536643026 0.022556390977443608 0.054373522458628844
0 0.41568206229860366 0.5555555555555556 0.01288936627282492 0.037825059101654845
0 0.47207303974221265 0.4739952718676123 0.02685284640171858 0.054373522458628844
0 0.4967776584317938 0.5981087470449172 0.00966702470461869 0.02364066193853428
0 0.5290010741138561 0.6371158392434988 0.01611170784103115 0.06855791962174941
0 0.5639097744360902 0.5401891252955082 0.015037593984962405 0.03546099290780142
0 0.6095596133190118 0.45390070921985815 0.02685284640171858 0.08983451536643026
0 0.6772287862513426 0.41725768321513 0.02900107411385607 0.08274231678486997
0 0.7438238453276047 0.4787234042553192 0.03329752953813104 0.07328605200945626
0 0.7867883995703545 0.483451536643026 0.018259935553168637 0.04018912529550828
0 0.841031149301826 0.43498817966903075 0.036519871106337275 0.07565011820330969
0 0.9232008592910849 0.4243498817966903 0.02900107411385607 0.06855791962174941
0 0.9334049409237379 0.375886524822695 0.034371643394199784 0.08983451536643026
