0 1.0892448512585813 4.589108910891089 0.013729977116704805 0.12871287128712872
0 1.0062929061784898 4.643564356435643 0.012585812356979404 0.1188118811881188
0 0.9719679633867276 4.6138613861386135 0.014874141876430207 0.13861386138613863
0 0.8890160183066361 4.841584158415841 0.016018306636155607 0.13861386138613863
0 0.8661327231121282 4.5594059405940595 0.013729977116704805 0.12871287128712872
0 0.6435926773455377 4.544554455445544 0.019450800915331808 0.19801980198019803
0 0.6384439359267735 4.49009900990099 0.02288329519450801 0.18811881188118812
0 0.5869565217391305 4.599009900990099 0.020594965675057208 0.22772277227722773
0 0.5183066361556065 4.465346534653466 0.018306636155606407 0.15841584158415842
0 0.5011441647597255 4.49009900990099 0.016018306636155607 0.2079207920792079
0 0.48226544622425627 4.52970297029703 0.017162471395881007 0.18811881188118812
0 0.42734553775743706 4.633663366336633 0.014874141876430207 0.1782178217821782
0 0.44565217391304346 4.5049504950495045 0.012585812356979404 0.13861386138613863
0 0.43249427917620137 4.485148514851486 0.016018306636155607 0.15841584158415842
0 0.40045766590389015 4.584158415841584 0.018306636155606407 0.1782178217821782
0 0.37414187643020597 4.53960396039604 0.018306636155606407 0.16831683168316833
0 0.3804347826086957 4.5049504950495045 0.014874141876430207 0.1782178217821782
0 0.34668192219679633 4.50990099009901 0.020594965675057208 0.1485148514851485
0 0.32723112128146453 4.53960396039604 0.018306636155606407 0.18811881188118812
0 0.3306636155606407 4.3861386138613865 0.016018306636155607 0.1782178217821782
