0 0.6981981981981982 1.0582329317269077 0.01981981981981982 0.08433734939759036
0 0.7202702702702702 1.0763052208835342 0.017117117117117116 0.08835341365461848
0 0.7414414414414414 1.0843373493975903 0.018018018018018018 0.0963855421686747
0 0.7662162162162162 1.1204819277108433 0.01891891891891892 0.11244979919678715
0 0.7864864864864864 1.1144578313253013 0.021621621621621623 0.11646586345381527
0 0.8594594594594595 1.144578313253012 0.021621621621621623 0.12048192771084337
0 0.9486486486486486 1.6184738955823292 0.036036036036036036 0.20883534136546184
0 0.4900900900900901 1.0461847389558232 0.014414414414414415 0.08433734939759036
0 0.5175675675675676 1.108433734939759 0.017117117117117116 0.0963855421686747
0 0.527927927927928 1.0803212851405624 0.018018018018018018 0.11244979919678715
0 0.5418918918918919 1.1204819277108433 0.02072072072072072 0.1285140562248996
0 0.5626126126126126 1.1546184738955823 0.024324324324324326 0.14056224899598393
0 0.5869369369369369 1.21285140562249 0.03153153153153153 0.18473895582329317
0 0.609009009009009 1.3052208835341366 0.043243243243243246 0.24096385542168675
0 0.3621621621621622 1.0200803212851406 0.010810810810810811 0.0642570281124498
0 0.33153153153153153 1.0281124497991967 0.012612612612612612 0.0642570281124498
0 0.29144144144144146 1.0321285140562249 0.00990990990990991 0.05622489959839357
0 0.2545045045045045 1.0281124497991967 0.011711711711711712 0.0642570281124498
0 0.19234234234234235 1.0783132530120483 0.015315315315315315 0.07630522088353414
0 0.36576576576576575 1.0742971887550201 0.016216216216216217 0.08433734939759036
0 0.3364864864864865 1.108433734939759 0.02072072072072072 0.11244979919678715
0 0.31036036036036035 1.1004016064257027 0.02252252252252252 0.1285140562248996
0 0.2801801801801802 1.1184738955823292 0.021621621621621623 0.10843373493975904
0 0.25765765765765763 1.1867469879518073 0.021621621621621623 0.12449799196787148
0 0.24054054054054055 1.2309236947791165 0.02882882882882883 0.1646586345381526
0 0.1927927927927928 1.3413654618473896 0.036036036036036036 0.18473895582329317
0 0.16846846846846847 1.427710843373494 0.043243243243243246 0.23694779116465864
0 0.15045045045045044 1.0843373493975903 0.016216216216216217 0.08032128514056225
0 0.13423423423423422 1.1024096385542168 0.016216216216216217 0.08433734939759036
0 0.11936936936936937 1.0883534136546185 0.02072072072072072 0.10441767068273092
0 0.08738738738738738 1.142570281124498 0.01981981981981982 0.11646586345381527
0 0.06531531531531531 1.1566265060240963 0.02072072072072072 0.11244979919678715
0 0.04099099099099099 1.1566265060240963 0.026126126126126126 0.1285140562248996
0 0.005855855855855856 1.1947791164658634 0.02252252252252252 0.14859437751004015
0 -0.021621621621621623 1.2650602409638554 0.023423423423423424 0.10441767068273092
