0 0.05752933507170795 0.7324561403508771 0.049869621903520206 0.11562998405103668
0 0.12988917861799218 0.7464114832535885 0.04791395045632334 0.11642743221690591
0 0.2183833116036506 0.8544657097288676 0.03455019556714472 0.11722488038277512
0 0.2328878748370274 0.7926634768740032 0.04530638852672751 0.1371610845295056
0 0.31632985658409385 0.8648325358851675 0.0394393741851369 0.11084529505582137
0 0.35446544980443284 0.844896331738437 0.03422425032594524 0.1076555023923445
0 0.40303129074315514 0.6858054226475279 0.049869621903520206 0.1467304625199362
0 0.507496740547588 0.8217703349282297 0.044980443285528034 0.15390749601275916
0 0.5809973924380704 0.7639553429027113 0.04791395045632334 0.17384370015948963
0 0.6962190352020861 1.0869218500797448 0.02998696219035202 0.08293460925039872
0 0.6390156453715776 1.088915470494418 0.0303129074315515 0.10127591706539076
0 0.7478813559322034 1.09170653907496 0.036831812255541066 0.11004784688995216
0 0.7969361147327249 0.9992025518341308 0.029335071707953065 0.09090909090909091
0 0.8339308996088657 0.5713716108452951 0.07398956975228162 0.20015948963317384
0 1.0109191655801826 1.0107655502392345 0.043350717079530636 0.11244019138755981
