0 0.12630480167014613 0.75 0.03549060542797495 0.0779816513761468
0 0.1304801670146138 0.7798165137614679 0.04384133611691023 0.09174311926605505
0 0.17640918580375783 0.786697247706422 0.04801670146137787 0.11467889908256881
0 0.5386221294363257 1.201834862385321 0.13778705636743216 0.3669724770642202
0 0.2620041753653445 0.9334862385321101 0.07306889352818371 0.17889908256880735
0 0.2828810020876827 0.7041284403669725 0.031315240083507306 0.06880733944954129
0 0.325678496868476 0.7454128440366973 0.037578288100208766 0.0779816513761468
0 0.3966597077244259 0.713302752293578 0.033402922755741124 0.0779816513761468
0 0.4822546972860125 0.7247706422018348 0.033402922755741124 0.08256880733944955
0 0.5271398747390397 0.7729357798165137 0.03549060542797495 0.0779816513761468
0 0.477035490605428 0.8623853211009175 0.04801670146137787 0.12844036697247707
0 0.6033402922755741 0.8761467889908257 0.05845511482254697 0.12844036697247707
0 0.8016701461377871 0.8830275229357798 0.0709812108559499 0.16972477064220184
0 0.453027139874739 0.6857798165137615 0.025052192066805846 0.05963302752293578
0 0.5083507306889353 0.6903669724770642 0.027139874739039668 0.06880733944954129
0 0.5835073068893528 0.6834862385321101 0.027139874739039668 0.06422018348623854
0 0.6555323590814196 0.713302752293578 0.025052192066805846 0.05963302752293578
0 0.6377870563674322 0.768348623853211 0.03966597077244259 0.0963302752293578
0 0.7640918580375783 0.8073394495412844 0.029227557411273485 0.07339449541284404
0 0.8068893528183716 0.7454128440366973 0.027139874739039668 0.05045871559633028
0 0.8695198329853863 0.6880733944954128 0.031315240083507306 0.06422018348623854
0 0.9144050104384134 0.7454128440366973 0.04175365344467641 0.0963302752293578
0 0.9853862212943633 0.694954128440367 0.033402922755741124 0.06880733944954129
0 0.9352818371607515 0.7706422018348624 0.054279749478079335 0.11926605504587157
0 0.46659707724425886 0.5642201834862385 0.018789144050104383 0.06422018348623854
0 0.3496868475991649 0.8279816513761468 0.05219206680584551 0.12385321100917432
