0 0.9108761329305136 1.1391184573002755 0.13293051359516617 0.31129476584022037
0 0.5974320241691843 1.1460055096418733 0.14954682779456194 0.34710743801652894
0 0.48867069486404835 1.421487603305785 0.1283987915407855 0.2699724517906336
0 0.6661631419939577 0.6446280991735537 0.08157099697885196 0.1763085399449036
0 0.5354984894259819 0.6983471074380165 0.07401812688821752 0.16804407713498623
0 0.3693353474320242 0.8085399449035813 0.05891238670694864 0.12947658402203857
0 0.3595166163141994 1.2231404958677685 0.12084592145015106 0.2865013774104683
0 0.015861027190332326 1.3553719008264462 0.0770392749244713 0.1928374655647383
0 0.11555891238670694 1.2575757575757576 0.0770392749244713 0.15702479338842976
0 0.19939577039274925 1.2148760330578512 0.07250755287009064 0.18181818181818182
0 0.2545317220543807 1.234159779614325 0.09516616314199396 0.21487603305785125
