0 0.884493670886076 0.2768115942028985 0.012658227848101266 0.020289855072463767
0 0.9517405063291139 0.2855072463768116 0.011075949367088608 0.020289855072463767
0 0.9746835443037974 0.36086956521739133 0.00949367088607595 0.020289855072463767
0 0.9881329113924051 0.4855072463768116 0.02689873417721519 0.04927536231884058
0 0.8710443037974683 0.45652173913043476 0.020569620253164556 0.043478260869565216
0 0.7729430379746836 0.34492753623188405 0.011075949367088608 0.02318840579710145
0 0.6408227848101266 0.41304347826086957 0.028481012658227847 0.06666666666666667
0 0.08306962025316456 0.4144927536231884 0.02689873417721519 0.057971014492753624
0 0.07674050632911393 0.4985507246376812 0.02689873417721519 0.05217391304347826
0 0.3900316455696203 1.1202898550724638 0.07436708860759493 0.1536231884057971
0 0.5118670886075949 0.7956521739130434 0.0490506329113924 0.08985507246376812
0 0.30063291139240506 0.8521739130434782 0.34177215189873417 0.3188405797101449
0 0.3615506329113924 0.7492753623188406 0.04588607594936709 0.08985507246376812
0 0.33069620253164556 0.7144927536231884 0.04113924050632911 0.0782608695652174
0 0.34889240506329117 0.6115942028985507 0.03639240506329114 0.057971014492753624
0 0.36550632911392406 0.6086956521739131 0.04113924050632911 0.06376811594202898
0 0.7294303797468354 0.36231884057971014 0.00949367088607595 0.017391304347826087
0 0.6147151898734177 0.2753623188405797 0.011075949367088608 0.017391304347826087
0 0.6052215189873418 0.27391304347826084 0.007911392405063292 0.014492753623188406
0 0.47705696202531644 0.3144927536231884 0.007911392405063292 0.014492753623188406
0 0.5142405063291139 0.3318840579710145 0.00949367088607595 0.014492753623188406
0 0.43829113924050633 0.34782608695652173 0.00949367088607595 0.017391304347826087
