0 0.058333333333333334 0.22569444444444445 0.004901960784313725 0.006944444444444444
0 0.1661764705882353 0.17708333333333334 0.008823529411764706 0.027777777777777776
0 0.4053921568627451 0.20572916666666666 0.0029411764705882353 0.008680555555555556
0 0.421078431372549 0.2013888888888889 0.004901960784313725 0.006944444444444444
0 0.049509803921568625 0.3550347222222222 0.016666666666666666 0.029513888888888888
0 0.0784313725490196 0.3307291666666667 0.013725490196078431 0.026041666666666668
0 0.08725490196078431 0.3298611111111111 0.011764705882352941 0.024305555555555556
0 0.022549019607843137 0.4027777777777778 0.03137254901960784 0.05555555555555555
0 0.00196078431372549 0.5034722222222222 0.06274509803921569 0.11805555555555555
0 0.13676470588235295 0.3559027777777778 0.03431372549019608 0.06944444444444445
0 0.19019607843137254 0.3255208333333333 0.03529411764705882 0.0642361111111111
0 0.23872549019607844 0.2977430555555556 0.016666666666666666 0.03298611111111111
0 0.3127450980392157 0.2786458333333333 0.023529411764705882 0.050347222222222224
0 0.35049019607843135 0.2552083333333333 0.016666666666666666 0.027777777777777776
0 0.3857843137254902 0.2421875 0.010784313725490196 0.019097222222222224
0 0.3941176470588235 0.2439236111111111 0.011764705882352941 0.022569444444444444
0 0.4102941176470588 0.25 0.014705882352941176 0.027777777777777776
0 0.432843137254902 0.2517361111111111 0.016666666666666666 0.03125
0 0.4465686274509804 0.2404513888888889 0.012745098039215686 0.026041666666666668
0 0.4696078431372549 0.2534722222222222 0.0196078431372549 0.034722222222222224
0 0.4892156862745098 0.2821180555555556 0.023529411764705882 0.043402777777777776
0 0.5112745098039215 0.2630208333333333 0.014705882352941176 0.029513888888888888
0 0.5431372549019607 0.25 0.01764705882352941 0.034722222222222224
0 0.5622549019607843 0.2456597222222222 0.020588235294117647 0.036458333333333336
0 0.6004901960784313 0.234375 0.012745098039215686 0.020833333333333332
0 0.6073529411764705 0.21875 0.010784313725490196 0.020833333333333332
0 0.6348039215686274 0.2439236111111111 0.016666666666666666 0.029513888888888888
0 0.6568627450980392 0.2717013888888889 0.025490196078431372 0.050347222222222224
0 0.6862745098039216 0.3185763888888889 0.041176470588235294 0.08854166666666667
0 0.7995098039215687 0.2404513888888889 0.014705882352941176 0.026041666666666668
0 0.8053921568627451 0.23177083333333334 0.014705882352941176 0.03298611111111111
0 0.8392156862745098 0.2265625 0.00980392156862745 0.019097222222222224
0 0.8642156862745098 0.2673611111111111 0.014705882352941176 0.034722222222222224
0 0.8916666666666667 0.25 0.012745098039215686 0.024305555555555556
0 0.9436274509803921 0.2682291666666667 0.012745098039215686 0.03298611111111111
0 0.33088235294117646 0.3871527777777778 0.05784313725490196 0.11805555555555555
0 0.5058823529411764 0.5590277777777778 0.07647058823529412 0.16319444444444445
0 0.7142156862745098 0.4904513888888889 0.10098039215686275 0.2586805555555556
0 0.9151960784313725 0.3993055555555556 0.059803921568627454 0.12152777777777778
0 0.5044117647058823 0.3836805555555556 0.05 0.1076388888888889
0 0.033823529411764704 0.2456597222222222 0.006862745098039216 0.022569444444444444
0 0.03627450980392157 0.2109375 0.00784313725490196 0.022569444444444444
0 0.5720588235294117 0.21614583333333334 0.004901960784313725 0.008680555555555556
0 0.582843137254902 0.21614583333333334 0.004901960784313725 0.008680555555555556
0 0.538235294117647 0.2222222222222222 0.0058823529411764705 0.010416666666666666
