0 0.06294085729788389 0.6456903127383676 0.048833423765599564 0.07551487414187644
0 0.17037438958220294 0.6102212051868803 0.09115572436245252 0.14187643020594964
0 0.28811720021703746 0.6479786422578184 0.0737927292457949 0.13806254767353165
0 0.28377645143787306 0.8966437833714722 0.0781334780249593 0.13501144164759726
0 0.48046663049376015 1.0671243325705568 0.09278350515463918 0.15713196033562166
0 0.663049376017363 0.9988558352402745 0.08790016277807922 0.13806254767353165
0 0.7647856755290288 0.8012967200610221 0.06999457406402604 0.10297482837528604
0 0.8358654367878459 0.6899313501144165 0.07867607162235486 0.12890922959572845
0 0.9688008681497559 0.6174675819984744 0.07216494845360824 0.12433257055682685
0 0.3174172544763972 0.5751334858886347 0.05860010851871948 0.09916094584286804
0 0.2609875203472599 0.585812356979405 0.048833423765599564 0.06864988558352403
0 0.37466087900162776 0.5541571319603357 0.049376017362995114 0.07246376811594203
0 0.38090070537167664 0.6197559115179252 0.06402604449267499 0.10297482837528604
0 0.36625067824199675 0.6872616323417239 0.06402604449267499 0.10831426392067124
0 0.4460119370591427 0.7288329519450801 0.06402604449267499 0.11212814645308924
0 0.46608790016277807 0.6437833714721587 0.05425935973955507 0.09458428680396644
0 0.43163320672816063 0.610602593440122 0.040694519804666304 0.07398932112890923
0 0.5054259359739555 0.5644546147978642 0.04720564297341291 0.07017543859649122
0 0.5160065111231688 0.6235697940503433 0.060770482908301685 0.08161708619374523
0 0.5786760716223549 0.6117467581998475 0.04503526858383071 0.07780320366132723
0 0.5789473684210527 0.6113653699466056 0.04666304937601736 0.07856598016781083
0 0.6790558871405318 0.5846681922196796 0.049376017362995114 0.08009153318077804
0 0.7145957677699403 0.6456903127383676 0.04557786218122626 0.08314263920671243
0 0.7414541508410201 0.5961098398169337 0.041779706999457406 0.06941266209000763
0 0.7829625610417797 0.593440122044241 0.04340748779164406 0.07627765064836003
0 0.8206728160607705 0.6052631578947368 0.050461204557786216 0.07398932112890923
0 0.8874118285404232 0.6189931350114416 0.05263157894736842 0.09077040427154844
0 0.921595225176343 0.5797101449275363 0.0396093326098752 0.07017543859649122
