0 0.23771929824561402 0.3544520547945205 0.05087719298245614 0.10616438356164383
0 0.8798245614035087 0.5950342465753424 0.03684210526315789 0.08732876712328767
0 0.38728070175438595 0.9041095890410958 0.06754385964912281 0.1404109589041096
0 0.4557017543859649 0.9272260273972602 0.08508771929824561 0.17636986301369864
0 0.5486842105263158 1.081335616438356 0.17280701754385966 0.4263698630136986
0 0.6684210526315789 1.018835616438356 0.08947368421052632 0.21575342465753425
0 0.7592105263157894 1.0128424657534247 0.0956140350877193 0.2106164383561644
0 0.8504385964912281 1.081335616438356 0.11140350877192982 0.2688356164383562
0 0.31008771929824563 1.0488013698630136 0.11315789473684211 0.2688356164383562
0 0.23333333333333334 0.9863013698630136 0.11754385964912281 0.1643835616438356
