0 0.17074592074592074 1.921875 0.017482517482517484 0.140625
0 0.1864801864801865 1.9375 0.018648018648018648 0.125
0 0.1998834498834499 1.9453125 0.019813519813519812 0.15625
0 0.23776223776223776 2.25 0.030303030303030304 0.84375
0 0.2534965034965035 2.26953125 0.03613053613053613 0.7734375
0 0.2925407925407925 1.94921875 0.02097902097902098 0.1328125
0 0.32400932400932403 2.0390625 0.018648018648018648 0.140625
0 0.34906759906759904 2.31640625 0.038461538461538464 0.7578125
0 0.3747086247086247 2.0625 0.017482517482517484 0.125
0 0.418997668997669 2.08984375 0.022144522144522144 0.1640625
0 0.44755244755244755 2.125 0.02097902097902098 0.15625
0 0.4627039627039627 1.8125 0.02097902097902098 0.15625
0 0.49184149184149184 2.14453125 0.02097902097902098 0.1640625
0 0.5244755244755245 2.00390625 0.02097902097902098 0.1484375
0 0.5536130536130536 2.06640625 0.023310023310023312 0.1484375
0 0.5827505827505828 2.01953125 0.02097902097902098 0.1640625
0 0.6212121212121212 2.08984375 0.02097902097902098 0.1640625
0 0.6416083916083916 2.0390625 0.019813519813519812 0.171875
0 0.6748251748251748 1.98046875 0.023310023310023312 0.1484375
0 0.696969696969697 1.98828125 0.018648018648018648 0.1484375
0 0.7406759906759907 1.95703125 0.019813519813519812 0.1484375
0 0.7768065268065268 1.953125 0.019813519813519812 0.140625
0 0.8234265734265734 1.90234375 0.019813519813519812 0.1328125
0 0.8956876456876457 1.8828125 0.022144522144522144 0.171875
0 0.9254079254079254 1.8203125 0.02097902097902098 0.15625
0 0.965034965034965 1.81640625 0.023310023310023312 0.1796875
0 0.9924242424242424 1.82421875 0.017482517482517484 0.1640625
0 0.06934731934731934 2.30859375 0.008158508158508158 0.0546875
0 0.10023310023310024 2.375 0.006993006993006993 0.046875
0 0.12878787878787878 2.34765625 0.008158508158508158 0.0546875
0 0.15151515151515152 2.3515625 0.006993006993006993 0.046875
