0 0.310207336523126 0.6067961165048543 0.18341307814992025 0.32038834951456313
0 0.4019138755980861 0.8968446601941747 0.24880382775119617 0.46359223300970875
0 0.5015948963317385 0.6856796116504854 0.12280701754385964 0.20631067961165048
0 0.6084529505582137 0.9405339805825242 0.189792663476874 0.30339805825242716
0 0.6499202551834131 0.7135922330097088 0.12280701754385964 0.2087378640776699
0 0.6259968102073366 0.5339805825242718 0.07496012759170653 0.1407766990291262
0 0.7033492822966507 0.47815533980582525 0.04146730462519936 0.09223300970873786
0 0.8141945773524721 0.508495145631068 0.06539074960127592 0.11893203883495146
0 0.9035087719298246 0.5182038834951457 0.08133971291866028 0.14805825242718446
0 0.9649122807017544 0.6516990291262136 0.10207336523125997 0.1820388349514563
0 1.1555023923444976 0.720873786407767 0.12599681020733652 0.23786407766990292
0 1.1180223285486444 1.1092233009708738 0.19138755980861244 0.36893203883495146
0 0.48165869218500795 0.5109223300970874 0.05741626794258373 0.10436893203883495
0 0.49681020733652315 0.4368932038834951 0.03987240829346093 0.07281553398058252
