0 0.021825396825396824 0.9092783505154639 0.013492063492063493 0.041237113402061855
0 0.18571428571428572 0.9350515463917526 0.014285714285714285 0.03505154639175258
0 0.2115079365079365 0.911340206185567 0.011904761904761904 0.032989690721649485
0 0.24761904761904763 0.9154639175257732 0.009523809523809525 0.0288659793814433
0 0.32341269841269843 0.8309278350515464 0.03888888888888889 0.12371134020618557
0 0.39444444444444443 0.7711340206185567 0.0380952380952381 0.12371134020618557
0 0.4765873015873016 0.7278350515463917 0.04047619047619048 0.13195876288659794
0 0.5515873015873016 0.8051546391752578 0.03333333333333333 0.1134020618556701
0 0.6242063492063492 0.7680412371134021 0.0373015873015873 0.13402061855670103
0 0.7246031746031746 1.2391752577319588 0.012698412698412698 0.032989690721649485
0 0.7154761904761905 1.211340206185567 0.011904761904761904 0.03505154639175258
0 0.7353174603174604 1.1711340206185568 0.010317460317460317 0.032989690721649485
0 0.7341269841269841 1.1216494845360825 0.012698412698412698 0.03711340206185567
0 0.8218253968253968 0.5195876288659794 0.04523809523809524 0.14432989690721648
0 0.8849206349206349 1.177319587628866 0.014285714285714285 0.04536082474226804
0 0.9166666666666666 1.2381443298969073 0.011111111111111112 0.026804123711340205
0 0.9384920634920635 1.2144329896907216 0.013492063492063493 0.032989690721649485
0 0.9888888888888889 1.2309278350515465 0.011111111111111112 0.0288659793814433
0 1.005952380952381 1.1515463917525772 0.018253968253968255 0.05154639175257732
