0 0.02766798418972332 1.1601307189542485 0.021080368906455864 0.06535947712418301
0 0.017786561264822136 1.2173202614379084 0.025032938076416336 0.05555555555555555
0 0.077733860342556 1.227124183006536 0.023715415019762844 0.06862745098039216
0 0.155467720685112 1.1993464052287581 0.023715415019762844 0.06535947712418301
0 0.2727272727272727 1.1683006535947713 0.015810276679841896 0.042483660130718956
0 0.4894598155467721 1.261437908496732 0.025032938076416336 0.0718954248366013
0 0.3959156785243742 1.2401960784313726 0.04084321475625823 0.12091503267973856
0 0.35507246376811596 1.3104575163398693 0.048748353096179184 0.1830065359477124
0 0.4980237154150198 1.1993464052287581 0.021080368906455864 0.06535947712418301
0 0.5342555994729907 1.2418300653594772 0.02766798418972332 0.08496732026143791
0 0.567193675889328 1.2140522875816993 0.025032938076416336 0.06862745098039216
0 0.5830039525691699 1.2565359477124183 0.043478260869565216 0.10130718954248366
0 0.5830039525691699 1.3496732026143792 0.0461133069828722 0.13071895424836602
0 0.6060606060606061 1.3218954248366013 0.04216073781291173 0.13398692810457516
0 0.6027667984189723 1.223856209150327 0.017127799736495388 0.05555555555555555
0 0.6238471673254282 1.2336601307189543 0.019762845849802372 0.06862745098039216
0 0.7068511198945981 1.2140522875816993 0.019762845849802372 0.05555555555555555
0 0.6923583662714098 1.238562091503268 0.022397891963109356 0.05228758169934641
0 0.7450592885375494 1.2418300653594772 0.022397891963109356 0.06535947712418301
0 0.7766798418972332 1.2042483660130718 0.022397891963109356 0.06862745098039216
0 0.8267457180500659 1.2320261437908497 0.025032938076416336 0.06535947712418301
0 0.9525691699604744 1.3202614379084967 0.026350461133069828 0.0784313725490196
0 0.9802371541501976 1.3022875816993464 0.04216073781291173 0.12091503267973856
0 0.2635046113306983 1.315359477124183 0.04216073781291173 0.10130718954248366
