0 1.0414492753623188 2.4473684210526314 0.002898550724637681 0.022556390977443608
0 1.0194202898550724 2.3233082706766917 0.01217391304347826 0.09774436090225563
0 0.9681159420289855 2.513157894736842 0.0034782608695652175 0.018796992481203006
0 0.956231884057971 2.5037593984962405 0.002898550724637681 0.022556390977443608
0 0.933623188405797 2.3157894736842106 0.014492753623188406 0.11278195488721804
0 0.8898550724637682 2.3045112781954886 0.03246376811594203 0.22556390977443608
0 0.8565217391304348 2.351503759398496 0.027246376811594204 0.21428571428571427
0 0.7918840579710145 2.3345864661654137 0.03246376811594203 0.2932330827067669
0 0.7275362318840579 2.2781954887218046 0.04869565217391304 0.38345864661654133
0 0.5779710144927537 2.210526315789474 0.0463768115942029 0.45864661654135336
0 0.4692753623188406 2.007518796992481 0.08753623188405797 0.8120300751879699
0 0.2272463768115942 2.1221804511278197 0.08 0.6954887218045113
