0 0.09754948162111216 0.3969800292255236 0.06377631165567076 0.10131514856307842
0 0.17781966698083568 0.4556746225036532 0.0609487904492617 0.13200194836824158
0 0.2573044297832234 0.4875791524598149 0.06346214263273642 0.12372138334145154
0 0.3141690229343387 0.5153433999025816 0.06597549481621112 0.11982464685825621
0 0.36380772855796417 0.46395518753044324 0.053408733898837574 0.10180224062347784
0 0.41988689915174365 0.5277642474427667 0.05246622683003456 0.09693132001948368
0 0.4278982092365693 0.45762299074525087 0.053408733898837574 0.08524111056989771
0 0.30945648759032357 0.4746712128592304 0.05655042412818096 0.08718947881149537
0 0.5212064090480678 0.44568923526546517 0.049010367577756835 0.09644422795908426
0 0.6003770028275212 0.45396980029225525 0.049010367577756835 0.09059912323429128
0 0.6154571159283695 0.41159279103750607 0.038956958843858 0.08572820263029712
0 0.6696512723845429 0.4400876765708719 0.050581212692428525 0.09595713589868485
0 0.8099277411247251 0.5160740379931807 0.06974552309142319 0.11544081831466146
0 0.7406534715677034 0.480029225523624 0.04743952246308514 0.09303458353628836
0 0.7426955702167767 0.4152459814905017 0.05215205780710022 0.08231855820750122
0 0.7202324850769715 0.39430102289332686 0.04995287464655985 0.09400876765708718
0 0.7986176562990889 0.4025815879201169 0.04272698711907006 0.08329274232830004
0 0.8490417844800503 0.4464198733560643 0.04743952246308514 0.0881636629322942
0 0.8740182218033302 0.46663419386264005 0.04838202953188816 0.09547004383828543
0 0.8396167137920201 0.23623964929371652 0.0373861137291863 0.069167072576717
0 0.23232799245994346 0.24354603019970775 0.06943135406848884 0.13054067218704335
0 0.24065347156770342 0.29128105211885047 0.04838202953188816 0.07890891378470531
0 0.7390826264530317 0.4802727715538237 0.050581212692428525 0.09644422795908426
