0 0.24927953890489912 0.6949748743718593 0.061671469740634005 0.13165829145728644
0 0.41210374639769454 0.6793969849246231 0.06570605187319885 0.12462311557788945
0 0.43429394812680117 0.9130653266331659 0.05360230547550432 0.11557788944723618
0 0.507492795389049 0.6417085427135678 0.0685878962536023 0.12763819095477386
0 0.6654178674351585 0.6773869346733669 0.05475504322766571 0.11457286432160804
0 0.8717579250720461 0.7135678391959799 0.05590778097982709 0.0964824120603015
0 1.0677233429394812 0.6628140703517588 0.06051873198847262 0.12763819095477386
0 1.1887608069164266 0.6402010050251257 0.05936599423631124 0.13266331658291458
0 0.3740634005763689 0.5231155778894472 0.0276657060518732 0.053266331658291456
0 0.4648414985590778 0.5025125628140703 0.02363112391930836 0.05628140703517588
0 0.5824207492795389 0.4894472361809045 0.03170028818443804 0.06633165829145729
0 0.6420749279538905 0.5266331658291458 0.03688760806916427 0.06834170854271357
