0 0.04095904095904096 4.5394736842105265 0.023976023976023976 0.34210526315789475
0 0.11488511488511488 4.565789473684211 0.015984015984015984 0.2631578947368421
0 0.34315684315684314 4.717105263157895 0.014985014985014986 0.2236842105263158
0 0.4000999000999001 4.947368421052632 0.012987012987012988 0.18421052631578946
0 0.3771228771228771 5.006578947368421 0.01098901098901099 0.17105263157894737
0 0.4925074925074925 4.828947368421052 0.007992007992007992 0.13157894736842105
0 0.513986013986014 4.934210526315789 0.01098901098901099 0.15789473684210525
0 0.5334665334665335 4.967105263157895 0.00999000999000999 0.14473684210526316
0 0.6358641358641358 4.6381578947368425 0.006993006993006993 0.09210526315789473
0 0.6458541458541458 4.940789473684211 0.004995004995004995 0.09210526315789473
0 0.9905094905094906 4.552631578947368 0.022977022977022976 0.34210526315789475
0 0.9635364635364635 4.6644736842105265 0.012987012987012988 0.17105263157894737
0 1.0204795204795205 4.6381578947368425 0.016983016983016984 0.25
0 0.9415584415584416 4.677631578947368 0.008991008991008992 0.11842105263157894
0 0.9485514485514486 4.592105263157895 0.012987012987012988 0.18421052631578946
0 0.932067932067932 4.690789473684211 0.007992007992007992 0.14473684210526316
0 0.35064935064935066 4.657894736842105 0.011988011988011988 0.21052631578947367
