0 0.11057068741893644 1.827717736808646 0.024427150886294855 0.08137317228226319
0 0.2218979680069174 1.3289891926255564 0.05252918287937743 0.14049586776859505
0 0.3239299610894942 1.2822631913541005 0.04085603112840467 0.15766052129688493
0 0.33884565499351493 1.773363000635728 0.02356247297881539 0.08582326764144946
0 0.5330739299610895 1.142720915448188 0.04885430177258971 0.182453909726637
0 0.6475356679636836 1.8722186904005085 0.035235624729788154 0.11315956770502225
0 0.788586251621271 1.862682771773681 0.03977518374405534 0.12205975842339478
0 0.8907263294422828 1.9771137952956135 0.05987894509295288 0.1487603305785124
0 1.0809554690877647 1.770184361093452 0.03480328577604842 0.1277813095994914
0 0.9656290531776913 1.5238397965670694 0.015131863380890618 0.04450095359186268
0 0.9896238651102465 1.7898919262555626 0.011673151750972763 0.03496503496503497
0 1.0589061824470385 1.7720915448188175 0.011889321227842628 0.043865225683407505
0 1.0497189796800692 1.7638270820089001 0.010376134889753566 0.036236490781945324
0 0.8105274535235625 1.3464717101080736 0.019671422395157803 0.08645899554990465
0 0.7335711197578901 1.7390336935791482 0.011024643320363165 0.03877940241576605
