0 0.07120582120582121 1.0931428571428572 0.038461538461538464 0.14285714285714285
0 0.09338184338184338 0.9405714285714286 0.037075537075537075 0.13714285714285715
0 0.1392931392931393 0.9445714285714286 0.028413028413028413 0.11542857142857142
0 0.3277893277893278 0.988 0.028413028413028413 0.12685714285714286
0 0.3180873180873181 1.2228571428571429 0.040887040887040885 0.15771428571428572
0 0.40488565488565487 1.1034285714285714 0.04331254331254331 0.15657142857142858
0 0.4171864171864172 0.5777142857142857 0.018711018711018712 0.07428571428571429
0 0.44265419265419265 0.5291428571428571 0.023215523215523216 0.07771428571428571
0 0.4624047124047124 0.936 0.028066528066528068 0.112
0 0.5164587664587664 0.9885714285714285 0.030838530838530838 0.10514285714285715
0 0.5452182952182952 0.9091428571428571 0.02252252252252252 0.09028571428571429
0 0.5940748440748441 1.185142857142857 0.036382536382536385 0.14857142857142858
0 0.6777546777546778 1.3097142857142856 0.03465003465003465 0.13942857142857143
0 0.6588704088704088 0.9045714285714286 0.02390852390852391 0.104
0 0.6992376992376992 1.02 0.029106029106029108 0.09485714285714286
0 0.7321552321552321 0.9337142857142857 0.028413028413028413 0.13257142857142856
0 0.7304227304227304 1.3668571428571428 0.035343035343035345 0.11885714285714286
0 0.8404365904365905 1.1537142857142857 0.039847539847539845 0.15428571428571428
0 1.0246015246015245 1.34 0.05474705474705475 0.19542857142857142
0 0.9521829521829522 1.336 0.0395010395010395 0.13714285714285715
0 0.5871448371448371 1.014857142857143 0.029452529452529453 0.11428571428571428
