0 0.1011743450767841 0.26265060240963856 0.07046070460704607 0.236144578313253
0 0.2967479674796748 0.23373493975903614 0.06594399277326106 0.22650602409638554
0 0.3911472448057814 0.3036144578313253 0.057813911472448055 0.20722891566265061
0 0.5298102981029811 0.3313253012048193 0.04968383017163505 0.1855421686746988
0 0.6224028906955736 0.3337349397590361 0.052393857271906055 0.19036144578313252
0 0.7055103884372177 0.2891566265060241 0.057813911472448055 0.18795180722891566
0 0.7949412827461608 0.3650602409638554 0.057813911472448055 0.2
0 0.969286359530262 0.44819277108433736 0.06504065040650407 0.23132530120481928
0 0.4905149051490515 0.7 0.06684733514001806 0.22409638554216868
0 0.6047877145438121 0.7650602409638554 0.06413730803974707 0.20963855421686747
0 0.8044263775971093 0.7421686746987952 0.07859078590785908 0.2746987951807229
