0 0.15903307888040713 0.9586614173228346 0.04580152671755725 0.16929133858267717
0 0.25572519083969464 0.9625984251968503 0.04580152671755725 0.15354330708661418
0 0.3193384223918575 0.8937007874015748 0.043256997455470736 0.15748031496062992
0 0.33651399491094147 0.7775590551181102 0.031806615776081425 0.12992125984251968
0 0.3772264631043257 0.8759842519685039 0.044529262086514 0.14566929133858267
0 0.41412213740458015 0.7874015748031497 0.03689567430025445 0.14173228346456693
0 0.45610687022900764 0.8228346456692913 0.03689567430025445 0.14173228346456693
0 0.5057251908396947 0.8543307086614174 0.03435114503816794 0.14173228346456693
0 0.5470737913486005 0.8366141732283464 0.035623409669211195 0.12992125984251968
0 0.5877862595419847 0.8307086614173228 0.035623409669211195 0.14173228346456693
0 0.5935114503816794 0.905511811023622 0.03689567430025445 0.13385826771653545
0 0.6278625954198473 0.8779527559055118 0.03435114503816794 0.14173228346456693
0 0.660941475826972 0.8110236220472441 0.039440203562340966 0.15748031496062992
0 0.7016539440203562 0.8110236220472441 0.044529262086514 0.1889763779527559
0 0.7684478371501272 0.8188976377952756 0.04834605597964377 0.16535433070866143
0 0.8244274809160306 0.6338582677165354 0.04580152671755725 0.1732283464566929
0 0.8473282442748091 0.7874015748031497 0.04834605597964377 0.18110236220472442
0 0.9064885496183206 0.718503937007874 0.05216284987277354 0.20866141732283464
0 0.9255725190839694 0.844488188976378 0.05725190839694656 0.21653543307086615
0 0.9974554707379135 0.7755905511811023 0.058524173027989825 0.2125984251968504
0 1.102417302798982 0.7677165354330708 0.06743002544529263 0.25196850393700787
0 1.0318066157760815 0.9724409448818898 0.06870229007633588 0.25196850393700787
0 0.4707379134860051 1.295275590551181 0.03816793893129771 0.14960629921259844
0 0.5311704834605598 1.4625984251968505 0.047073791348600506 0.16929133858267717
