0 0.17224231464737794 0.679324894514768 0.029837251356238697 0.06329113924050633
0 0.1518987341772152 0.6265822784810127 0.0379746835443038 0.07172995780590717
0 0.3309222423146474 0.7341772151898734 0.027124773960216998 0.06751054852320675
0 0.4376130198915009 0.4356540084388186 0.023508137432188065 0.07383966244725738
0 0.488245931283906 0.34177215189873417 0.0379746835443038 0.06751054852320675
0 0.5687160940325497 0.3470464135021097 0.02531645569620253 0.06118143459915612
0 0.5194394213381555 0.45675105485232065 0.020795660036166366 0.056962025316455694
0 0.5266726943942134 0.6160337552742616 0.024412296564195298 0.06751054852320675
0 0.6500904159132007 0.7626582278481012 0.027124773960216998 0.06962025316455696
0 0.9204339963833634 0.5675105485232067 0.02531645569620253 0.07172995780590717
0 0.9055153707052441 0.5748945147679325 0.037070524412296565 0.06540084388185655
0 0.9814647377938517 0.13924050632911392 0.0189873417721519 0.06329113924050633
0 0.9416817359855335 0.04430379746835443 0.020795660036166366 0.05485232067510549
0 0.8657323688969258 0.14556962025316456 0.0189873417721519 0.06329113924050633
0 0.9132007233273056 -0.1729957805907173 0.02531645569620253 0.05907172995780591
0 0.9660940325497287 -0.1719409282700422 0.022603978300180832 0.04852320675105485
0 0.8435804701627486 0.05063291139240506 0.019891500904159132 0.06329113924050633
0 0.810126582278481 0.14451476793248946 0.0216998191681736 0.06962025316455696
0 0.7472875226039783 0.14662447257383968 0.0189873417721519 0.06118143459915612
0 0.773508137432188 0.03691983122362869 0.0189873417721519 0.04430379746835443
0 0.6998191681735986 0.1518987341772152 0.018083182640144666 0.06329113924050633
0 0.7215189873417721 0.043248945147679324 0.018083182640144666 0.052742616033755275
0 0.6613924050632911 0.035864978902953586 0.022603978300180832 0.05063291139240506
0 0.6473779385171791 0.14978902953586498 0.019891500904159132 0.06751054852320675
0 0.6360759493670886 -0.04113924050632911 0.015370705244122965 0.035864978902953586
0 0.6125678119349005 0.046413502109704644 0.0189873417721519 0.05485232067510549
0 0.5981012658227848 0.15928270042194093 0.0189873417721519 0.06118143459915612
0 0.5610307414104883 0.046413502109704644 0.022603978300180832 0.05907172995780591
0 0.5551537070524413 0.1518987341772152 0.018083182640144666 0.04219409282700422
0 0.49819168173598555 0.14873417721518986 0.0216998191681736 0.06540084388185655
0 0.5072332730560579 0.05907172995780591 0.0216998191681736 0.06329113924050633
0 0.5072332730560579 0.05907172995780591 0.0216998191681736 0.06329113924050633
0 0.4538878842676311 0.05485232067510549 0.054249547920433995 0.10970464135021098
0 0.43670886075949367 0.04535864978902954 0.0216998191681736 0.056962025316455694
0 0.445750452079566 0.13291139240506328 0.019891500904159132 0.05907172995780591
0 0.39195298372513565 0.15611814345991562 0.017179023508137433 0.06329113924050633
0 0.37748643761301987 -0.015822784810126583 0.017179023508137433 0.035864978902953586
0 0.31103074141048825 0.06751054852320675 0.018083182640144666 0.05485232067510549
0 0.33634719710669075 0.1518987341772152 0.019891500904159132 0.05485232067510549
0 0.27350813743218805 0.15928270042194093 0.020795660036166366 0.06118143459915612
0 0.19439421338155516 0.14135021097046413 0.0216998191681736 0.06751054852320675
0 0.19077757685352623 0.0379746835443038 0.019891500904159132 0.05485232067510549
0 0.11844484629294756 0.03691983122362869 0.0216998191681736 0.06118143459915612
0 0.13562386980108498 0.14978902953586498 0.0216998191681736 0.05907172995780591
0 0.07956600361663653 0.14556962025316456 0.0216998191681736 0.06751054852320675
0 0.24141048824593128 0.0949367088607595 0.05244122965641953 0.2109704641350211
0 0.02034358047016275 0.1339662447257384 0.020795660036166366 0.056962025316455694
0 0.9285714285714286 0.16033755274261605 0.019891500904159132 0.05907172995780591
