0 -0.0070921985815602835 1.2818471337579618 0.03309692671394799 0.15605095541401273
0 0.07525610717100079 1.375796178343949 0.038613081166272656 0.18471337579617833
0 0.07328605200945626 1.4012738853503184 0.039401103230890466 0.2229299363057325
0 0.11662726556343578 1.3694267515923566 0.03152088258471237 0.17197452229299362
0 0.1773049645390071 1.3869426751592357 0.03467297084318361 0.20063694267515925
0 0.20567375886524822 1.3694267515923566 0.029944838455476755 0.17197452229299362
0 0.25098502758077224 1.3152866242038217 0.03230890464933018 0.18471337579617833
0 0.25807722616233253 1.394904458598726 0.0338849487785658 0.14012738853503184
0 0.34988179669030733 1.4219745222929936 0.026792750197005517 0.1305732484076433
0 0.35106382978723405 1.3789808917197452 0.02442868400315209 0.15286624203821655
0 0.3810086682427108 1.3789808917197452 0.026004728132387706 0.1337579617834395
0 0.45468873128447596 1.372611464968153 0.026792750197005517 0.12738853503184713
0 0.4936958234830575 1.3996815286624205 0.019700551615445233 0.09872611464968153
0 0.5031520882584712 1.3503184713375795 0.026004728132387706 0.12101910828025478
0 0.5555555555555556 1.4315286624203822 0.02364066193853428 0.12420382165605096
0 0.5736800630417652 1.4331210191082802 0.0252167060677699 0.14012738853503184
0 0.5721040189125296 1.429936305732484 0.026792750197005517 0.1464968152866242
0 0.6579984239558707 1.4490445859872612 0.0252167060677699 0.12738853503184713
0 0.7332545311268716 1.5 0.02127659574468085 0.11464968152866242
0 0.7608353033884949 1.4952229299363058 0.026004728132387706 0.1178343949044586
0 0.7821118991331757 1.536624203821656 0.022852639873916468 0.09872611464968153
0 0.7911741528762806 1.4681528662420382 0.02206461780929866 0.12101910828025478
0 0.8282111899133175 1.5254777070063694 0.018912529550827423 0.09554140127388536
0 0.8550039401103231 1.4458598726114649 0.02364066193853428 0.11464968152866242
0 0.875886524822695 1.4458598726114649 0.022852639873916468 0.10191082802547771
0 0.892434988179669 1.484076433121019 0.019700551615445233 0.08917197452229299
0 0.9306540583136328 1.480891719745223 0.02206461780929866 0.11464968152866242
0 0.9401103230890465 1.5509554140127388 0.02206461780929866 0.10191082802547771
