0 1.1072635135135136 0.6560283687943262 0.08277027027027027 0.41843971631205673
0 0.9907094594594594 1.0177304964539007 0.08614864864864864 0.44680851063829785
0 0.9358108108108109 0.5212765957446809 0.07432432432432433 0.40425531914893614
0 0.856418918918919 1.124113475177305 0.07432432432432433 0.3900709219858156
0 0.7913851351351351 0.48936170212765956 0.052364864864864864 0.3404255319148936
0 0.706081081081081 0.5354609929078015 0.060810810810810814 0.3475177304964539
0 0.5861486486486487 0.6737588652482269 0.060810810810810814 0.3262411347517731
0 0.5244932432432432 0.7801418439716312 0.0625 0.3404255319148936
0 0.4045608108108108 1.0212765957446808 0.06925675675675676 0.425531914893617
0 0.41047297297297297 0.6631205673758865 0.06756756756756757 0.40425531914893614
0 0.18412162162162163 0.8936170212765957 0.07094594594594594 0.3829787234042553
0 0.2533783783783784 0.6170212765957447 0.07094594594594594 0.41134751773049644
