0 1.0595399188092016 5.866666666666666 0.016238159675236806 0.21333333333333335
0 0.7997293640054127 5.82 0.016238159675236806 0.2
0 0.8207036535859269 5.6866666666666665 0.014884979702300407 0.17333333333333334
0 0.7821380243572396 5.673333333333333 0.016238159675236806 0.14666666666666667
0 0.7246278755074425 5.846666666666667 0.012178619756427604 0.12
0 0.7584573748308525 5.693333333333333 0.012178619756427604 0.13333333333333333
0 0.7320703653585927 5.613333333333333 0.013531799729364006 0.16
0 0.7780784844384303 5.566666666666666 0.010825439783491205 0.14666666666666667
0 0.5832205683355887 5.713333333333333 0.008119079837618403 0.06666666666666667
0 0.6089309878213802 5.653333333333333 0.008119079837618403 0.08
0 0.5622462787550744 5.8133333333333335 0.014884979702300407 0.4533333333333333
0 0.5027063599458728 5.693333333333333 0.009472259810554804 0.08
0 0.45263870094722597 5.733333333333333 0.009472259810554804 0.10666666666666667
0 0.09945872801082543 5.84 0.014884979702300407 0.16
0 0.07510148849797023 5.84 0.014884979702300407 0.13333333333333333
