0 0.2775609756097561 1.143162393162393 0.010731707317073172 0.02564102564102564
0 0.3131707317073171 1.1805555555555556 0.025365853658536587 0.16025641025641027
0 0.3541463414634146 1.1677350427350428 0.033170731707317075 0.22008547008547008
0 0.38195121951219513 1.1367521367521367 0.012682926829268294 0.02564102564102564
0 0.4765853658536585 0.8589743589743589 0.00878048780487805 0.021367521367521368
0 0.4029268292682927 1.1175213675213675 0.01951219512195122 0.1111111111111111
0 0.42292682926829267 1.0502136752136753 0.010731707317073172 0.027777777777777776
0 0.4419512195121951 1.0534188034188035 0.007804878048780488 0.017094017094017096
0 0.4624390243902439 1.0480769230769231 0.011707317073170732 0.027777777777777776
0 0.48829268292682926 1.0288461538461537 0.010731707317073172 0.027777777777777776
0 0.52 1.0534188034188035 0.011707317073170732 0.02564102564102564
0 0.5443902439024391 1.063034188034188 0.007804878048780488 0.019230769230769232
0 0.5717073170731707 1.061965811965812 0.011707317073170732 0.029914529914529916
0 0.5814634146341463 1.063034188034188 0.011707317073170732 0.027777777777777776
0 0.6073170731707317 1.0865384615384615 0.03219512195121951 0.1858974358974359
0 0.6180487804878049 1.044871794871795 0.014634146341463415 0.02564102564102564
0 0.6434146341463415 1.0929487179487178 0.006829268292682927 0.019230769230769232
0 0.5453658536585366 1.1591880341880343 0.011707317073170732 0.03205128205128205
0 0.6858536585365854 1.141025641025641 0.037073170731707315 0.1752136752136752
0 0.7463414634146341 1.139957264957265 0.007804878048780488 0.019230769230769232
0 0.7492682926829268 1.1367521367521367 0.007804878048780488 0.021367521367521368
0 0.5253658536585366 1.2542735042735043 0.016585365853658537 0.038461538461538464
0 0.49365853658536585 1.248931623931624 0.015609756097560976 0.03205128205128205
0 0.47560975609756095 1.264957264957265 0.016585365853658537 0.04700854700854701
0 0.43073170731707316 1.2756410256410255 0.016585365853658537 0.038461538461538464
0 0.36829268292682926 1.2777777777777777 0.02048780487804878 0.04700854700854701
0 0.41365853658536583 1.0042735042735043 0.007804878048780488 0.017094017094017096
0 0.23902439024390243 1.1933760683760684 0.007804878048780488 0.019230769230769232
0 0.21170731707317073 1.202991452991453 0.00975609756097561 0.017094017094017096
0 0.18390243902439024 1.202991452991453 0.006829268292682927 0.017094017094017096
0 0.19121951219512195 1.205128205128205 0.00975609756097561 0.021367521367521368
0 0.14341463414634145 1.2190170940170941 0.011707317073170732 0.023504273504273504
0 0.1653658536585366 1.2264957264957266 0.00878048780487805 0.021367521367521368
0 0.09951219512195122 1.231837606837607 0.00975609756097561 0.019230769230769232
0 0.24292682926829268 1.3066239316239316 0.0175609756097561 0.04487179487179487
0 0.39121951219512197 1.3547008547008548 0.054634146341463415 0.13247863247863248
0 0.4507317073170732 1.327991452991453 0.037073170731707315 0.10897435897435898
0 0.5682926829268292 1.295940170940171 0.02048780487804878 0.053418803418803416
0 0.5990243902439024 1.294871794871795 0.0448780487804878 0.1282051282051282
0 0.6219512195121951 1.2788461538461537 0.024390243902439025 0.06623931623931624
0 0.6873170731707318 1.3162393162393162 0.04975609756097561 0.1282051282051282
0 0.6619512195121952 1.2553418803418803 0.014634146341463415 0.04487179487179487
0 0.7702439024390244 1.5705128205128205 0.10829268292682927 0.5555555555555556
0 0.9160975609756098 1.3205128205128205 0.1073170731707317 0.24786324786324787
0 0.7897560975609756 1.3547008547008548 0.0575609756097561 0.19658119658119658
0 0.7858536585365854 1.1378205128205128 0.010731707317073172 0.023504273504273504
0 0.6941463414634146 1.2307692307692308 0.016585365853658537 0.042735042735042736
