0 0.07308684436801376 0.6595744680851063 0.10662080825451418 0.2553191489361702
0 0.1354256233877902 0.6182033096926713 0.07996560619088564 0.23877068557919623
0 0.17368873602751506 0.6063829787234043 0.051590713671539126 0.18203309692671396
0 0.205932932072227 0.2647754137115839 0.04557179707652623 0.15602836879432624
0 0.3056749785038693 0.3475177304964539 0.03869303525365434 0.10874704491725769
0 0.27343078245915736 0.5023640661938534 0.029234737747205503 0.09692671394799054
0 0.34264832330180567 0.30141843971631205 0.023215821152192607 0.08274231678486997
0 0.38134135855546003 0.3747044917257683 0.01633705932932072 0.04964539007092199
0 0.43938091143594155 0.34397163120567376 0.03955288048151333 0.13947990543735225
0 0.5885640584694755 0.12411347517730496 0.14015477214101463 0.3475177304964539
0 0.6848667239896818 0.5756501182033097 0.05760963026655202 0.17257683215130024
0 0.7424763542562339 0.5437352245862884 0.06792777300085985 0.2458628841607565
0 0.8460877042132416 0.6548463356973995 0.051590713671539126 0.16548463356973994
0 -0.07867583834909717 0.8026004728132388 0.09888220120378331 0.29550827423167847
