0 0.0389908256880734 0.8072916666666666 0.09403669724770643 0.6666666666666666
0 0.08199541284403669 0.8723958333333334 0.06077981651376147 0.390625
0 0.125 1.0442708333333333 0.06192660550458716 0.3177083333333333
0 0.18979357798165136 0.8880208333333334 0.07912844036697247 0.421875
0 0.24655963302752293 0.7057291666666666 0.09862385321100918 0.609375
0 0.3623853211009174 0.5833333333333334 0.1444954128440367 0.7604166666666666
0 0.518348623853211 0.6015625 0.09403669724770643 0.5364583333333334
0 0.569954128440367 0.7473958333333334 0.05963302752293578 0.4010416666666667
0 0.6106651376146789 0.65625 0.0768348623853211 0.5520833333333334
0 0.6897935779816514 0.7942708333333334 0.10665137614678899 0.5885416666666666
0 0.8170871559633027 0.6536458333333334 0.09059633027522936 0.5677083333333334
0 0.841743119266055 0.8619791666666666 0.08027522935779817 0.4947916666666667
0 0.9346330275229358 0.6510416666666666 0.11467889908256881 0.7604166666666666
