0 0.9828125 1.6397849462365592 0.015625 0.11827956989247312
0 0.96171875 1.5161290322580645 0.0140625 0.10752688172043011
0 0.9078125 1.5483870967741935 0.025 0.21505376344086022
0 0.875 1.5698924731182795 0.028125 0.23655913978494625
0 0.871875 1.5268817204301075 0.021875 0.1935483870967742
0 0.8296875 1.6559139784946237 0.0125 0.08602150537634409
0 0.80546875 1.6021505376344085 0.0171875 0.10752688172043011
0 0.77734375 1.7419354838709677 0.0296875 0.21505376344086022
0 0.69765625 1.6989247311827957 0.0359375 0.25806451612903225
0 0.6203125 1.7096774193548387 0.03125 0.23655913978494625
0 0.57890625 1.935483870967742 0.0328125 0.1935483870967742
0 0.5140625 1.8548387096774193 0.040625 0.3118279569892473
0 0.46640625 1.8064516129032258 0.0484375 0.3655913978494624
0 0.39609375 1.8709677419354838 0.0421875 0.3010752688172043
0 0.30546875 1.5161290322580645 0.0515625 0.3870967741935484
0 0.14453125 2.021505376344086 0.0484375 0.3655913978494624
0 0.03359375 1.7150537634408602 0.0515625 0.3548387096774194
0 0.07109375 1.7473118279569892 0.0296875 0.1827956989247312
0 0.1328125 1.7795698924731183 0.046875 0.3333333333333333
0 0.23671875 1.5913978494623655 0.0421875 0.27956989247311825
