0 0.43287037037037035 3.108187134502924 0.09259259259259259 0.30994152046783624
0 0.6967592592592593 2.9649122807017543 0.10648148148148148 0.2807017543859649
0 1.056712962962963 3.1578947368421053 0.03935185185185185 0.0935672514619883
0 1.005787037037037 3.257309941520468 0.03009259259259259 0.08187134502923976
0 1.1168981481481481 3.125730994152047 0.04398148148148148 0.13450292397660818
0 1.2025462962962963 3.1666666666666665 0.034722222222222224 0.12280701754385964
0 1.2581018518518519 3.146198830409357 0.04861111111111111 0.10526315789473684
0 1.2858796296296295 3.1578947368421053 0.034722222222222224 0.10526315789473684
0 0.8182870370370371 3.482456140350877 0.05787037037037037 0.6140350877192983
0 0.8634259259259259 3.2280701754385963 0.027777777777777776 0.08187134502923976
0 0.9016203703703703 3.324561403508772 0.020833333333333332 0.06432748538011696
0 0.5787037037037037 3.198830409356725 0.05092592592592592 0.15204678362573099
