0 0.991335372069317 15.30921052631579 0.017329255861365953 0.2236842105263158
0 0.9760448521916412 15.296052631578947 0.01529051987767584 0.19736842105263158
0 0.8318042813455657 15.453947368421053 0.012232415902140673 0.19736842105263158
0 0.699796126401631 15.460526315789474 0.013251783893985729 0.15789473684210525
0 0.7145769622833843 15.276315789473685 0.012232415902140673 0.18421052631578946
0 0.6432212028542303 15.296052631578947 0.014271151885830785 0.19736842105263158
0 0.626401630988787 15.467105263157896 0.009174311926605505 0.14473684210526316
0 0.44852191641182465 15.263157894736842 0.03058103975535168 0.42105263157894735
0 0.3924566768603466 15.381578947368421 0.00815494393476045 0.10526315789473684
0 0.3476044852191641 15.361842105263158 0.00815494393476045 0.11842105263157894
0 0.3318042813455658 15.361842105263158 0.009174311926605505 0.11842105263157894
0 0.3195718654434251 15.401315789473685 0.009174311926605505 0.11842105263157894
0 0.2217125382262997 15.723684210526315 0.017329255861365953 0.6578947368421053
0 0.20846075433231395 15.414473684210526 0.007135575942915392 0.09210526315789473
