0 0.06662804171494785 1.2265625 0.01738122827346466 0.19270833333333334
0 0.012746234067207415 1.1666666666666667 0.011587485515643106 0.052083333333333336
0 0.04577056778679027 1.1458333333333333 0.010428736964078795 0.041666666666666664
0 0.04577056778679027 1.2395833333333333 0.026651216685979143 0.10416666666666667
0 0.03534183082271147 1.3072916666666667 0.03360370799536501 0.11458333333333333
0 0.05098493626882966 1.4791666666666667 0.046349942062572425 0.25
0 0.10081112398609501 1.2135416666666667 0.02549246813441483 0.10416666666666667
0 0.12340672074159907 1.1953125 0.012746234067207415 0.057291666666666664
0 0.12224797219003476 1.375 0.026651216685979143 0.11458333333333333
0 0.12920046349942063 1.7239583333333333 0.06141367323290846 0.21875
0 0.17786790266512167 1.5729166666666667 0.031286210892236384 0.13541666666666666
0 0.19582850521436848 1.3541666666666667 0.03476245654692932 0.15625
0 0.15237543453070684 1.2526041666666667 0.019698725376593278 0.08854166666666667
0 0.18076477404403243 1.1536458333333333 0.013904982618771726 0.06770833333333333
0 0.2149478563151796 1.1640625 0.01738122827346466 0.078125
0 0.2230590961761298 1.2708333333333333 0.019698725376593278 0.10416666666666667
0 0.26361529548088064 1.1796875 0.012746234067207415 0.057291666666666664
0 0.2694090382387022 1.3125 0.02433371958285052 0.11458333333333333
0 0.28389339513325607 1.2682291666666667 0.01853997682502897 0.09895833333333333
0 0.29837775202781 1.1848958333333333 0.015063731170336037 0.06770833333333333
0 0.31807647740440326 1.2005208333333333 0.010428736964078795 0.046875
0 0.328505214368482 1.3776041666666667 0.026651216685979143 0.13020833333333334
0 0.35979142526071844 1.2447916666666667 0.01738122827346466 0.07291666666666667
0 0.37369640787949016 1.2369791666666667 0.015063731170336037 0.06770833333333333
0 0.37775202780996525 1.203125 0.016222479721900347 0.13541666666666666
0 0.40730011587485515 1.375 0.04287369640787949 0.23958333333333334
0 0.4287369640787949 1.1901041666666667 0.013904982618771726 0.06770833333333333
0 0.4855156431054461 1.3229166666666667 0.01853997682502897 0.09375
0 0.522595596755504 1.3046875 0.016222479721900347 0.08854166666666667
0 0.5144843568945539 1.2473958333333333 0.013904982618771726 0.078125
0 0.533603707995365 1.2630208333333333 0.012746234067207415 0.06770833333333333
0 0.5990730011587485 1.390625 0.030127462340672075 0.15625
0 0.5828505214368482 1.203125 0.011587485515643106 0.052083333333333336
0 0.604287369640788 1.2578125 0.01738122827346466 0.078125
0 0.6037079953650057 1.1953125 0.011587485515643106 0.057291666666666664
0 0.6234067207415991 1.2369791666666667 0.013904982618771726 0.057291666666666664
0 0.6413673232908459 1.2213541666666667 0.012746234067207415 0.057291666666666664
0 0.6657010428736964 1.2994791666666667 0.019698725376593278 0.09895833333333333
0 0.652954808806489 1.1640625 0.005793742757821553 0.026041666666666668
0 0.6946697566628042 1.2682291666666667 0.019698725376593278 0.078125
0 0.6964078794901506 1.203125 0.009269988412514484 0.041666666666666664
0 0.7178447276940904 1.1901041666666667 0.010428736964078795 0.046875
0 0.764774044032445 1.2265625 0.009269988412514484 0.046875
0 0.7844727694090382 1.2291666666666667 0.006952491309385863 0.03125
0 0.8047508690614137 1.1927083333333333 0.008111239860950173 0.041666666666666664
0 0.9727694090382387 1.2578125 0.010428736964078795 0.046875
0 0.9374275782155272 1.21875 0.009269988412514484 0.052083333333333336
0 0.9223638470451911 1.2239583333333333 0.009269988412514484 0.041666666666666664
0 0.9009269988412515 1.2161458333333333 0.010428736964078795 0.057291666666666664
0 0.8789107763615296 1.2604166666666667 0.008111239860950173 0.041666666666666664
0 0.8568945538818077 1.25 0.008111239860950173 0.041666666666666664
0 0.8348783314020858 1.2239583333333333 0.008111239860950173 0.041666666666666664
0 0.8383545770567786 1.3411458333333333 0.0220162224797219 0.09895833333333333
0 0.9710312862108922 1.6328125 0.055619930475086905 0.234375
0 0.9565469293163383 1.3385416666666667 0.02433371958285052 0.2708333333333333
