0 0.07155399473222125 1.1410852713178294 0.10974539069359086 0.26046511627906976
0 0.23617208077260754 1.327906976744186 0.11764705882352941 0.289922480620155
0 0.1584723441615452 1.073643410852713 0.09218612818261633 0.2124031007751938
0 0.48990342405618964 1.3193798449612404 0.11237928007023705 0.25426356589147286
0 0.6883230904302019 1.2294573643410853 0.1264266900790167 0.31627906976744186
0 0.9350307287093942 1.2868217054263567 0.14398595258999122 0.34418604651162793
0 0.853819139596137 1.0410852713178294 0.06760316066725197 0.17209302325581396
0 0.6022827041264267 1.1131782945736435 0.08604038630377524 0.21085271317829457
0 0.33230904302019315 1.134108527131783 0.09394205443371378 0.2527131782945736
0 0.26251097453906935 0.9356589147286821 0.07550482879719052 0.16589147286821707
0 0.4086918349429324 1.0054263565891473 0.09218612818261633 0.2186046511627907
0 0.47629499561018435 0.9899224806201551 0.06584723441615452 0.16279069767441862
0 0.6905179982440738 1.0007751937984497 0.06935908691834942 0.16899224806201552
0 0.7848990342405618 0.9372093023255814 0.06672519754170325 0.15658914728682172
0 0.8959613696224759 0.8286821705426357 0.05179982440737489 0.12558139534883722
0 0.5935030728709394 0.8968992248062015 0.0649692712906058 0.15038759689922482
0 0.2923617208077261 0.7503875968992249 0.050921861281826165 0.10852713178294573
0 0.37093942054433715 0.8573643410852713 0.048287971905179985 0.10232558139534884
0 0.43810359964881473 0.8573643410852713 0.05267778753292362 0.13643410852713178
0 0.5285338015803336 0.8728682170542635 0.0456540825285338 0.10542635658914729
0 0.6237928007023705 0.8527131782945736 0.04302019315188762 0.09612403100775194
0 0.6659350307287094 0.8426356589147287 0.05706760316066725 0.12868217054263567
0 0.7914837576821774 0.7992248062015503 0.0553116769095698 0.12248062015503876
0 0.8533801580333626 0.8069767441860465 0.03687445127304653 0.08217054263565891
0 0.9345917471466199 0.7937984496124031 0.03950834064969271 0.08682170542635659
0 0.990342405618964 0.7426356589147287 0.05267778753292362 0.10542635658914729
0 0.9451273046532046 0.7255813953488373 0.030728709394205442 0.07131782945736434
0 0.8784021071115014 0.6775193798449612 0.03775241439859526 0.08992248062015504
0 0.718612818261633 0.8 0.03950834064969271 0.09612403100775194
0 0.7467076382791923 0.7062015503875969 0.035996488147497806 0.07906976744186046
0 0.7045654082528534 0.7434108527131783 0.041264266900790166 0.08527131782945736
0 0.6571553994732221 0.7310077519379845 0.035996488147497806 0.09147286821705426
0 0.6246707638279192 0.7031007751937984 0.035996488147497806 0.07286821705426356
0 0.5535557506584723 0.751937984496124 0.03424056189640035 0.07441860465116279
0 0.4995610184372256 0.8162790697674419 0.04038630377524144 0.09147286821705426
0 0.4929762949956102 0.7635658914728682 0.03424056189640035 0.07906976744186046
0 0.456540825285338 0.7937984496124031 0.03687445127304653 0.08682170542635659
0 0.3608428446005268 0.7325581395348837 0.038630377524143986 0.08527131782945736
