0 0.1929407461594733 0.8839223839223839 0.07937088514996342 0.18503118503118504
0 0.33284564740307243 0.7428967428967429 0.06437454279444038 0.16354816354816354
0 0.28547915142648134 0.6417186417186417 0.05523043160204828 0.11365211365211365
0 0.45409656181419167 0.6593901593901594 0.06986100950987564 0.11850311850311851
0 0.4354425749817118 0.9764379764379765 0.07059253840526701 0.1787941787941788
0 0.49231894659839065 0.8662508662508662 0.06583760058522312 0.15384615384615385
0 0.6027798098024872 0.8551628551628552 0.0592538405267008 0.14275814275814275
0 0.6850768105340161 0.990990990990991 0.07973664959765911 0.19265419265419265
0 0.7097659107534747 0.7633402633402634 0.05888807607900512 0.15453915453915454
0 0.8235186539868324 0.6621621621621622 0.06108266276517922 0.15315315315315314
0 0.9208119970738844 0.7169092169092169 0.061814191660570596 0.1573111573111573
0 1.1196049743964887 0.5453915453915454 0.06730065837600585 0.16632016632016633
0 0.8902706656912948 1.040887040887041 0.0753474762253109 0.17325017325017325
0 1.0512070226773957 1.0634095634095635 0.07754206291148501 0.18503118503118504
0 0.6144842721287491 0.29175329175329173 0.0548646671543526 0.13582813582813583
0 0.7309802487198245 0.24982674982674982 0.053035844915874174 0.13513513513513514
0 0.8575347476225311 0.24740124740124741 0.052304316020482806 0.1386001386001386
0 0.9798829553767374 0.22626472626472627 0.048280907095830286 0.14067914067914067
