0 0.9951298701298701 0.5714285714285714 0.10974025974025974 0.601823708206687
0 0.8912337662337663 0.5030395136778115 0.12402597402597403 0.7082066869300911
0 0.5912337662337662 0.5623100303951368 0.11233766233766233 0.6808510638297872
0 0.4470779220779221 0.8297872340425532 0.10064935064935066 0.5957446808510638
0 0.26590909090909093 0.6960486322188449 0.10844155844155844 0.6261398176291794
0 0.11428571428571428 0.547112462006079 0.12857142857142856 0.6747720364741642
0 0.19318181818181818 0.4270516717325228 0.08896103896103896 0.5987841945288754
0 0.33051948051948055 0.4787234042553192 0.09480519480519481 0.5927051671732523
0 0.5113636363636364 0.3966565349544073 0.09545454545454546 0.49544072948328266
0 0.6811688311688312 0.45288753799392095 0.09350649350649351 0.6443768996960486
0 0.7821428571428571 0.662613981762918 0.09285714285714286 0.5349544072948328
