0 0.15840965861781847 0.5301932367149759 0.04704412989175687 0.1111111111111111
0 0.21815154038301415 0.5452898550724637 0.044962531223980015 0.11231884057971014
0 0.2722731057452123 0.6714975845410628 0.034970857618651124 0.1111111111111111
0 0.3122398001665279 0.8013285024154589 0.027477102414654453 0.08333333333333333
0 0.32410491257285595 0.8731884057971014 0.020399666944213156 0.07246376811594203
0 0.3734388009991674 0.8514492753623188 0.02331390507910075 0.07246376811594203
0 0.3900915903413822 0.8876811594202898 0.02164862614487927 0.07246376811594203
0 0.42443796835970027 0.8894927536231884 0.022064945878434637 0.0640096618357488
0 0.44837635303913403 0.8858695652173914 0.02164862614487927 0.06884057971014493
0 0.4750208159866778 0.8623188405797102 0.02331390507910075 0.06038647342995169
0 0.5037468776019983 0.9094202898550725 0.018318068276436304 0.050724637681159424
0 0.5405911740216486 0.8677536231884058 0.021232306411323898 0.06159420289855073
0 0.5709825145711906 0.9082125603864735 0.021232306411323898 0.07246376811594203
0 0.5947127393838468 0.8611111111111112 0.02289758534554538 0.07729468599033816
0 0.6323896752706079 0.7711352657004831 0.026644462947543714 0.08333333333333333
0 0.6761032472939217 0.6014492753623188 0.03164029975020816 0.09178743961352658
0 0.720233139050791 0.519927536231884 0.04412989175686927 0.11714975845410629
0 0.8434637801831807 0.4559178743961353 0.061615320566194835 0.12681159420289856
0 0.022064945878434637 1.2856280193236715 0.009991673605328892 0.027777777777777776
0 0.04850124895920067 1.2717391304347827 0.012905911740216486 0.03864734299516908
0 0.11948376353039133 1.2892512077294687 0.02331390507910075 0.07367149758454106
0 0.17880932556203163 1.3345410628019323 0.01623646960865945 0.05314009661835749
0 0.24771024146544546 1.2789855072463767 0.00832639467110741 0.026570048309178744
0 0.26353039134054956 1.2916666666666667 0.009991673605328892 0.027777777777777776
0 0.922564529558701 0.8134057971014492 0.04579517069109076 0.10024154589371981
