0 0.11915367483296214 0.633419689119171 0.0556792873051225 0.15803108808290156
0 0.1514476614699332 0.7953367875647669 0.04899777282850779 0.12953367875647667
0 0.32516703786191536 0.5259067357512953 0.060133630289532294 0.17616580310880828
0 0.41759465478841873 0.6463730569948186 0.051224944320712694 0.15803108808290156
0 0.4938752783964365 0.5479274611398963 0.05011135857461024 0.13212435233160622
0 0.6208240534521158 0.6580310880829016 0.05456570155902005 0.14507772020725387
0 0.7533407572383074 0.5038860103626943 0.05902004454342984 0.17357512953367876
0 0.799554565701559 0.6904145077720207 0.051224944320712694 0.13730569948186527
0 0.8279510022271714 0.8562176165803109 0.29287305122494434 0.9974093264248705
0 0.9810690423162584 0.6800518134715026 0.053452115812917596 0.13730569948186527
