0 0.204 0.9082446808510638 0.0112 0.018617021276595744
0 0.1552 0.9002659574468085 0.0096 0.018617021276595744
0 0.104 0.9055851063829787 0.0096 0.018617021276595744
0 0.2 0.851063829787234 0.0064 0.010638297872340425
0 0.4336 0.8856382978723404 0.0128 0.02127659574468085
0 0.4664 0.8922872340425532 0.0112 0.018617021276595744
0 0.4768 0.8763297872340425 0.0128 0.023936170212765957
0 0.5264 0.9361702127659575 0.0128 0.02127659574468085
0 0.5216 0.886968085106383 0.0128 0.02925531914893617
0 0.552 0.8936170212765957 0.0128 0.02127659574468085
0 0.5752 0.8843085106382979 0.0208 0.02925531914893617
0 0.5952 0.9667553191489362 0.0256 0.04521276595744681
0 0.6304 0.8976063829787234 0.0128 0.018617021276595744
0 0.6496 0.8936170212765957 0.0128 0.02127659574468085
0 0.6928 0.875 0.016 0.02127659574468085
0 0.728 0.8776595744680851 0.016 0.026595744680851064
0 0.748 0.8803191489361702 0.0144 0.031914893617021274
0 0.7664 0.8909574468085106 0.0128 0.026595744680851064
0 0.7904 0.8856382978723404 0.0128 0.02127659574468085
0 0.808 0.9029255319148937 0.0128 0.018617021276595744
0 0.824 0.898936170212766 0.0096 0.015957446808510637
0 0.8336 0.8882978723404256 0.0096 0.015957446808510637
0 0.9688 0.8962765957446809 0.008 0.015957446808510637
0 0.9896 0.9321808510638298 0.0208 0.08776595744680851
0 0.9352 0.925531914893617 0.024 0.0851063829787234
0 0.92 0.8936170212765957 0.0064 0.010638297872340425
0 0.2416 0.6861702127659575 0.0512 0.2074468085106383
0 0.3048 0.14627659574468085 0.1872 0.2925531914893617
0 0.4728 0.12234042553191489 0.1072 0.24468085106382978
0 0.0608 0.910904255319149 0.0096 0.018617021276595744
0 0.0776 0.9095744680851063 0.0112 0.02127659574468085
0 0.0232 0.9029255319148937 0.008 0.013297872340425532
0 0.0448 0.9281914893617021 0.0064 0.010638297872340425
0 0.5168 0.6768617021276596 0.0416 0.1622340425531915
0 0.2128 0.8643617021276596 0.016 0.06382978723404255
0 0.1888 0.8696808510638298 0.0064 0.010638297872340425
