0 0.9845024469820555 1.6692307692307693 0.040783034257748776 0.23076923076923078
0 0.9477977161500816 1.0923076923076922 0.04241435562805873 0.24615384615384617
0 0.9608482871125612 0.9961538461538462 0.026101141924959218 0.14615384615384616
0 0.9877650897226754 0.9384615384615385 0.02773246329526917 0.18461538461538463
0 0.8605220228384992 1.0769230769230769 0.03099510603588907 0.16923076923076924
0 0.8287112561174551 1.0576923076923077 0.03262642740619902 0.17692307692307693
0 0.8409461663947798 0.9692307692307692 0.02773246329526917 0.13846153846153847
0 0.7740619902120718 1.0692307692307692 0.040783034257748776 0.24615384615384617
0 0.7528548123980424 1.0653846153846154 0.024469820554649267 0.14615384615384616
0 0.734094616639478 0.8769230769230769 0.026101141924959218 0.13846153846153847
0 0.6916802610114192 0.9615384615384616 0.01957585644371941 0.1076923076923077
0 0.7096247960848288 1.0846153846153845 0.03262642740619902 0.2
0 0.601957585644372 1.0461538461538462 0.03915171288743882 0.2
0 0.5179445350734094 0.9384615384615385 0.01794453507340946 0.09230769230769231
0 0.5407830342577488 0.9923076923076923 0.024469820554649267 0.1076923076923077
0 0.3841761827079935 1.0346153846153847 0.03099510603588907 0.17692307692307693
0 0.35889070146818924 1.0307692307692307 0.022838499184339316 0.15384615384615385
0 0.3442088091353997 0.8769230769230769 0.022838499184339316 0.12307692307692308
0 0.2838499184339315 1.1307692307692307 0.02936378466557912 0.38461538461538464
0 0.2642740619902121 0.9730769230769231 0.013050570962479609 0.06923076923076923
0 0.300978792822186 1.0115384615384615 0.037520391517128875 0.2076923076923077
0 0.19168026101141925 1.0769230769230769 0.03425774877650897 0.18461538461538463
0 0.19494290375203915 1.0076923076923077 0.024469820554649267 0.13846153846153847
0 0.16802610114192496 0.9884615384615385 0.06525285481239804 0.3
0 0.09216965742251224 0.9384615384615385 0.04404567699836868 0.27692307692307694
0 0.02365415986949429 0.9923076923076923 0.037520391517128875 0.2
0 0.061174551386623165 1.0038461538461538 0.01468189233278956 0.06923076923076923
