0 0.13386524822695037 8.202380952380953 0.008865248226950355 0.16666666666666666
0 0.19858156028368795 8.345238095238095 0.0070921985815602835 0.11904761904761904
0 0.23670212765957446 8.488095238095237 0.008865248226950355 0.16666666666666666
0 0.25177304964539005 8.5 0.010638297872340425 0.14285714285714285
0 0.30939716312056736 8.30952380952381 0.005319148936170213 0.09523809523809523
0 0.4237588652482269 8.619047619047619 0.03546099290780142 0.6190476190476191
0 0.49379432624113473 8.476190476190476 0.012411347517730497 0.5714285714285714
0 0.5026595744680851 8.30952380952381 0.005319148936170213 0.09523809523809523
0 0.5620567375886525 8.452380952380953 0.0070921985815602835 0.09523809523809523
0 0.5833333333333334 8.261904761904763 0.0070921985815602835 0.09523809523809523
0 0.6170212765957447 8.404761904761905 0.0070921985815602835 0.09523809523809523
0 0.6684397163120568 8.261904761904763 0.0070921985815602835 0.09523809523809523
0 0.6471631205673759 8.452380952380953 0.010638297872340425 0.5238095238095238
0 0.7304964539007093 8.261904761904763 0.0070921985815602835 0.09523809523809523
0 0.75177304964539 8.428571428571429 0.01773049645390071 0.38095238095238093
0 0.776595744680851 8.273809523809524 0.0070921985815602835 0.11904761904761904
0 0.8572695035460993 8.107142857142858 0.008865248226950355 0.16666666666666666
0 0.8714539007092199 8.166666666666666 0.008865248226950355 0.14285714285714285
0 1.0904255319148937 8.142857142857142 0.014184397163120567 0.19047619047619047
0 1.1019503546099292 8.130952380952381 0.005319148936170213 0.07142857142857142
0 1.0797872340425532 8.178571428571429 0.014184397163120567 0.21428571428571427
0 1.0283687943262412 8.452380952380953 0.010638297872340425 0.14285714285714285
0 1.0407801418439717 8.095238095238095 0.0070921985815602835 0.09523809523809523
0 1.0283687943262412 8.297619047619047 0.014184397163120567 0.5
0 0.5656028368794326 8.321428571428571 0.0070921985815602835 0.11904761904761904
