0 -0.01262135922330097 0.22995951417004049 0.02912621359223301 0.051821862348178135
0 0.03131067961165049 0.2465587044534413 0.02766990291262136 0.05101214574898785
0 0.10436893203883495 0.16194331983805668 0.01650485436893204 0.03562753036437247
0 0.15145631067961166 0.10647773279352227 0.01262135922330097 0.029959514170040485
0 0.0645631067961165 0.09068825910931175 0.006796116504854369 0.016194331983805668
0 0.1837378640776699 0.3821862348178138 0.03058252427184466 0.06153846153846154
0 0.229126213592233 0.3412955465587045 0.04271844660194175 0.09473684210526316
0 0.3162621359223301 0.4133603238866397 0.03737864077669903 0.07368421052631578
0 0.42451456310679614 0.42672064777327934 0.04611650485436893 0.07449392712550608
0 0.5745145631067962 0.4465587044534413 0.04902912621359223 0.11417004048582996
0 0.6359223300970874 0.37449392712550605 0.05339805825242718 0.08178137651821862
0 0.933009708737864 0.46275303643724697 0.07961165048543689 0.15465587044534412
0 0.8555825242718447 0.1 0.016019417475728156 0.02834008097165992
0 0.8771844660194175 0.09716599190283401 0.018446601941747572 0.0340080971659919
0 0.900242718446602 0.09149797570850203 0.01407766990291262 0.032388663967611336
0 0.9436893203883495 0.12834008097165991 0.027184466019417475 0.04129554655870445
0 0.7635922330097087 0.12510121457489878 0.021359223300970873 0.03967611336032389
0 0.7485436893203884 0.16882591093117408 0.027184466019417475 0.055870445344129556
0 0.8094660194174758 0.2417004048582996 0.04320388349514563 0.07368421052631578
0 0.6344660194174757 0.13360323886639677 0.031067961165048542 0.05344129554655871
0 0.5196601941747573 0.16882591093117408 0.022815533980582524 0.04939271255060729
0 0.4822815533980582 0.13157894736842105 0.025728155339805825 0.046153846153846156
0 0.3793689320388349 0.28866396761133606 0.04514563106796116 0.07206477732793522
0 0.3813106796116505 0.28421052631578947 0.04223300970873786 0.05991902834008097
0 0.24393203883495146 0.10688259109311742 0.02378640776699029 0.0437246963562753
0 0.22330097087378642 0.2708502024291498 0.03300970873786408 0.06882591093117409
0 0.39975728155339807 0.13441295546558704 0.017961165048543688 0.042105263157894736
0 0.3075242718446602 0.1417004048582996 0.025728155339805825 0.05020242914979757
0 0.5842233009708738 0.12226720647773279 0.017961165048543688 0.0340080971659919
