0 0.25646794150731156 1.1965065502183405 0.020247469066366704 0.10480349344978165
0 0.2862767154105737 1.240174672489083 0.01687289088863892 0.07860262008733625
0 0.34926884139482567 1.1899563318777293 0.021372328458942633 0.09170305676855896
0 0.5281214848143982 0.7008733624454149 0.07086614173228346 0.2838427947598253
0 0.6124859392575928 1.2489082969432315 0.021372328458942633 0.08733624454148471
0 0.6777277840269966 1.277292576419214 0.021372328458942633 0.08296943231441048
0 0.6962879640044994 1.1550218340611353 0.024746906636670417 0.09170305676855896
0 0.7705286839145107 1.275109170305677 0.020247469066366704 0.07860262008733625
0 0.843644544431946 0.87117903930131 0.04499437570303712 0.24017467248908297
0 0.9116985376827896 1.0895196506550218 0.03937007874015748 0.15283842794759825
0 0.9786276715410573 0.9082969432314411 0.05399325084364454 0.23580786026200873
0 1.0427446569178853 1.0414847161572052 0.03824521934758155 0.15283842794759825
0 1.076490438695163 1.331877729257642 0.01799775028121485 0.07860262008733625
0 1.0916760404949382 1.3296943231441047 0.014623172103487065 0.07423580786026202
0 1.1557930258717661 1.3209606986899562 0.014623172103487065 0.056768558951965066
0 1.1670416197975253 1.5262008733624455 0.019122609673790775 0.06550218340611354
0 1.232845894263217 1.220524017467249 0.02699662542182227 0.1091703056768559
