0 1.0414560161779576 3.375 0.042467138523761376 0.6195652173913043
0 1.0227502527805865 2.967391304347826 0.03943377148634985 0.5652173913043478
0 0.9565217391304348 3.092391304347826 0.042467138523761376 0.5543478260869565
0 0.9292214357937311 3.3043478260869565 0.032355915065722954 0.41304347826086957
0 0.9095045500505561 3.032608695652174 0.033367037411526794 0.4782608695652174
0 0.8124368048533872 3.108695652173913 0.03943377148634985 0.43478260869565216
0 0.8301314459049545 3.1793478260869565 0.028311425682507583 0.44565217391304346
0 0.7153690596562184 3.3152173913043477 0.033367037411526794 0.4782608695652174
0 0.7022244691607684 3.4347826086956523 0.027300303336703743 0.32608695652173914
0 0.5748230535894844 3.3097826086956523 0.025278058645096056 0.3804347826086957
0 0.582912032355915 2.989130434782609 0.027300303336703743 0.3695652173913043
0 0.5364004044489383 3.282608695652174 0.027300303336703743 0.32608695652173914
0 0.5045500505561172 3.108695652173913 0.0262891809908999 0.30434782608695654
0 0.5050556117290192 3.3260869565217392 0.027300303336703743 0.34782608695652173
0 0.4580384226491405 3.369565217391304 0.024266936299292215 0.32608695652173914
0 0.43023255813953487 3.3967391304347827 0.027300303336703743 0.31521739130434784
0 0.3685540950455005 3.3315217391304346 0.023255813953488372 0.22826086956521738
0 0.2679474216380182 3.222826086956522 0.022244691607684528 0.2717391304347826
0 0.24772497472194135 3.244565217391304 0.01820020222446916 0.22826086956521738
0 0.17037411526794743 2.989130434782609 0.025278058645096056 0.30434782608695654
0 0.07280080889787664 2.9456521739130435 0.020222446916076844 0.30434782608695654
0 0.08493427704752275 2.972826086956522 0.016177957532861477 0.25
