0 0.23183619550858653 0.7314487632508834 0.03302509907529723 0.05653710247349823
0 0.33487450462351387 0.7217314487632509 0.03302509907529723 0.06890459363957598
0 0.38375165125495375 0.6775618374558304 0.02509907529722589 0.037102473498233215
0 0.4147952443857332 0.6899293286219081 0.023778071334214 0.044169611307420496
0 0.4511228533685601 0.7208480565371025 0.03302509907529723 0.053003533568904596
0 0.45310435931307796 0.6157243816254417 0.026420079260237782 0.04063604240282685
0 0.4953764861294584 0.7093639575971732 0.023778071334214 0.04063604240282685
0 0.49273447820343463 0.7040636042402827 0.026420079260237782 0.044169611307420496
0 0.5462351387054161 0.657243816254417 0.02509907529722589 0.045936395759717315
0 0.5726552179656539 0.6431095406360424 0.02774108322324967 0.038869257950530034
0 0.5733157199471598 0.6431095406360424 0.026420079260237782 0.04240282685512368
0 0.6122853368560106 0.6952296819787986 0.02509907529722589 0.044169611307420496
0 0.6499339498018494 0.676678445229682 0.02906208718626156 0.04946996466431095
0 0.6809775429326288 0.6333922261484098 0.02509907529722589 0.04063604240282685
0 0.6981505944517834 0.6590106007067138 0.02509907529722589 0.0353356890459364
0 0.7126816380449141 0.6439929328621908 0.02509907529722589 0.044169611307420496
0 0.7357992073976222 0.6749116607773852 0.02906208718626156 0.038869257950530034
0 0.7635402906208718 0.6731448763250883 0.023778071334214 0.0353356890459364
0 0.7787318361955086 0.6183745583038869 0.02509907529722589 0.038869257950530034
0 0.7906208718626155 0.6943462897526502 0.03302509907529723 0.04240282685512368
0 0.7892998678996037 0.6943462897526502 0.03038309114927345 0.04946996466431095
0 0.8223249669749009 0.6687279151943463 0.02774108322324967 0.04063604240282685
0 0.8665785997357992 0.6943462897526502 0.026420079260237782 0.045936395759717315
0 0.892998678996037 0.6890459363957597 0.02906208718626156 0.04240282685512368
0 0.9227212681638045 0.6802120141342756 0.02509907529722589 0.04240282685512368
0 0.9788639365918098 0.6890459363957597 0.031704095112285335 0.053003533568904596
0 1.0224570673712021 0.7067137809187279 0.023778071334214 0.0353356890459364
0 1.0455746367239103 0.6704946996466431 0.03302509907529723 0.05123674911660778
0 1.0885072655217967 0.7208480565371025 0.023778071334214 0.04240282685512368
0 1.1221928665785998 0.7287985865724381 0.022457067371202115 0.030035335689045935
0 1.2087186261558784 0.7429328621908127 0.013210039630118891 0.022968197879858657
0 1.203434610303831 0.730565371024735 0.015852047556142668 0.022968197879858657
