0 0.039898132427843805 3.4732142857142856 0.025466893039049237 0.125
0 0.10780984719864177 3.392857142857143 0.028862478777589132 0.16071428571428573
0 0.12139219015280135 3.3839285714285716 0.022071307300509338 0.14285714285714285
0 0.2597623089983022 3.53125 0.023769100169779286 0.13392857142857142
0 0.29456706281833617 3.5044642857142856 0.022071307300509338 0.11607142857142858
0 0.3140916808149406 3.549107142857143 0.023769100169779286 0.13392857142857142
0 0.40237691001697795 3.5267857142857144 0.02037351443123939 0.125
0 0.5568760611205433 3.5357142857142856 0.02037351443123939 0.10714285714285714
0 0.5848896434634975 3.5089285714285716 0.015280135823429542 0.08928571428571429
0 0.6281833616298812 3.5401785714285716 0.02037351443123939 0.11607142857142858
0 0.6740237691001698 3.580357142857143 0.02037351443123939 0.08928571428571429
0 1.0144312393887946 3.4330357142857144 0.025466893039049237 0.16964285714285715
0 0.8828522920203735 3.5982142857142856 0.02037351443123939 0.125
0 0.3387096774193548 3.59375 0.028862478777589132 0.1875
