0 1.2882231404958677 1.1373626373626373 0.06198347107438017 0.17032967032967034
0 1.272210743801653 1.10989010989011 0.04855371900826446 0.15934065934065933
0 1.102789256198347 1.3365384615384615 0.03409090909090909 0.11263736263736264
0 0.918904958677686 1.3475274725274726 0.08574380165289257 0.3159340659340659
0 0.8899793388429752 1.0686813186813187 0.07954545454545454 0.2802197802197802
0 0.793904958677686 1.1923076923076923 0.07334710743801653 0.23626373626373626
0 0.7722107438016529 1.6373626373626373 0.07334710743801653 0.2857142857142857
0 0.6389462809917356 1.3887362637362637 0.06921487603305786 0.2774725274725275
0 0.4927685950413223 1.4093406593406594 0.07024793388429752 0.23626373626373626
0 0.3631198347107438 1.348901098901099 0.07954545454545454 0.26373626373626374
0 0.3615702479338843 1.0906593406593406 0.08471074380165289 0.26373626373626374
0 0.5056818181818182 1.1318681318681318 0.07541322314049587 0.2802197802197802
0 0.6818181818181818 1.1428571428571428 0.07231404958677685 0.25824175824175827
0 0.6420454545454546 0.9175824175824175 0.07541322314049587 0.27472527472527475
0 0.7355371900826446 1.0068681318681318 0.07231404958677685 0.2554945054945055
