0 0.2125984251968504 0.2537764350453172 0.05669291338582677 0.14501510574018128
0 0.30787401574803147 0.31722054380664655 0.05196850393700787 0.12084592145015106
0 0.39133858267716537 0.5649546827794562 0.06456692913385827 0.15709969788519637
0 0.537007874015748 0.21148036253776434 0.06614173228346457 0.15709969788519637
0 0.7220472440944882 0.30060422960725075 0.08031496062992126 0.18429003021148035
0 0.8874015748031496 0.338368580060423 0.06456692913385827 0.13897280966767372
0 0.6897637795275591 0.23867069486404835 0.07874015748031496 0.16314199395770393
0 0.537007874015748 0.20996978851963746 0.06614173228346457 0.16012084592145015
0 0.8700787401574803 0.3202416918429003 0.05511811023622047 0.14501510574018128
0 0.8094488188976378 0.27492447129909364 0.02204724409448819 0.04833836858006042
0 0.7716535433070866 0.28700906344410876 0.01889763779527559 0.04833836858006042
0 0.6346456692913386 0.2537764350453172 0.015748031496062992 0.030211480362537766
