0 1.163105413105413 0.26703296703296703 0.08974358974358974 0.12087912087912088
0 0.8561253561253561 0.5868131868131868 0.03133903133903134 0.05714285714285714
0 0.8974358974358975 0.6406593406593407 0.022792022792022793 0.03736263736263736
0 0.7101139601139601 0.2923076923076923 0.09544159544159544 0.16703296703296702
0 0.7621082621082621 0.4175824175824176 0.06837606837606838 0.12307692307692308
0 0.8133903133903134 0.45604395604395603 0.05413105413105413 0.11208791208791209
0 0.6032763532763533 0.532967032967033 0.04415954415954416 0.07692307692307693
0 0.5612535612535613 0.5197802197802198 0.039886039886039885 0.08131868131868132
0 0.46652421652421655 0.4054945054945055 0.0754985754985755 0.13846153846153847
0 0.35683760683760685 0.21978021978021978 0.10113960113960115 0.1978021978021978
0 0.23931623931623933 0.5725274725274725 0.06267806267806268 0.0989010989010989
