0 0.4417211328976035 0.8760330578512396 0.12527233115468409 0.3085399449035813
0 0.7864923747276689 0.5826446280991735 0.13725490196078433 0.35537190082644626
0 0.9782135076252724 0.4724517906336088 0.11328976034858387 0.21212121212121213
0 0.8916122004357299 0.509641873278237 0.05773420479302832 0.1652892561983471
0 0.6879084967320261 0.3415977961432507 0.03376906318082789 0.1046831955922865
0 0.5724400871459695 0.3512396694214876 0.029411764705882353 0.09090909090909091
0 0.590958605664488 0.30165289256198347 0.020697167755991286 0.06336088154269973
0 0.5484749455337691 0.26584022038567495 0.016339869281045753 0.06336088154269973
0 0.4831154684095861 0.290633608815427 0.020697167755991286 0.06887052341597796
0 0.4531590413943355 0.3774104683195592 0.030501089324618737 0.1046831955922865
0 0.3442265795206972 0.3512396694214876 0.034858387799564274 0.09641873278236915
0 0.35838779956427014 0.28236914600550966 0.015250544662309368 0.04132231404958678
0 0.3148148148148148 0.2534435261707989 0.015250544662309368 0.0440771349862259
0 0.24727668845315903 0.24104683195592286 0.017429193899782137 0.04132231404958678
0 0.21459694989106753 0.25206611570247933 0.017429193899782137 0.046831955922865015
0 0.22712418300653595 1.1074380165289257 0.09694989106753812 0.22589531680440772
0 0.1111111111111111 0.6735537190082644 0.12854030501089325 0.256198347107438
0 0.20098039215686275 0.6115702479338843 0.06427015250544663 0.18732782369146006
0 0.23202614379084968 0.38016528925619836 0.0784313725490196 0.1652892561983471
0 0.17320261437908496 0.38154269972451793 0.0457516339869281 0.12947658402203857
0 0.11383442265795207 0.45867768595041325 0.03594771241830065 0.09090909090909091
0 0.09586056644880174 0.371900826446281 0.026143790849673203 0.06060606060606061
0 0.7886710239651417 0.418732782369146 0.034858387799564274 0.09917355371900827
