0 1.000361010830325 1.2052469135802468 0.0628158844765343 0.2932098765432099
0 0.6953068592057762 1.4459876543209877 0.08953068592057761 0.49691358024691357
0 0.4660649819494585 1.441358024691358 0.0815884476534296 0.5185185185185185
0 0.35631768953068593 1.4969135802469136 0.032490974729241874 0.14814814814814814
0 0.34512635379061374 1.279320987654321 0.03176895306859206 0.16358024691358025
0 0.4220216606498195 1.529320987654321 0.02815884476534296 0.13271604938271606
0 0.49891696750902526 1.1790123456790123 0.027436823104693142 0.12345679012345678
0 0.5371841155234657 1.058641975308642 0.03176895306859206 0.15432098765432098
0 0.048736462093862815 1.3410493827160495 0.03393501805054152 0.1574074074074074
0 0.09205776173285199 1.1851851851851851 0.01516245487364621 0.07407407407407407
0 0.9148014440433213 1.1311728395061729 0.0332129963898917 0.1574074074074074
0 0.8945848375451263 1.0416666666666667 0.025992779783393503 0.14506172839506173
0 0.8465703971119134 1.1419753086419753 0.026714801444043323 0.13580246913580246
0 0.9660649819494584 0.7762345679012346 0.01444043321299639 0.06481481481481481
0 0.944043321299639 0.7669753086419753 0.013718411552346571 0.06481481481481481
0 0.9090252707581228 0.7561728395061729 0.011552346570397111 0.06172839506172839
0 0.8866425992779784 0.7345679012345679 0.01444043321299639 0.06790123456790123
0 0.7732851985559567 0.8179012345679012 0.011552346570397111 0.04938271604938271
0 0.7606498194945849 0.8317901234567902 0.010830324909747292 0.05246913580246913
0 0.7375451263537907 0.8302469135802469 0.01227436823104693 0.06790123456790123
0 0.6895306859205776 0.808641975308642 0.012996389891696752 0.06172839506172839
0 0.5942238267148015 0.8734567901234568 0.011552346570397111 0.05555555555555555
0 0.5545126353790614 0.8966049382716049 0.01444043321299639 0.07716049382716049
