0 0.1773343373493976 0.9803921568627451 0.08207831325301204 0.4444444444444444
0 0.2703313253012048 0.8709150326797386 0.07680722891566265 0.4215686274509804
0 0.47289156626506024 0.946078431372549 0.07078313253012049 0.3888888888888889
0 0.5353915662650602 1.2320261437908497 0.0783132530120482 0.40522875816993464
0 0.6039156626506024 1.1241830065359477 0.060240963855421686 0.38562091503267976
0 0.7003012048192772 1.446078431372549 0.07379518072289157 0.42810457516339867
0 0.8106174698795181 1.3496732026143792 0.07003012048192771 0.39869281045751637
0 0.9431475903614458 1.3447712418300655 0.06400602409638555 0.3954248366013072
0 1.1012801204819278 1.1683006535947713 0.07003012048192771 0.3627450980392157
0 1.0188253012048192 1.0604575163398693 0.06927710843373494 0.369281045751634
0 0.8381024096385542 0.9656862745098039 0.06927710843373494 0.369281045751634
0 0.704066265060241 1.0130718954248366 0.07078313253012049 0.30718954248366015
