0 0.8984771573604061 0.1349911190053286 0.07918781725888324 0.1669626998223801
0 0.7888324873096447 0.23623445825932504 0.09137055837563451 0.1989342806394316
0 0.6964467005076143 0.30728241563055064 0.08527918781725888 0.16341030195381884
0 0.46954314720812185 0.27797513321492007 0.08020304568527918 0.16163410301953818
0 0.05989847715736041 0.28685612788632325 0.08934010152284264 0.18294849023090587
0 0.283248730964467 0.24067495559502664 0.10152284263959391 0.19715808170515098
0 0.950253807106599 0.17406749555950266 0.05888324873096447 0.12788632326820604
0 0.4086294416243655 0.33126110124333924 0.06802030456852792 0.14031971580817051
0 0.5385786802030457 0.2912966252220249 0.027411167512690356 0.056838365896980464
0 0.6345177664974619 0.34458259325044405 0.024365482233502538 0.056838365896980464
0 0.6060913705583756 0.30817051509769094 0.024365482233502538 0.05150976909413854
0 0.6106598984771574 0.38809946714031973 0.029441624365482234 0.07282415630550622
0 0.5649746192893401 0.42095914742451157 0.023350253807106598 0.056838365896980464
0 0.5258883248730964 0.38188277087033745 0.024365482233502538 0.05328596802841918
