0 0.03836530442035029 0.7114803625377644 0.058381984987489574 0.12084592145015106
0 0.19307756463719766 0.729607250755287 0.06922435362802336 0.13595166163141995
0 0.1305254378648874 1.042296072507553 0.1359466221851543 0.30513595166163143
0 0.33194328607172646 0.7945619335347432 0.09674728940783987 0.2084592145015106
0 0.43661384487072563 0.6367069486404834 0.10258548790658882 0.243202416918429
0 0.51209341117598 0.9010574018126888 0.13010842368640535 0.3338368580060423
0 0.5783986655546288 0.7122356495468278 0.1042535446205171 0.22205438066465258
0 0.7481234361968306 0.8625377643504532 0.11509591326105087 0.27492447129909364
0 0.9699749791492911 0.6706948640483383 0.058381984987489574 0.1299093655589124
0 0.9015846538782318 0.7152567975830816 0.05504587155963303 0.12235649546827794
0 0.8060884070058382 0.7734138972809668 0.07589658048373644 0.16012084592145015
