0 0.11141427921782629 0.9030927835051547 0.04729422464756708 0.07731958762886598
0 0.21805366075488858 0.8889175257731958 0.047748976807639835 0.07577319587628865
0 0.2983174170077308 0.9417525773195876 0.04547521600727603 0.07938144329896907
0 0.42746703046839474 0.9809278350515463 0.05093224192814916 0.08453608247422681
0 0.534106412005457 0.9969072164948454 0.05138699408822192 0.08247422680412371
0 0.6587085038653934 1.0146907216494845 0.059572532969531605 0.09329896907216495
0 0.7974079126875853 1.074742268041237 0.057753524329240566 0.07731958762886598
0 0.7903592542064575 0.9123711340206185 0.053660754888585724 0.08556701030927835
0 0.6664392905866303 0.9064432989690722 0.048658481127785355 0.08195876288659794
0 0.5277398817644384 0.8644329896907217 0.046839472487494316 0.08144329896907217
0 0.4099590723055935 0.8213917525773196 0.05593451568894952 0.0788659793814433
0 0.2867212369258754 0.7731958762886598 0.057753524329240566 0.08762886597938144
0 0.10732150977717145 0.8079896907216495 0.03819918144611187 0.07268041237113403
0 0.14961346066393816 0.6778350515463918 0.05093224192814916 0.07422680412371134
0 0.22623919963619826 0.5925257731958763 0.045929968167348796 0.07474226804123711
0 0.3037744429286039 0.6538659793814433 0.053660754888585724 0.07577319587628865
0 0.4665757162346521 0.6510309278350516 0.05002273760800364 0.0731958762886598
0 0.5734424738517508 0.6731958762886598 0.05184174624829468 0.07731958762886598
0 0.7055479763528877 0.6956185567010309 0.049567985447930875 0.08608247422680412
0 0.804456571168713 0.722680412371134 0.04911323328785812 0.08453608247422681
0 0.9067758071850841 0.7443298969072165 0.0482037289677126 0.07938144329896907
0 0.9265575261482492 0.6386597938144329 0.0504774897680764 0.07938144329896907
0 0.8035470668485676 0.6085051546391752 0.04729422464756708 0.07061855670103093
0 0.6637107776261937 0.5927835051546392 0.04320145520691223 0.06804123711340206
0 0.5084129149613461 0.5564432989690722 0.04729422464756708 0.07577319587628865
0 0.385175079581628 0.5458762886597938 0.04001819008640291 0.06907216494845361
0 0.2464756707594361 0.4742268041237113 0.05002273760800364 0.08041237113402062
0 0.38494770350159163 0.4554123711340206 0.04229195088676671 0.06443298969072164
0 0.45657116871305137 0.4981958762886598 0.04456571168713051 0.07474226804123711
0 0.5864029104138244 0.5110824742268041 0.04047294224647567 0.0654639175257732
0 0.7055479763528877 0.5329896907216495 0.045020463847203276 0.07422680412371134
0 0.8551614370168258 0.49536082474226806 0.0504774897680764 0.0731958762886598
0 0.9813551614370168 0.5208762886597939 0.05093224192814916 0.07783505154639175
0 0.9895407003183265 0.44252577319587627 0.04911323328785812 0.07577319587628865
0 0.8731241473396999 0.4435567010309278 0.04456571168713051 0.06649484536082474
0 0.7776261937244202 0.42216494845360825 0.040927694406548434 0.06701030927835051
0 0.655525238744884 0.3956185567010309 0.04047294224647567 0.06958762886597938
0 0.5609367894497499 0.3667525773195876 0.04138244656662119 0.07268041237113403
0 0.46748522055479763 0.3768041237113402 0.03638017280582083 0.05463917525773196
0 0.45497953615279674 0.29871134020618556 0.03319690768531151 0.06237113402061856
0 0.4347430650295589 0.19845360824742267 0.041837198726693954 0.06391752577319587
0 0.5820827648931333 0.28376288659793814 0.03910868576625739 0.05824742268041237
0 0.5875397908140063 0.14561855670103094 0.041837198726693954 0.06443298969072164
0 0.6778080945884493 0.27164948453608245 0.036834924965893585 0.058762886597938144
0 0.7141882673942701 0.16752577319587628 0.04138244656662119 0.06391752577319587
0 0.7871759890859482 0.3079896907216495 0.040927694406548434 0.060309278350515465
0 0.8096862210095498 0.21108247422680412 0.03865393360618463 0.059278350515463915
0 0.8788085493406094 0.3559278350515464 0.045020463847203276 0.06752577319587628
0 1.0220554797635288 0.38376288659793817 0.04229195088676671 0.07061855670103093
0 1.065256934970441 0.22422680412371135 0.045020463847203276 0.07628865979381444
0 0.9258753979081401 0.2618556701030928 0.04365620736698499 0.06597938144329897
0 0.9160982264665757 0.20927835051546392 0.03319690768531151 0.061855670103092786
