0 0.16823899371069181 1.5065502183406114 0.040880503144654086 0.1222707423580786
0 0.29009433962264153 1.262008733624454 0.06132075471698113 0.14847161572052403
0 0.3128930817610063 1.1790393013100438 0.050314465408805034 0.14847161572052403
0 0.3970125786163522 1.0218340611353711 0.03930817610062893 0.13100436681222707
0 0.4693396226415094 1.0851528384279476 0.03930817610062893 0.11790393013100436
0 0.47641509433962265 1.1462882096069869 0.040880503144654086 0.13537117903930132
0 0.5314465408805031 1.1004366812227073 0.02830188679245283 0.10480349344978165
0 0.5550314465408805 1.091703056768559 0.03459119496855346 0.13100436681222707
0 0.639937106918239 1.111353711790393 0.02830188679245283 0.10043668122270742
0 0.6509433962264151 1.111353711790393 0.03459119496855346 0.11790393013100436
0 0.6863207547169812 1.2292576419213974 0.036163522012578615 0.10043668122270742
0 0.7617924528301887 1.091703056768559 0.029874213836477988 0.11353711790393013
0 0.8812893081761006 1.1877729257641922 0.029874213836477988 0.11353711790393013
0 0.925314465408805 1.0938864628820961 0.036163522012578615 0.12663755458515283
0 1.0345911949685536 1.0895196506550218 0.03773584905660377 0.10043668122270742
0 1.074685534591195 1.1834061135371179 0.0330188679245283 0.10480349344978165
0 0.7963836477987422 1.1506550218340612 0.055031446540880505 0.14410480349344978
