0 0.005698005698005698 1.7977272727272726 0.017094017094017096 0.15
0 0.027540360873694207 1.8227272727272728 0.01899335232668566 0.08181818181818182
0 0.06315289648622982 1.775 0.018043684710351376 0.10454545454545454
0 0.10208926875593542 1.725 0.016144349477682812 0.09545454545454546
0 0.1315289648622982 1.7340909090909091 0.02184235517568851 0.09545454545454546
0 0.201329534662868 1.7113636363636364 0.01899335232668566 0.08636363636363636
0 0.22032288698955366 1.7159090909090908 0.01899335232668566 0.09545454545454546
0 0.254985754985755 1.7818181818181817 0.02184235517568851 0.09090909090909091
0 0.2378917378917379 1.8545454545454545 0.016144349477682812 0.08181818181818182
0 0.28537511870845206 1.8454545454545455 0.023741690408357077 0.12727272727272726
0 0.33903133903133903 2.0 0.030389363722697058 0.12727272727272726
0 0.4601139601139601 2.047727272727273 0.02184235517568851 0.11363636363636363
0 0.4249762583095916 1.7704545454545455 0.018043684710351376 0.10454545454545454
0 0.49002849002849 1.8022727272727272 0.017094017094017096 0.11363636363636363
0 0.47530864197530864 1.7727272727272727 0.018043684710351376 0.10909090909090909
0 0.3741690408357075 1.7431818181818182 0.013295346628679962 0.06818181818181818
0 0.5218423551756886 1.7431818181818182 0.014245014245014245 0.06818181818181818
0 0.5527065527065527 1.7886363636363636 0.013295346628679962 0.06818181818181818
0 0.5754985754985755 1.8772727272727272 0.01899335232668566 0.11818181818181818
0 0.6168091168091168 1.8113636363636363 0.019943019943019943 0.08636363636363636
0 0.637701804368471 1.809090909090909 0.016144349477682812 0.10909090909090909
0 0.6657169990503324 1.815909090909091 0.017094017094017096 0.08636363636363636
0 0.7113010446343779 1.7113636363636364 0.01899335232668566 0.09545454545454546
0 0.7188983855650523 1.7636363636363637 0.011396011396011397 0.06363636363636363
0 0.6794871794871795 2.059090909090909 0.029439696106362774 0.14545454545454545
0 0.7507122507122507 1.9545454545454546 0.029439696106362774 0.14545454545454545
0 0.7758784425451092 1.9863636363636363 0.030389363722697058 0.16363636363636364
0 0.7981956315289649 2.022727272727273 0.0389363722697056 0.17272727272727273
0 0.8784425451092118 2.075 0.026590693257359924 0.17727272727272728
0 0.9838556505223172 1.8045454545454545 0.022792022792022793 0.10909090909090909
0 0.9434947768281101 1.915909090909091 0.02184235517568851 0.1318181818181818
0 0.8276353276353277 1.8272727272727274 0.018043684710351376 0.09090909090909091
0 0.1225071225071225 2.0022727272727274 0.030389363722697058 0.15
0 0.12630579297245964 1.9977272727272728 0.02849002849002849 0.15
0 0.33998100664767333 1.7340909090909091 0.013295346628679962 0.06818181818181818
0 0.3167141500474834 1.7636363636363637 0.018043684710351376 0.1
0 0.1728395061728395 1.6704545454545454 0.011396011396011397 0.06818181818181818
0 0.1842355175688509 1.7159090909090908 0.011396011396011397 0.06818181818181818
0 0.38746438746438744 1.7022727272727274 0.00949667616334283 0.05909090909090909
0 0.40788224121557454 1.7227272727272727 0.012345679012345678 0.06363636363636363
0 0.25071225071225073 1.6818181818181819 0.011396011396011397 0.06363636363636363
0 0.23884140550807217 1.6477272727272727 0.010446343779677113 0.04090909090909091
0 0.2948717948717949 1.7068181818181818 0.010446343779677113 0.06818181818181818
0 0.35327635327635326 1.7068181818181818 0.011396011396011397 0.05909090909090909
0 0.7896486229819563 1.709090909090909 0.014245014245014245 0.06363636363636363
0 0.8233618233618234 1.6795454545454545 0.00949667616334283 0.05909090909090909
0 0.761633428300095 1.790909090909091 0.015194681861348529 0.08181818181818182
0 0.6035137701804368 1.625 0.006647673314339981 0.031818181818181815
0 0.5954415954415955 1.6136363636363635 0.00949667616334283 0.045454545454545456
0 0.5693257359924027 1.6727272727272726 0.008547008547008548 0.045454545454545456
0 0.5508072174738842 1.6977272727272728 0.011396011396011397 0.05909090909090909
0 0.5408357075023742 1.7340909090909091 0.012345679012345678 0.06818181818181818
0 0.8979107312440646 1.8113636363636363 0.016144349477682812 0.07727272727272727
0 0.9017094017094017 2.0113636363636362 0.029439696106362774 0.1590909090909091
0 0.976258309591643 1.7386363636363635 0.022792022792022793 0.12272727272727273
0 0.7397910731244065 1.709090909090909 0.011396011396011397 0.06363636363636363
0 0.8038936372269706 1.8113636363636363 0.014245014245014245 0.06818181818181818
0 0.7640075973409307 1.65 0.006647673314339981 0.03636363636363636
0 0.7635327635327636 1.6454545454545455 0.007597340930674264 0.03636363636363636
0 0.6557454890788225 1.759090909090909 0.012345679012345678 0.07272727272727272
0 0.6533713200379867 1.6977272727272728 0.011396011396011397 0.05909090909090909
0 0.6419753086419753 1.7113636363636364 0.00949667616334283 0.05909090909090909
0 0.6291547958214625 1.725 0.012345679012345678 0.05909090909090909
