0 0.01532258064516129 0.9222846441947565 0.016129032258064516 0.031835205992509365
0 0.04516129032258064 0.8895131086142322 0.017741935483870968 0.052434456928838954
0 0.06975806451612904 1.0327715355805243 0.025 0.07303370786516854
0 0.12580645161290321 0.9363295880149812 0.041935483870967745 0.12734082397003746
0 0.17298387096774193 0.8735955056179775 0.013709677419354839 0.03932584269662921
0 0.19153225806451613 0.8726591760299626 0.008870967741935484 0.0299625468164794
0 0.2217741935483871 0.8661048689138576 0.012903225806451613 0.031835205992509365
0 0.20201612903225807 0.9784644194756554 0.029838709677419355 0.08052434456928839
0 0.3149193548387097 0.9316479400749064 0.021774193548387097 0.05805243445692884
0 0.41935483870967744 0.8979400749063671 0.008064516129032258 0.020599250936329586
0 0.4939516129032258 0.9250936329588015 0.013709677419354839 0.0299625468164794
0 0.9350806451612903 0.903558052434457 0.004032258064516129 0.013108614232209739
0 0.9544354838709678 0.903558052434457 0.00564516129032258 0.013108614232209739
0 0.9854838709677419 0.9119850187265918 0.0064516129032258064 0.0149812734082397
