0 0.2745241581259151 1.3957446808510638 0.05417276720351391 0.20425531914893616
0 0.13030746705710103 1.4893617021276595 0.07320644216691069 0.22127659574468084
0 0.36383601756954614 1.248936170212766 0.0424597364568082 0.1148936170212766
0 0.2796486090775988 1.2872340425531914 0.040995607613469986 0.13191489361702127
0 0.17642752562225475 1.2531914893617022 0.0424597364568082 0.1148936170212766
0 0.0849194729136164 1.221276595744681 0.0527086383601757 0.11914893617021277
0 0.01683748169838946 1.1872340425531915 0.03953147877013177 0.10212765957446808
0 0.4062957540263543 1.1595744680851063 0.027818448023426062 0.08085106382978724
0 0.3308931185944363 1.172340425531915 0.029282576866764276 0.08936170212765958
0 0.25988286969253294 1.146808510638298 0.036603221083455345 0.09787234042553192
0 0.1903367496339678 1.1553191489361703 0.03513909224011713 0.08936170212765958
0 0.14275256222547583 1.146808510638298 0.03953147877013177 0.08936170212765958
0 0.08052708638360176 1.1531914893617021 0.040995607613469986 0.09361702127659574
0 0.02562225475841874 1.1127659574468085 0.021961932650073207 0.05531914893617021
0 0.4216691068814056 1.1297872340425532 0.02342606149341142 0.06382978723404255
0 0.36749633967789164 1.1191489361702127 0.02342606149341142 0.06808510638297872
0 0.31991215226939973 1.1148936170212767 0.021961932650073207 0.07659574468085106
0 0.27159590043923865 1.1042553191489362 0.021961932650073207 0.07234042553191489
0 0.21522693997071743 1.1063829787234043 0.02635431918008785 0.07659574468085106
0 0.16325036603221083 1.0914893617021277 0.027818448023426062 0.07234042553191489
0 0.12005856515373353 1.0914893617021277 0.032210834553440704 0.06382978723404255
0 0.10761346998535871 0.951063829787234 0.01903367496339678 0.04680851063829787
0 0.10468521229868229 1.023404255319149 0.016105417276720352 0.03829787234042553
0 0.14128843338213762 1.0851063829787233 0.016105417276720352 0.06808510638297872
0 0.4355783308931186 1.0404255319148936 0.013177159590043924 0.03829787234042553
0 0.41142020497803805 1.053191489361702 0.014641288433382138 0.04680851063829787
0 0.363103953147877 1.0617021276595744 0.017569546120058566 0.04680851063829787
0 0.31259150805270863 1.048936170212766 0.01903367496339678 0.04680851063829787
0 0.2986822840409956 1.0382978723404255 0.017569546120058566 0.05106382978723404
0 0.2540263543191801 1.0404255319148936 0.016105417276720352 0.04680851063829787
0 0.23133235724743778 1.023404255319149 0.014641288433382138 0.04680851063829787
0 0.20937042459736457 1.048936170212766 0.014641288433382138 0.03829787234042553
0 0.17789165446559296 0.9191489361702128 0.013177159590043924 0.03404255319148936
0 0.20131771595900438 0.948936170212766 0.007320644216691069 0.02553191489361702
0 0.212298682284041 0.9425531914893617 0.008784773060029283 0.029787234042553193
0 0.4868228404099561 0.9851063829787234 0.007320644216691069 0.02127659574468085
0 0.4612005856515373 0.997872340425532 0.008784773060029283 0.029787234042553193
0 0.9604685212298683 1.4808510638297872 0.07320644216691069 0.22127659574468084
0 0.7891654465592972 1.4702127659574469 0.07906295754026355 0.23404255319148937
0 0.780380673499268 1.278723404255319 0.0527086383601757 0.1829787234042553
0 0.8484626647144948 1.225531914893617 0.05124450951683748 0.13617021276595745
0 0.9385065885797951 1.2914893617021277 0.0527086383601757 0.1148936170212766
0 0.9773060029282576 1.195744680851064 0.03074670571010249 0.09361702127659574
0 0.9736456808199122 1.1297872340425532 0.020497803806734993 0.06382978723404255
0 0.9802342606149341 0.9765957446808511 0.010248901903367497 0.04680851063829787
0 0.9333821376281113 1.1936170212765957 0.03953147877013177 0.08936170212765958
0 0.9428989751098097 1.1531914893617021 0.029282576866764276 0.0851063829787234
0 0.8843338213762811 1.1212765957446809 0.032210834553440704 0.08085106382978724
0 0.821376281112738 1.1148936170212767 0.032210834553440704 0.0851063829787234
0 0.7642752562225475 1.1787234042553192 0.029282576866764276 0.09361702127659574
0 0.698389458272328 1.1531914893617021 0.032210834553440704 0.09361702127659574
0 0.6054172767203514 1.1531914893617021 0.024890190336749635 0.07659574468085106
0 0.5995607613469985 1.1212765957446809 0.024890190336749635 0.07234042553191489
0 0.6530014641288433 1.1212765957446809 0.02635431918008785 0.07234042553191489
0 0.6976573938506588 1.151063829787234 0.03074670571010249 0.08936170212765958
0 0.7510980966325037 1.1085106382978724 0.02342606149341142 0.07234042553191489
0 0.9421669106881405 0.9680851063829787 0.01903367496339678 0.04680851063829787
0 0.9077598828696926 0.9829787234042553 0.014641288433382138 0.0425531914893617
0 0.8821376281112738 0.951063829787234 0.016105417276720352 0.03829787234042553
0 0.8674963396778916 0.9638297872340426 0.016105417276720352 0.03829787234042553
0 0.8235724743777453 1.023404255319149 0.016105417276720352 0.03829787234042553
0 0.8140556368960469 0.9468085106382979 0.01171303074670571 0.03829787234042553
0 0.568081991215227 1.0553191489361702 0.014641288433382138 0.0425531914893617
0 0.5446559297218155 1.0063829787234042 0.008784773060029283 0.029787234042553193
0 0.5322108345534406 1.0170212765957447 0.007320644216691069 0.02553191489361702
0 0.6976573938506588 1.0723404255319149 0.01903367496339678 0.059574468085106386
0 0.6559297218155198 1.0702127659574467 0.01171303074670571 0.03829787234042553
0 0.7496339677891655 1.053191489361702 0.017569546120058566 0.04680851063829787
0 0.7825768667642753 1.0425531914893618 0.016105417276720352 0.05106382978723404
0 0.07613469985358712 0.9468085106382979 0.017569546120058566 0.04680851063829787
0 0.11200585651537336 1.0382978723404255 0.021961932650073207 0.05106382978723404
0 0.02855051244509517 1.0297872340425531 0.024890190336749635 0.05106382978723404
0 0.014641288433382138 0.9468085106382979 0.020497803806734993 0.05531914893617021
0 0.568814055636896 1.0085106382978724 0.010248901903367497 0.02553191489361702
0 0.9751098096632503 1.1297872340425532 0.02342606149341142 0.07234042553191489
0 0.8455344070278185 1.2170212765957447 0.0424597364568082 0.1276595744680851
0 0.664714494875549 1.2191489361702128 0.03806734992679356 0.10638297872340426
0 0.31991215226939973 1.1085106382978724 0.021961932650073207 0.06382978723404255
0 0.0841874084919473 1.1212765957446809 0.03074670571010249 0.08936170212765958
0 0.2972181551976574 1.0382978723404255 0.014641288433382138 0.0425531914893617
