0 0.012890094979647219 0.905511811023622 0.06105834464043419 0.4566929133858268
0 0.09226594301221167 0.9409448818897638 0.07327001356852103 0.5748031496062992
0 0.15807327001356852 0.7204724409448819 0.08005427408412483 0.5748031496062992
0 0.33717774762550884 0.6653543307086615 0.07462686567164178 0.5748031496062992
0 0.26119402985074625 0.9015748031496063 0.06919945725915876 0.5590551181102362
0 0.4287652645861601 0.7795275590551181 0.06512890094979647 0.5196850393700787
0 0.5454545454545454 0.8818897637795275 0.07055630936227951 0.5039370078740157
0 0.6289009497964722 0.9133858267716536 0.07191316146540028 0.5196850393700787
0 0.7150610583446404 0.7322834645669292 0.07598371777476255 0.5669291338582677
0 0.8005427408412483 0.7795275590551181 0.06512890094979647 0.5826771653543307
0 0.9382632293080054 0.5275590551181102 0.08819538670284939 0.5984251968503937
0 0.22184531886024422 0.6889763779527559 0.031207598371777476 0.2283464566929134
