0 0.9972222222222222 1.2356020942408377 0.04259259259259259 0.14659685863874344
0 0.9185185185185185 1.2591623036649215 0.040740740740740744 0.1518324607329843
0 0.8870370370370371 1.2460732984293195 0.040740740740740744 0.13612565445026178
0 0.8166666666666667 1.193717277486911 0.037037037037037035 0.11518324607329843
0 0.8407407407407408 1.2486910994764397 0.037037037037037035 0.12041884816753927
0 0.7342592592592593 1.2015706806282722 0.03518518518518519 0.1099476439790576
0 0.7166666666666667 1.324607329842932 0.02962962962962963 0.10471204188481675
0 0.7138888888888889 1.243455497382199 0.024074074074074074 0.07853403141361257
0 0.6861111111111111 1.3089005235602094 0.03148148148148148 0.11518324607329843
0 0.6768518518518518 1.2460732984293195 0.03518518518518519 0.11518324607329843
0 0.6037037037037037 1.206806282722513 0.040740740740740744 0.12041884816753927
0 0.5805555555555556 1.2486910994764397 0.027777777777777776 0.09947643979057591
0 0.587037037037037 1.306282722513089 0.03333333333333333 0.08900523560209424
0 0.5148148148148148 1.1701570680628273 0.040740740740740744 0.1099476439790576
0 0.4666666666666667 1.2277486910994764 0.03333333333333333 0.12041884816753927
0 0.4564814814814815 1.2460732984293195 0.03518518518518519 0.1256544502617801
0 0.41759259259259257 1.280104712041885 0.03518518518518519 0.1099476439790576
0 0.36666666666666664 1.2041884816753927 0.040740740740740744 0.14659685863874344
0 0.2537037037037037 1.3324607329842932 0.037037037037037035 0.1099476439790576
0 0.26851851851851855 1.3141361256544504 0.02962962962962963 0.10471204188481675
0 0.21203703703703702 1.2539267015706805 0.04259259259259259 0.13089005235602094
0 0.13796296296296295 1.2774869109947644 0.03518518518518519 0.1256544502617801
0 0.16296296296296298 1.2486910994764397 0.037037037037037035 0.12041884816753927
0 0.16296296296296298 1.2513089005235603 0.037037037037037035 0.13612565445026178
0 0.07962962962962963 1.287958115183246 0.037037037037037035 0.11518324607329843
0 0.1111111111111111 1.243455497382199 0.040740740740740744 0.12041884816753927
0 0.4009259259259259 1.2172774869109948 0.03148148148148148 0.1099476439790576
