0 0.2515090543259557 1.4525862068965518 0.056338028169014086 0.31896551724137934
0 0.4024144869215292 1.5258620689655173 0.052313883299798795 0.25862068965517243
0 0.53420523138833 1.6422413793103448 0.05030181086519115 0.23275862068965517
0 0.6297786720321932 1.6422413793103448 0.060362173038229376 0.28448275862068967
0 0.8108651911468813 1.7672413793103448 0.0482897384305835 0.22413793103448276
0 0.9798792756539235 1.5646551724137931 0.052313883299798795 0.28448275862068967
0 0.8390342052313883 1.8275862068965518 0.03219315895372234 0.1896551724137931
0 0.7082494969818913 1.6422413793103448 0.052313883299798795 0.2672413793103448
0 0.46579476861167 1.7974137931034482 0.04225352112676056 0.25
0 0.3420523138832998 1.8362068965517242 0.03219315895372234 0.1724137931034483
0 0.011066398390342052 2.271551724137931 0.01006036217303823 0.04310344827586207
