0 0.8734375 2.2115384615384617 0.009375 0.038461538461538464
0 0.94453125 2.626923076923077 0.0140625 0.06923076923076923
0 0.44921875 2.6423076923076922 0.0328125 0.23846153846153847
0 0.30078125 2.4653846153846155 0.0171875 0.08461538461538462
0 0.32421875 2.473076923076923 0.0140625 0.06923076923076923
0 0.259375 2.353846153846154 0.0125 0.06153846153846154
0 0.15703125 2.3846153846153846 0.0109375 0.046153846153846156
0 0.0296875 2.4038461538461537 0.009375 0.05384615384615385
0 0.35078125 2.2807692307692307 0.0078125 0.038461538461538464
0 0.38125 2.3 0.00625 0.03076923076923077
0 0.36640625 2.3884615384615384 0.0203125 0.33076923076923076
0 0.38359375 2.273076923076923 0.0078125 0.038461538461538464
0 0.41015625 2.3076923076923075 0.0109375 0.06153846153846154
0 0.4484375 2.4115384615384614 0.009375 0.05384615384615385
0 0.46171875 2.3192307692307694 0.0109375 0.05384615384615385
0 0.47890625 2.326923076923077 0.0078125 0.038461538461538464
0 0.49609375 2.3153846153846156 0.0109375 0.046153846153846156
0 0.51796875 2.3192307692307694 0.0109375 0.05384615384615385
0 0.54296875 2.3192307692307694 0.0109375 0.05384615384615385
0 0.5703125 2.253846153846154 0.009375 0.046153846153846156
0 0.57890625 2.2384615384615385 0.0078125 0.046153846153846156
0 0.69765625 2.146153846153846 0.0046875 0.03076923076923077
0 0.67578125 2.207692307692308 0.0171875 0.2
0 0.6453125 2.1769230769230767 0.0125 0.2
0 0.634375 2.1769230769230767 0.0125 0.2
0 0.61328125 2.173076923076923 0.0046875 0.023076923076923078
0 0.62265625 2.1192307692307693 0.0046875 0.023076923076923078
0 0.60546875 2.05 0.0046875 0.023076923076923078
0 0.5859375 2.076923076923077 0.0125 0.13846153846153847
0 0.49296875 2.2115384615384617 0.0078125 0.038461538461538464
0 0.4875 2.1615384615384614 0.009375 0.046153846153846156
0 0.5296875 2.2346153846153847 0.015625 0.2076923076923077
0 0.53984375 2.2192307692307693 0.0171875 0.2076923076923077
0 0.44765625 2.1884615384615387 0.0078125 0.038461538461538464
0 0.47265625 2.223076923076923 0.0078125 0.046153846153846156
0 0.46328125 2.1807692307692306 0.0078125 0.038461538461538464
0 0.43515625 2.2615384615384615 0.0078125 0.03076923076923077
0 0.41796875 2.276923076923077 0.0140625 0.2
0 0.428125 2.2384615384615385 0.015625 0.18461538461538463
0 0.409375 2.2807692307692307 0.015625 0.2076923076923077
0 0.39140625 2.2576923076923077 0.0140625 0.17692307692307693
0 0.34921875 2.2653846153846153 0.0171875 0.2076923076923077
0 0.2625 2.230769230769231 0.015625 0.16923076923076924
0 0.6984375 2.0923076923076924 0.00625 0.03076923076923077
0 0.6859375 2.1846153846153844 0.01875 0.2153846153846154
0 0.4015625 2.230769230769231 0.00625 0.03076923076923077
