0 1.0882936507936507 0.7473684210526316 0.08531746031746032 0.5473684210526316
0 0.9494047619047619 0.6894736842105263 0.07341269841269842 0.47368421052631576
0 0.9017857142857143 0.3105263157894737 0.06944444444444445 0.49473684210526314
0 0.7867063492063492 0.48947368421052634 0.07341269841269842 0.49473684210526314
0 0.7113095238095238 0.4789473684210526 0.061507936507936505 0.43157894736842106
0 0.626984126984127 0.5894736842105263 0.06746031746031746 0.5052631578947369
0 0.5396825396825397 0.4473684210526316 0.06746031746031746 0.43157894736842106
0 0.4742063492063492 0.4789473684210526 0.07142857142857142 0.47368421052631576
0 0.37896825396825395 0.7526315789473684 0.06746031746031746 0.43157894736842106
0 0.2837301587301587 0.5421052631578948 0.06746031746031746 0.4105263157894737
0 0.251984126984127 0.8052631578947368 0.07936507936507936 0.5157894736842106
0 0.17063492063492064 0.6631578947368421 0.07936507936507936 0.5263157894736842
