0 0.6541019955654102 1.8078703703703705 0.026607538802660754 0.06018518518518518
0 0.6585365853658537 1.7268518518518519 0.017738359201773836 0.037037037037037035
0 0.5066518847006651 1.7268518518518519 0.015521064301552107 0.027777777777777776
0 0.5266075388026608 1.7037037037037037 0.011086474501108648 0.027777777777777776
0 0.7039911308203991 1.875 0.04212860310421286 0.1111111111111111
0 0.5310421286031042 1.8078703703703705 0.050997782705099776 0.11574074074074074
0 0.40687361419068735 1.775462962962963 0.028824833702882482 0.06944444444444445
0 0.37915742793791574 1.8125 0.03547671840354767 0.0787037037037037
0 0.32261640798226165 1.7893518518518519 0.028824833702882482 0.06944444444444445
0 0.29379157427937913 1.8055555555555556 0.03325942350332594 0.07407407407407407
0 0.07427937915742794 1.9305555555555556 0.050997782705099776 0.1111111111111111
0 0.1674057649667406 1.8333333333333333 0.037694013303769404 0.08333333333333333
0 0.19290465631929046 1.8101851851851851 0.026607538802660754 0.05555555555555555
