0 0.04343220338983051 1.3407676348547717 0.05649717514124294 0.19190871369294607
0 0.19473870056497175 1.433609958506224 0.03425141242937853 0.10580912863070539
0 0.17355225988700565 1.4139004149377594 0.03213276836158192 0.11618257261410789
0 0.2588276836158192 1.4839211618257262 0.04590395480225989 0.1441908713692946
0 0.358933615819209 1.3827800829875518 0.0490819209039548 0.16804979253112035
0 0.4226694915254237 1.5145228215767634 0.038135593220338986 0.15145228215767634
0 0.495409604519774 1.3713692946058091 0.03884180790960452 0.1078838174273859
0 0.5293079096045198 1.4776970954356847 0.033192090395480225 0.10477178423236515
0 0.5956920903954802 1.4891078838174274 0.02754237288135593 0.09854771784232365
0 0.6461864406779662 1.8412863070539418 0.05084745762711865 0.14107883817427386
0 0.6940324858757062 1.4818464730290457 0.031426553672316386 0.12136929460580913
0 0.6671963276836158 1.4808091286307055 0.02577683615819209 0.11307053941908714
0 0.7372881355932204 1.5357883817427387 0.018361581920903956 0.06742738589211618
0 0.807026836158192 1.5378630705394192 0.02577683615819209 0.10477178423236515
0 0.6260593220338984 1.5057053941908713 0.023305084745762712 0.08195020746887967
