0 0.10151085930122758 0.7586206896551724 0.04815864022662889 0.21316614420062696
0 0.10339943342776203 0.5611285266457681 0.04815864022662889 0.18181818181818182
0 0.18413597733711048 0.2225705329153605 0.0453257790368272 0.18808777429467086
0 0.18791312559017942 0.6018808777429467 0.04343720491029273 0.20689655172413793
0 0.23512747875354106 0.54858934169279 0.05476864966949953 0.20689655172413793
0 0.2705382436260623 0.3793103448275862 0.036827195467422094 0.16927899686520376
0 0.2705382436260623 0.47962382445141066 0.036827195467422094 0.15673981191222572
0 0.3087818696883853 0.3542319749216301 0.039660056657223795 0.16300940438871472
0 0.311614730878187 0.5266457680250783 0.05288007554296506 0.23824451410658307
0 0.3602455146364495 0.4106583072100313 0.05571293673276676 0.20689655172413793
0 0.37157695939565627 0.6551724137931034 0.05004721435316336 0.23197492163009403
0 0.40273843248347496 0.3605015673981191 0.03871576959395656 0.16927899686520376
0 0.41029272898961283 0.4608150470219436 0.05760151085930123 0.20689655172413793
0 0.46458923512747874 0.4153605015673981 0.04343720491029273 0.1974921630094044
0 0.4919735599622285 0.3573667711598746 0.04343720491029273 0.18181818181818182
0 0.5325779036827195 0.3996865203761755 0.03588290840415486 0.1536050156739812
0 0.5198300283286119 0.3166144200626959 0.03493862134088763 0.13793103448275862
0 0.4513692162417375 0.6943573667711599 0.05854579792256846 0.2225705329153605
0 0.5203021718602455 0.5141065830721003 0.047214353163361665 0.219435736677116
0 0.5646836638338055 0.5532915360501567 0.047214353163361665 0.22884012539184953
0 0.5864022662889519 0.3934169278996865 0.0453257790368272 0.15987460815047022
0 0.6284230406043437 0.3667711598746082 0.05193578847969783 0.19435736677115986
0 0.7025495750708215 0.48589341692789967 0.056657223796033995 0.2006269592476489
0 0.7209631728045326 0.7836990595611285 0.05193578847969783 0.219435736677116
0 0.7837582625118036 0.4498432601880878 0.049102927289896126 0.20376175548589343
0 0.8172804532577904 0.47492163009404387 0.03493862134088763 0.16614420062695925
0 0.8772426817752597 0.4952978056426332 0.049102927289896126 0.20689655172413793
0 0.9702549575070821 0.43573667711598746 0.03871576959395656 0.16300940438871472
0 1.0533522190745988 0.4670846394984326 0.042492917847025496 0.16927899686520376
0 0.9995278564683664 1.0141065830721003 0.04060434372049103 0.15987460815047022
0 1.0552407932011332 1.042319749216301 0.044381491973559964 0.1724137931034483
