0 1.1029668411867364 1.0891089108910892 0.041884816753926704 0.31683168316831684
0 1.0488656195462478 1.2673267326732673 0.04537521815008726 0.31683168316831684
0 0.9013961605584643 1.1782178217821782 0.05410122164048865 0.37623762376237624
0 0.8359511343804538 1.7128712871287128 0.02443280977312391 0.15841584158415842
0 0.8621291448516579 1.7178217821782178 0.02443280977312391 0.1485148514851485
0 0.731239092495637 1.2871287128712872 0.041884816753926704 0.297029702970297
0 0.6239092495636999 1.2623762376237624 0.04712041884816754 0.32673267326732675
0 0.5514834205933682 1.2772277227722773 0.041884816753926704 0.297029702970297
0 0.4607329842931937 1.4455445544554455 0.038394415357766144 0.297029702970297
0 0.3010471204188482 1.3267326732673268 0.04363001745200698 0.31683168316831684
0 0.2766143106457243 1.391089108910891 0.04363001745200698 0.3465346534653465
0 0.20418848167539266 1.5247524752475248 0.04886561954624782 0.37623762376237624
0 0.16579406631762653 1.693069306930693 0.08376963350785341 0.4752475247524752
