0 0.6522388059701493 0.5106589147286822 0.014925373134328358 0.029069767441860465
0 0.6238805970149254 0.45058139534883723 0.01990049751243781 0.060077519379844964
0 0.8159203980099502 0.4883720930232558 0.03781094527363184 0.08527131782945736
0 0.7417910447761195 0.5116279069767442 0.04079601990049751 0.08914728682170543
0 0.6830845771144278 0.6647286821705426 0.06865671641791045 0.1744186046511628
0 0.9343283582089552 0.42151162790697677 0.07960199004975124 0.14534883720930233
0 0.8587064676616916 0.7034883720930233 0.08557213930348259 0.18992248062015504
0 0.7940298507462686 0.7596899224806202 0.15323383084577114 0.27906976744186046
0 0.5895522388059702 0.3963178294573643 0.04477611940298507 0.12209302325581395
0 0.5084577114427861 0.4563953488372093 0.03980099502487562 0.0872093023255814
0 0.4263681592039801 0.4680232558139535 0.03681592039800995 0.08333333333333333
0 0.3736318407960199 0.42926356589147285 0.050746268656716415 0.1298449612403101
0 0.2955223880597015 0.6143410852713178 0.07562189054726368 0.13178294573643412
0 0.06467661691542288 0.4253875968992248 0.10149253731343283 0.187984496124031
0 0.03631840796019901 0.5213178294573644 0.10646766169154229 0.2868217054263566
