0 0.946360153256705 0.7459703417150225 0.08723843206601828 0.31334622823984526
0 0.921455938697318 0.9368149580915538 0.07397583259652225 0.15731785944551901
0 0.8863837312113174 0.9016763378465507 0.04509283819628647 0.11927788523533205
0 0.8558797524314765 1.0154738878143132 0.04951370468611848 0.11218568665377177
0 0.7481579722959033 0.9638942617666022 0.07456528146183318 0.2011605415860735
0 0.6650456822870616 1.038039974210187 0.04804008252284114 0.12508059316569956
0 0.6193633952254642 1.0119277885235332 0.040377247273798995 0.11927788523533205
0 0.5825228411435308 1.021598968407479 0.05275567344532862 0.1644100580270793
0 0.48099027409372236 0.9845261121856866 0.0412614205717654 0.09413281753707285
0 0.4120247568523431 1.0573823339780786 0.09961685823754789 0.26692456479690524
0 0.3396699086354259 1.00354609929078 0.08104921898025347 0.18633139909735655
0 0.27541998231653403 0.9477756286266924 0.04096669613910993 0.09284332688588008
0 0.17506631299734748 0.9970986460348162 0.06601827291482464 0.14248871695680207
0 0.024609490126731505 0.940361057382334 0.06926024167403477 0.17343649258542876
