0 0.11716417910447761 0.9745454545454545 0.04626865671641791 0.15272727272727274
0 0.20746268656716418 1.0163636363636364 0.050746268656716415 0.15636363636363637
0 0.17313432835820897 0.8836363636363637 0.04477611940298507 0.13090909090909092
0 0.09253731343283582 0.8254545454545454 0.041791044776119404 0.13090909090909092
0 0.22014925373134328 0.7818181818181819 0.04328358208955224 0.13090909090909092
0 0.291044776119403 0.8127272727272727 0.04477611940298507 0.13454545454545455
0 0.3208955223880597 0.9 0.041791044776119404 0.13454545454545455
0 0.39925373134328357 0.8290909090909091 0.04328358208955224 0.14545454545454545
0 0.3126865671641791 1.289090909090909 0.06119402985074627 0.12727272727272726
0 0.4626865671641791 0.8690909090909091 0.04477611940298507 0.14545454545454545
0 0.49477611940298505 1.0981818181818181 0.04626865671641791 0.15272727272727274
0 0.5582089552238806 0.8545454545454545 0.041791044776119404 0.13090909090909092
0 0.6305970149253731 0.9818181818181818 0.04029850746268657 0.14545454545454545
0 0.6559701492537313 0.8745454545454545 0.04328358208955224 0.13454545454545455
0 0.753731343283582 1.2836363636363637 0.0626865671641791 0.16
0 0.7313432835820896 1.1254545454545455 0.05373134328358209 0.14909090909090908
0 0.7305970149253731 0.8418181818181818 0.04626865671641791 0.13454545454545455
0 0.7634328358208955 1.0145454545454546 0.04626865671641791 0.13090909090909092
0 0.8007462686567164 1.1272727272727272 0.05223880597014925 0.17454545454545456
0 0.8425373134328358 1.0163636363636364 0.05522388059701493 0.1781818181818182
0 0.8119402985074626 0.8836363636363637 0.04776119402985075 0.15272727272727274
0 0.9097014925373135 0.8818181818181818 0.04328358208955224 0.13454545454545455
0 0.9462686567164179 0.9509090909090909 0.04477611940298507 0.14909090909090908
0 1.008955223880597 0.9054545454545454 0.04477611940298507 0.13818181818181818
0 1.0485074626865671 0.98 0.04626865671641791 0.12
0 0.4761194029850746 0.4290909090909091 0.041791044776119404 0.13090909090909092
