0 0.08834876543209877 0.40275952693823913 0.02546296296296296 0.04862023653088042
0 0.1392746913580247 0.46057818659658345 0.023919753086419752 0.045992115637319315
0 0.2839506172839506 0.47700394218134035 0.018518518518518517 0.03679369250985545
0 0.30401234567901236 0.26018396846254926 0.038580246913580245 0.08409986859395532
0 0.39776234567901236 0.21156373193166886 0.04552469135802469 0.09986859395532194
0 0.5054012345679012 0.2621550591327201 0.040123456790123455 0.08278580814717477
0 0.5254629629629629 0.21287779237844942 0.040123456790123455 0.10249671484888305
0 0.5841049382716049 0.2536136662286465 0.040123456790123455 0.07884362680683311
0 0.6597222222222222 0.19579500657030224 0.046296296296296294 0.09986859395532194
0 0.7881944444444444 0.4395532194480946 0.02546296296296296 0.040735873850197106
0 0.816358024691358 0.44021024967148487 0.023148148148148147 0.04467805519053877
0 0.9772376543209876 0.33771353482260186 0.034722222222222224 0.05519053876478318
