0 0.9050056882821388 0.050100200400801605 0.04436860068259386 0.09218436873747494
0 0.7992036405005688 0.07314629258517034 0.04436860068259386 0.09018036072144289
0 0.7360637087599545 0.06613226452905811 0.04778156996587031 0.09218436873747494
0 0.6672354948805461 0.13927855711422846 0.053469852104664393 0.09819639278557114
0 0.8236632536973834 0.19438877755511022 0.04323094425483504 0.09619238476953908
0 0.9237770193401593 0.17535070140280562 0.06143344709897611 0.13026052104208416
0 0.6422070534698521 0.23046092184368738 0.07849829351535836 0.18036072144288579
0 0.8196814562002275 0.45090180360721444 0.07622298065984073 0.1683366733466934
0 1.0318543799772468 0.5260521042084169 0.08873720136518772 0.17835671342685372
0 0.46359499431171786 0.28857715430861725 0.03526734926052332 0.10020040080160321
0 0.49032992036405004 0.4088176352705411 0.04550625711035267 0.11222444889779559
0 0.3583617747440273 0.2725450901803607 0.05233219567690557 0.10420841683366733
0 0.19226393629124006 0.14529058116232466 0.16382252559726962 0.25851703406813625
0 0.17178612059158135 0.8046092184368737 0.19112627986348124 0.37074148296593185
