0 0.04909240924092409 5.0131578947368425 0.014026402640264026 0.2631578947368421
0 0.09364686468646864 4.993421052631579 0.015676567656765675 0.25
0 0.11221122112211221 5.0131578947368425 0.013201320132013201 0.21052631578947367
0 0.15924092409240925 4.875 0.01485148514851485 0.25
0 0.1670792079207921 4.947368421052632 0.009075907590759076 0.21052631578947367
0 0.19636963696369636 4.934210526315789 0.009900990099009901 0.18421052631578946
0 0.2202970297029703 5.223684210526316 0.009900990099009901 0.18421052631578946
0 0.22978547854785478 4.927631578947368 0.009075907590759076 0.14473684210526316
0 0.25 5.059210526315789 0.00825082508250825 0.14473684210526316
0 0.2722772277227723 5.032894736842105 0.006600660066006601 0.11842105263157894
0 0.2916666666666667 5.5131578947368425 0.012376237623762377 0.21052631578947367
0 0.3056930693069307 4.921052631578948 0.012376237623762377 0.23684210526315788
0 0.32301980198019803 5.315789473684211 0.010726072607260726 0.21052631578947367
0 0.3234323432343234 5.019736842105263 0.00825082508250825 0.14473684210526316
0 0.3783003300330033 5.190789473684211 0.015676567656765675 0.27631578947368424
0 0.3688118811881188 5.098684210526316 0.01485148514851485 0.3026315789473684
0 0.33993399339933994 5.098684210526316 0.006600660066006601 0.09210526315789473
0 0.4051155115511551 5.052631578947368 0.00825082508250825 0.10526315789473684
0 0.42574257425742573 5.25 0.01155115511551155 0.47368421052631576
0 0.4228547854785479 5.046052631578948 0.004125412541254125 0.06578947368421052
0 0.4801980198019802 5.105263157894737 0.0049504950495049506 0.07894736842105263
0 0.4892739273927393 5.4144736842105265 0.00825082508250825 0.3026315789473684
0 0.5185643564356436 5.1381578947368425 0.004125412541254125 0.06578947368421052
0 0.5111386138613861 5.157894736842105 0.004125412541254125 0.05263157894736842
0 0.596947194719472 5.078947368421052 0.009075907590759076 0.15789473684210525
0 0.5585808580858086 5.1381578947368425 0.0049504950495049506 0.09210526315789473
0 0.6163366336633663 5.1381578947368425 0.0049504950495049506 0.09210526315789473
0 0.6608910891089109 5.4144736842105265 0.00825082508250825 0.17105263157894737
0 0.6988448844884488 5.473684210526316 0.00825082508250825 0.15789473684210525
0 0.6967821782178217 5.401315789473684 0.005775577557755775 0.09210526315789473
0 0.8073432343234324 5.217105263157895 0.005775577557755775 0.09210526315789473
0 0.8428217821782178 5.223684210526316 0.007425742574257425 0.13157894736842105
0 0.8642739273927392 5.276315789473684 0.007425742574257425 0.13157894736842105
0 0.9265676567656765 5.151315789473684 0.006600660066006601 0.09210526315789473
0 0.9570957095709571 5.256578947368421 0.006600660066006601 0.11842105263157894
0 1.0346534653465347 5.309210526315789 0.01485148514851485 0.2236842105263158
