0 0.05152838427947598 16.333333333333332 0.0069868995633187774 0.06666666666666667
0 0.15633187772925763 16.391666666666666 0.008733624454148471 0.1
0 0.1794759825327511 16.583333333333332 0.020087336244541485 0.45
0 0.2096069868995633 16.370833333333334 0.0069868995633187774 0.075
0 0.22707423580786026 16.4375 0.0069868995633187774 0.075
0 0.24192139737991267 16.416666666666668 0.010480349344978166 0.1
0 0.26026200873362443 16.354166666666668 0.010480349344978166 0.09166666666666666
0 0.8406113537117904 16.179166666666667 0.00960698689956332 0.10833333333333334
0 0.9410480349344978 16.275 0.011353711790393014 0.11666666666666667
0 0.9436681222707424 16.191666666666666 0.00960698689956332 0.08333333333333333
0 0.9934497816593887 16.2125 0.011353711790393014 0.09166666666666666
0 1.0087336244541485 16.120833333333334 0.008733624454148471 0.075
0 1.0362445414847161 16.254166666666666 0.023580786026200874 0.25833333333333336
