0 0.13533834586466165 0.36314363143631434 0.0481203007518797 0.10840108401084012
0 0.343609022556391 0.4349593495934959 0.061654135338345864 0.13279132791327913
0 0.4699248120300752 0.4254742547425474 0.04360902255639098 0.10298102981029811
0 0.3676691729323308 0.3617886178861789 0.04360902255639098 0.1002710027100271
0 0.21879699248120302 0.4146341463414634 0.03458646616541353 0.06504065040650407
0 0.6368421052631579 0.3970189701897019 0.03759398496240601 0.08401084010840108
0 0.706015037593985 0.4268292682926829 0.03759398496240601 0.07859078590785908
0 0.5052631578947369 0.4363143631436314 0.03609022556390978 0.07046070460704607
0 0.5939849624060151 0.3983739837398374 0.02406015037593985 0.05420054200542006
0 0.7706766917293233 0.42276422764227645 0.02857142857142857 0.07046070460704607
0 0.8270676691729323 0.4281842818428184 0.0481203007518797 0.10840108401084012
0 0.9308270676691729 0.4173441734417344 0.0481203007518797 0.12466124661246612
0 0.07819548872180451 0.3685636856368564 0.02406015037593985 0.04878048780487805
0 0.21804511278195488 0.38482384823848237 0.03007518796992481 0.05962059620596206
0 -0.021052631578947368 0.4105691056910569 0.03308270676691729 0.06775067750677506
0 0.3075187969924812 0.4010840108401084 0.02556390977443609 0.04336043360433604
0 0.3962406015037594 0.4037940379403794 0.03759398496240601 0.07588075880758807
0 0.1736842105263158 0.3875338753387534 0.02857142857142857 0.06504065040650407
0 0.293984962406015 0.3915989159891599 0.019548872180451128 0.04065040650406504
0 0.5721804511278196 0.4105691056910569 0.016541353383458645 0.04065040650406504
0 0.6729323308270677 0.3821138211382114 0.02556390977443609 0.05420054200542006
0 0.9225563909774436 0.38346883468834686 0.04360902255639098 0.10569105691056911
