0 0.013068731848983543 0.6792890262751159 0.03969022265246854 0.07882534775888717
0 0.03388189738625363 0.6136012364760433 0.030977734753146177 0.05564142194744977
0 0.05856727976766699 0.5865533230293664 0.030009680542110357 0.04791344667697063
0 0.10987415295256535 0.6035548686244204 0.022265246853823813 0.04173106646058733
0 0.1442400774443369 0.5935085007727975 0.02516940948693127 0.04327666151468315
0 0.1505324298160697 0.5811437403400309 0.018393030009680542 0.03400309119010819
0 0.21781219748305905 0.5880989180834622 0.01936108422071636 0.03863987635239567
0 0.21781219748305905 0.6329211746522411 0.021297192642787996 0.04173106646058733
0 0.2633107454017425 0.6329211746522411 0.02904162633107454 0.04791344667697063
0 0.2696030977734753 0.5834621329211747 0.018393030009680542 0.03245749613601236
0 0.33494675701839305 0.6530139103554868 0.036786060019361085 0.07573415765069552
0 0.40513068731848983 0.6769706336939721 0.016456921587608905 0.030911901081916538
0 0.30977734753146174 0.5842349304482226 0.011616650532429816 0.02472952086553323
0 0.3325266214908035 0.598145285935085 0.01452081316553727 0.030911901081916538
0 0.36253630203291387 0.5703245749613601 0.012584704743465635 0.021638330757341576
0 0.3877057115198451 0.5749613601236476 0.01452081316553727 0.027820710973724884
0 0.43368828654404645 0.5850077279752705 0.011616650532429816 0.02627511591962906
0 0.44240077444336884 0.5927357032457496 0.011616650532429816 0.023183925811437404
0 0.462729912875121 0.5873261205564142 0.011616650532429816 0.02472952086553323
0 0.4878993223620523 0.6081916537867079 0.017424975798644726 0.03245749613601236
0 0.5140367860600193 0.6051004636785162 0.01936108422071636 0.04173106646058733
0 0.5672797676669894 0.6097372488408037 0.017424975798644726 0.03245749613601236
0 0.5648596321393998 0.7272024729520865 0.02032913843175218 0.04482225656877898
0 0.6137463697967086 0.6282843894899537 0.015488867376573089 0.03245749613601236
0 0.6655372700871249 0.5989180834621329 0.02032913843175218 0.03554868624420402
0 0.6621490803484995 0.5564142194744977 0.011616650532429816 0.027820710973724884
0 0.653920619554695 0.678516228748068 0.028073572120038724 0.04327666151468315
0 0.6984511132623427 0.6468315301391035 0.030009680542110357 0.05409582689335394
0 0.7347531461761858 0.660741885625966 0.030977734753146177 0.04791344667697063
0 0.7967086156824782 0.6738794435857806 0.036786060019361085 0.05873261205564142
0 0.8320425943852856 0.6746522411128284 0.03388189738625363 0.05409582689335394
0 0.7642787996127783 0.615146831530139 0.026137463697967087 0.04636785162287481
0 0.8644724104549855 0.6275115919629057 0.02904162633107454 0.04636785162287481
0 0.8272023233301065 0.5780525502318392 0.02032913843175218 0.03709428129829984
0 0.8455953533397871 0.6051004636785162 0.028073572120038724 0.04173106646058733
0 0.8533397870280736 0.5548686244204019 0.010648596321393998 0.01854714064914992
0 0.8789932236205228 0.5610510046367851 0.01936108422071636 0.030911901081916538
0 0.8818973862536302 0.5996908809891809 0.02516940948693127 0.03709428129829984
0 0.7909002904162633 0.5054095826893354 0.005808325266214908 0.00927357032457496
0 0.8543078412391094 0.5154559505409583 0.006776379477250726 0.013910355486862442
0 0.9511132623426912 0.5494590417310664 0.010648596321393998 0.02009273570324575
0 0.21636011616650533 0.5378670788253478 0.006776379477250726 0.012364760432766615
0 0.1824782187802517 0.544822256568779 0.008712487899322363 0.017001545595054096
0 0.13262342691190707 0.5579598145285936 0.015488867376573089 0.02472952086553323
0 0.037270087124878996 0.5540958268933539 0.01452081316553727 0.02009273570324575
0 0.12584704743465633 0.8292117465224111 0.08906098741529525 0.13446676970633695
0 0.23378509196515004 0.9242658423493045 0.09970958373668926 0.1947449768160742
0 0.31026137463697967 0.7658423493044823 0.0590513068731849 0.10046367851622875
0 0.430784123910939 0.8361669242658424 0.07357212003872217 0.1391035548686244
0 0.07696030977734754 0.6051004636785162 0.02032913843175218 0.03245749613601236
0 0.1021297192642788 0.5625965996908809 0.016456921587608905 0.027820710973724884
0 0.09341723136495644 0.5533230293663061 0.01452081316553727 0.02472952086553323
0 0.25072604065827686 0.5486862442040186 0.01936108422071636 0.04636785162287481
0 0.25169409486931266 0.5525502318392581 0.005808325266214908 0.013910355486862442
0 0.29283639883833495 0.6236476043276662 0.026137463697967087 0.05100463678516229
0 0.32090997095837365 0.5656877897990726 0.008712487899322363 0.021638330757341576
0 0.34172313649564373 0.5819165378670789 0.011616650532429816 0.023183925811437404
0 0.2952565343659245 0.5687789799072643 0.011616650532429816 0.01854714064914992
0 0.31026137463697967 0.5826893353941267 0.012584704743465635 0.02472952086553323
0 0.3712487899322362 0.5741885625965997 0.010648596321393998 0.02009273570324575
0 0.4070667957405615 0.5826893353941267 0.012584704743465635 0.02472952086553323
0 0.42787996127783157 0.5880989180834622 0.011616650532429816 0.023183925811437404
0 0.47967086156824784 0.5548686244204019 0.012584704743465635 0.021638330757341576
0 0.5004840271055179 0.5502318392581144 0.011616650532429816 0.01854714064914992
0 0.5193610842207164 0.5602782071097373 0.01452081316553727 0.02627511591962906
0 0.5663117134559535 0.5548686244204019 0.011616650532429816 0.02472952086553323
0 0.5358180058083253 0.5695517774343122 0.010648596321393998 0.02009273570324575
0 0.5580832526621491 0.5718701700154559 0.01452081316553727 0.027820710973724884
0 0.6016456921587608 0.598145285935085 0.02032913843175218 0.03709428129829984
0 0.5914811229428848 0.5811437403400309 0.013552758954501452 0.027820710973724884
0 0.6897386253630203 0.6136012364760433 0.018393030009680542 0.03400309119010819
0 0.9632139399806389 0.5780525502318392 0.021297192642787996 0.03400309119010819
0 0.9303000968054211 0.6221020092735703 0.02516940948693127 0.04482225656877898
0 0.7454017424975798 0.43585780525502316 0.005808325266214908 0.00927357032457496
0 0.7236205227492739 0.455177743431221 0.01452081316553727 0.0571870170015456
0 0.7105517909002904 0.4281298299845441 0.005808325266214908 0.00927357032457496
0 0.6887705711519845 0.4312210200927357 0.00484027105517909 0.00927357032457496
0 0.6766698935140368 0.42967542503863987 0.005808325266214908 0.00927357032457496
0 0.5401742497579864 0.44513137557959814 0.017424975798644726 0.06491499227202473
0 0.5193610842207164 0.43972179289026275 0.018393030009680542 0.0695517774343122
0 0.5997095837366893 0.3222565687789799 0.00484027105517909 0.0077279752704791345
0 0.5914811229428848 0.34389489953632146 0.01936108422071636 0.0633693972179289
0 0.5387221684414327 0.33462132921174653 0.02032913843175218 0.06646058732612056
0 0.4849951597289448 0.3075734157650695 0.005808325266214908 0.00927357032457496
0 0.4206195546950629 0.30216383307573413 0.012584704743465635 0.04791344667697063
0 0.4317521781219748 0.2782071097372488 0.003872216844143272 0.0061823802163833074
0 0.44724104549854793 0.25656877897990726 0.015488867376573089 0.05873261205564142
0 0.4849951597289448 0.1947449768160742 0.005808325266214908 0.012364760432766615
0 0.4995159728944821 0.19242658423493045 0.005808325266214908 0.010819165378670788
0 0.5246853823814134 0.20401854714064915 0.005808325266214908 0.00927357032457496
0 0.47676669893514034 0.05873261205564142 0.00484027105517909 0.00927357032457496
