0 0.11375212224108659 6.286585365853658 0.04074702886247878 0.3048780487804878
0 0.200339558573854 6.7073170731707314 0.044142614601018676 0.3170731707317073
0 0.25891341256366723 6.390243902439025 0.03904923599320883 0.3170731707317073
0 0.32173174872665533 6.390243902439025 0.035653650254668934 0.2926829268292683
0 0.36587436332767403 6.560975609756097 0.03904923599320883 0.2682926829268293
0 0.40152801358234297 6.554878048780488 0.028862478777589132 0.23170731707317074
0 0.4397283531409168 6.585365853658536 0.03395585738539898 0.24390243902439024
0 0.5297113752122241 6.164634146341464 0.057724957555178265 0.5487804878048781
0 0.6604414261460102 6.512195121951219 0.044142614601018676 0.3902439024390244
0 0.6960950764006791 6.451219512195122 0.05432937181663837 0.4634146341463415
0 0.7775891341256367 6.512195121951219 0.03395585738539898 0.2926829268292683
0 0.8073005093378608 6.5426829268292686 0.042444821731748725 0.3780487804878049
0 0.9414261460101867 6.219512195121951 0.06281833616298811 0.5609756097560976
0 0.9439728353140917 6.591463414634147 0.050933786078098474 0.3780487804878049
0 1.0203735144312394 6.640243902439025 0.044142614601018676 0.4024390243902439
0 1.0594227504244482 6.609756097560975 0.06791171477079797 0.5609756097560976
0 0.5602716468590832 6.4939024390243905 0.03395585738539898 0.2804878048780488
