0 0.02650727650727651 3.0880281690140845 0.0446985446985447 0.2605633802816901
0 0.08056133056133057 3.130281690140845 0.032224532224532226 0.20422535211267606
0 0.24844074844074845 3.23943661971831 0.031185031185031187 0.19718309859154928
0 0.2801455301455301 3.1619718309859155 0.02598752598752599 0.2112676056338028
0 0.29885654885654883 3.119718309859155 0.015592515592515593 0.14084507042253522
0 0.3492723492723493 3.2077464788732395 0.016632016632016633 0.13380281690140844
0 0.4282744282744283 3.23943661971831 0.037422037422037424 0.30985915492957744
0 0.42203742203742206 3.2922535211267605 0.02702702702702703 0.176056338028169
0 0.525987525987526 3.211267605633803 0.014553014553014554 0.09859154929577464
0 0.5571725571725572 3.165492957746479 0.012474012474012475 0.1056338028169014
0 0.6372141372141372 3.5598591549295775 0.060291060291060294 0.47183098591549294
0 0.6980249480249481 3.306338028169014 0.017671517671517672 0.13380281690140844
0 0.8082120582120582 3.257042253521127 0.02182952182952183 0.14788732394366197
0 0.8944906444906445 3.183098591549296 0.04054054054054054 0.22535211267605634
0 0.9792099792099792 3.3380281690140845 0.04365904365904366 0.2676056338028169
0 0.8851351351351351 3.176056338028169 0.02390852390852391 0.2112676056338028
