0 1.2673860911270982 1.8010752688172043 0.16546762589928057 0.46236559139784944
0 0.947242206235012 1.7150537634408602 0.18225419664268586 0.5376344086021505
0 0.565947242206235 1.868279569892473 0.18465227817745802 0.5483870967741935
0 1.4112709832134294 1.618279569892473 0.12470023980815348 0.3602150537634409
0 1.1223021582733812 1.6559139784946237 0.14388489208633093 0.43548387096774194
0 0.7907673860911271 1.6008064516129032 0.13069544364508393 0.33602150537634407
0 0.7206235011990407 1.5080645161290323 0.10311750599520383 0.3172043010752688
0 1.0275779376498801 1.5443548387096775 0.09352517985611511 0.30913978494623656
0 1.3213429256594724 1.467741935483871 0.10071942446043165 0.27419354838709675
0 1.1936450839328536 1.4865591397849462 0.08752997601918465 0.25806451612903225
0 0.8938848920863309 1.3306451612903225 0.07793764988009592 0.21505376344086022
0 1.2727817745803358 1.3091397849462365 0.05635491606714628 0.16666666666666666
0 0.9406474820143885 1.314516129032258 0.04436450839328537 0.11827956989247312
0 0.9796163069544365 1.2836021505376345 0.047961630695443645 0.12634408602150538
0 0.9778177458033573 1.2809139784946237 0.046762589928057555 0.12634408602150538
0 1.0431654676258992 1.1908602150537635 0.03357314148681055 0.0967741935483871
0 1.2410071942446044 1.23252688172043 0.05515587529976019 0.1478494623655914
0 1.1816546762589928 1.288978494623656 0.05635491606714628 0.13709677419354838
0 1.1762589928057554 1.243279569892473 0.04316546762589928 0.11021505376344086
0 1.118705035971223 1.3454301075268817 0.03836930455635491 0.11559139784946236
0 1.0719424460431655 1.3884408602150538 0.05995203836930456 0.13172043010752688
