0 1.074443141852286 0.988479262672811 0.05275498241500586 0.2903225806451613
0 0.9443141852286049 1.0046082949308757 0.05744431418522861 0.2764976958525346
0 0.9994138335287222 1.0253456221198156 0.04572098475967175 0.22580645161290322
0 0.8786635404454866 1.6912442396313363 0.05509964830011723 0.2672811059907834
0 0.8622508792497069 1.1290322580645162 0.04572098475967175 0.22119815668202766
0 0.7831184056271981 1.6497695852534562 0.04689331770222743 0.25806451612903225
0 0.7907385697538101 1.0368663594470047 0.04806565064478312 0.2119815668202765
0 0.6459554513481829 1.3410138248847927 0.053927315357561546 0.2764976958525346
0 0.6828839390386869 0.9953917050691244 0.04572098475967175 0.22119815668202766
0 0.6277842907385698 1.163594470046083 0.031652989449003514 0.17972350230414746
0 0.5808909730363423 1.1336405529953917 0.04337631887456037 0.22119815668202766
0 0.4771395076201641 1.4930875576036866 0.053927315357561546 0.2488479262672811
0 0.5257913247362251 1.1774193548387097 0.03634232121922626 0.17972350230414746
0 0.4671746776084408 1.0483870967741935 0.04572098475967175 0.21658986175115208
0 0.4097303634232122 1.1589861751152073 0.038686987104337635 0.17050691244239632
0 0.3616647127784291 1.4285714285714286 0.059788980070339975 0.30414746543778803
0 0.35345838218053927 1.064516129032258 0.04337631887456037 0.22119815668202766
0 0.25263774912075027 1.0576036866359446 0.04806565064478312 0.22580645161290322
0 0.205158264947245 1.3225806451612903 0.05861664712778429 0.2488479262672811
0 0.1951934349355217 1.023041474654378 0.04806565064478312 0.23963133640552994
0 0.12954279015240328 0.9608294930875576 0.05744431418522861 0.271889400921659
