0 1.0682819383259912 3.161417322834646 0.05433186490455213 0.3543307086614173
0 0.9287812041116006 2.838582677165354 0.03671071953010279 0.2125984251968504
0 0.9162995594713657 3.090551181102362 0.06167400881057269 0.3543307086614173
0 0.7584434654919237 3.02755905511811 0.05433186490455213 0.30708661417322836
0 0.6130690161527166 3.3661417322834644 0.05726872246696035 0.3543307086614173
0 0.5506607929515418 2.909448818897638 0.04698972099853157 0.2755905511811024
0 0.5146842878120411 3.094488188976378 0.05726872246696035 0.31496062992125984
0 0.47577092511013214 3.322834645669291 0.07048458149779736 0.4251968503937008
0 0.3788546255506608 2.952755905511811 0.049926578560939794 0.2992125984251969
0 0.39794419970631423 2.921259842519685 0.03524229074889868 0.25196850393700787
0 0.36123348017621143 2.6496062992125986 0.03524229074889868 0.2125984251968504
0 0.2555066079295154 2.956692913385827 0.06461086637298091 0.3700787401574803
0 0.2812041116005874 2.905511811023622 0.048458149779735685 0.2677165354330709
0 0.12408223201174744 2.9645669291338583 0.05726872246696035 0.29133858267716534
