0 0.8956406869220608 0.9747023809523809 0.15323645970937913 0.3244047619047619
0 0.6756935270805813 0.8824404761904762 0.10435931307793923 0.25297619047619047
0 0.34610303830911493 0.9553571428571429 0.1215323645970938 0.375
0 0.023117569352708058 0.7797619047619048 0.10171730515191546 0.2857142857142857
0 0.17767503302509907 0.7247023809523809 0.1334214002642008 0.23511904761904762
0 0.18295904887714662 0.6264880952380952 0.07001321003963012 0.15773809523809523
0 0.2450462351387054 0.6116071428571429 0.05416116248348745 0.13988095238095238
0 0.31638044914134744 0.6190476190476191 0.07001321003963012 0.17261904761904762
0 0.4808454425363276 0.5119047619047619 0.06605019815059446 0.15476190476190477
0 0.5548216644649934 0.6101190476190477 0.047556142668428 0.1130952380952381
0 0.6162483487450462 0.6979166666666666 0.062087186261558784 0.19345238095238096
0 0.5792602377807133 0.625 0.06737120211360634 0.15476190476190477
0 0.7463672391017173 0.6785714285714286 0.08190224570673713 0.24404761904761904
