0 0.1382716049382716 1.1487138263665595 0.009876543209876543 0.017684887459807074
0 0.23991769547325104 1.139871382636656 0.012345679012345678 0.028938906752411574
0 0.36460905349794237 1.1358520900321543 0.006584362139917695 0.014469453376205787
0 0.339917695473251 1.1342443729903537 0.00823045267489712 0.017684887459807074
0 0.4024691358024691 1.1639871382636655 0.011522633744855968 0.028938906752411574
0 0.5432098765432098 1.1696141479099678 0.01316872427983539 0.027331189710610933
0 0.5975308641975309 1.159967845659164 0.02139917695473251 0.04983922829581994
0 0.7576131687242799 1.1237942122186495 0.015637860082304528 0.03536977491961415
0 0.7855967078189301 1.117363344051447 0.015637860082304528 0.03858520900321544
0 0.8460905349794239 1.182475884244373 0.014814814814814815 0.03376205787781351
0 0.8814814814814815 1.1591639871382637 0.00823045267489712 0.01929260450160772
0 0.9888888888888889 1.1221864951768488 0.022222222222222223 0.03858520900321544
0 0.9732510288065843 1.1229903536977492 0.0205761316872428 0.04662379421221865
0 1.0386831275720165 1.110128617363344 0.01810699588477366 0.04019292604501608
0 0.6218106995884773 1.159967845659164 0.005761316872427984 0.014469453376205787
0 0.6555555555555556 1.1237942122186495 0.005761316872427984 0.012861736334405145
0 0.6633744855967079 1.1430868167202572 0.006584362139917695 0.01607717041800643
0 0.7115226337448559 1.1784565916398715 0.010699588477366255 0.02572347266881029
0 0.7189300411522633 1.1784565916398715 0.015637860082304528 0.03215434083601286
