0 0.08658669574700109 0.6409221902017291 0.021374045801526718 0.05994236311239193
0 0.11221374045801527 0.6262247838616715 0.022464558342420938 0.06743515850144093
0 0.16303162486368594 0.6046109510086455 0.02900763358778626 0.07146974063400577
0 0.20916030534351146 0.6051873198847262 0.012213740458015267 0.035734870317002884
0 0.2533260632497274 0.638328530259366 0.007633587786259542 0.03054755043227666
0 0.2822246455834242 0.6138328530259366 0.015267175572519083 0.05187319884726225
0 0.38113413304252997 0.6121037463976945 0.013740458015267175 0.0414985590778098
0 0.4316248636859324 0.6590778097982709 0.014394765539803707 0.04668587896253602
0 0.890185387131952 0.6873198847262247 0.011123227917121047 0.032853025936599424
0 0.05114503816793893 0.9031700288184438 0.08484187568157034 0.2132564841498559
0 0.23391494002181026 1.1512968299711817 0.10577971646673937 0.27838616714697406
0 0.3624863685932388 0.7216138328530259 0.051472191930207196 0.1786743515850144
0 0.40032715376226824 1.1331412103746397 0.111886586695747 0.3734870317002882
0 0.45517993456924755 0.7867435158501441 0.04143947655398037 0.14870317002881844
0 0.5009814612868048 0.8971181556195965 0.07197382769901854 0.24610951008645532
0 0.5333696837513632 0.7242074927953891 0.037295528898582335 0.11239193083573487
0 0.5607415485278081 0.8244956772334294 0.04100327153762268 0.12161383285302593
0 0.6226826608505998 0.7242074927953891 0.040567066521264995 0.12276657060518732
0 0.6995637949836423 0.8242074927953891 0.04558342420937841 0.15561959654178675
0 0.7808069792802618 0.7717579250720461 0.03707742639040349 0.12334293948126801
0 0.8567066521264994 0.7195965417867435 0.034023991275899675 0.10893371757925072
0 0.9750272628135224 0.8190201729106629 0.0495092693565976 0.13948126801152738
0 0.4889858233369684 0.659942363112392 0.017011995637949837 0.04380403458213256
0 0.43925845147219195 0.6455331412103746 0.013522355507088331 0.054178674351585014
