0 1.015893470790378 1.5457627118644068 0.18642611683848798 0.8067796610169492
0 0.8719931271477663 1.1576271186440679 0.070446735395189 0.288135593220339
0 0.46134020618556704 1.1915254237288135 0.00859106529209622 0.04406779661016949
0 0.4256872852233677 1.193220338983051 0.009450171821305841 0.04745762711864407
0 0.35781786941580757 1.1728813559322033 0.01288659793814433 0.05423728813559322
0 0.31529209621993126 1.188135593220339 0.013745704467353952 0.05084745762711865
0 0.2865120274914089 1.1661016949152543 0.011168384879725086 0.04745762711864407
0 0.27534364261168387 1.1796610169491526 0.01288659793814433 0.061016949152542375
0 0.20962199312714777 1.152542372881356 0.015463917525773196 0.07457627118644068
0 0.20962199312714777 1.2661016949152541 0.01718213058419244 0.0576271186440678
0 0.16194158075601375 1.1898305084745762 0.014604810996563574 0.06779661016949153
0 0.15378006872852235 1.147457627118644 0.015463917525773196 0.0711864406779661
0 0.11984536082474227 1.1508474576271186 0.02147766323024055 0.0847457627118644
0 0.33032646048109965 1.193220338983051 0.011168384879725086 0.04745762711864407
