0 0.07148250692172162 0.0992984349703184 0.015101938082053864 0.023745277927684834
0 0.26516486282406243 0.03548300053966541 0.011326453561540398 0.012142471667566108
0 0.22816511452303045 0.028332433890987586 0.015857034986156558 0.022126281705342688
0 0.23458343820790334 0.027792768483540203 0.012584948401711553 0.018888289260658393
0 0.19808708784293985 0.03588774959525094 0.01409514220991694 0.018888289260658393
0 0.17845456833626983 0.04749055585536967 0.011074754593506167 0.01457096600107933
0 0.14938333752831615 0.03980032379924447 0.01434684117795117 0.015380464112250405
0 0.1393153788069469 0.04411764705882353 0.013843443241882709 0.016999460334592553
0 0.13642084067455323 0.032784673502428495 0.011074754593506167 0.013761467889908258
0 0.09916939340548704 0.029681597409606044 0.01409514220991694 0.019967620075553156
0 0.05789076264787314 0.033998920669185105 0.015605336018122326 0.015110631408526714
0 0.03234331739239869 0.0325148407987048 0.014850239114019632 0.01807879114948732
0 0.051346589478983136 0.02644360496492175 0.00956456078530078 0.011332973556395036
0 0.1142713314875409 0.03710199676200755 0.014598540145985401 0.01807879114948732
0 0.21117543418071985 0.0387209929843497 0.013088346337780015 0.017539125742039936
0 0.15655675811729172 0.03696708041014571 0.009061162849232317 0.011332973556395036
0 0.16889000755096903 0.038451160280626014 0.010571356657437704 0.013221802482460875
