0 0.9318418314255983 0.3105924596050269 0.013527575442247659 0.02872531418312388
0 0.8975026014568158 0.3177737881508079 0.019771071800208116 0.03231597845601436
0 0.8746097814776275 0.2872531418312388 0.009365244536940686 0.017953321364452424
0 0.850156087408949 0.30789946140035906 0.014568158168574402 0.026929982046678635
0 0.8121748178980229 0.3105924596050269 0.013527575442247659 0.02154398563734291
0 0.8397502601456815 0.3375224416517056 0.01664932362122789 0.03231597845601436
0 0.826222684703434 0.34290843806104127 0.022892819979188347 0.03590664272890485
0 0.7924037460978148 0.3473967684021544 0.019771071800208116 0.03770197486535009
0 0.7544224765868887 0.3339317773788151 0.01664932362122789 0.06822262118491922
0 0.7679500520291364 0.3276481149012567 0.027055150884495317 0.04488330341113106
0 0.7403746097814776 0.33662477558348297 0.01768990634755463 0.03052064631956912
0 0.7180020811654526 0.32854578096947934 0.012486992715920915 0.02154398563734291
0 0.690426638917794 0.3240574506283663 0.011446409989594173 0.019748653500897665
0 0.6633714880332986 0.32944344703770195 0.007284079084287201 0.012567324955116697
0 0.6519250780437045 0.33123877917414724 0.011446409989594173 0.019748653500897665
0 0.6727367325702394 0.35368043087971274 0.01768990634755463 0.03590664272890485
0 0.6337148803329865 0.32854578096947934 0.01664932362122789 0.02872531418312388
0 0.5749219562955254 0.3464991023339318 0.009365244536940686 0.02154398563734291
0 0.5702393340270552 0.3527827648114901 0.012486992715920915 0.02333931777378815
0 0.6248699271592092 0.36804308797127466 0.01768990634755463 0.03231597845601436
0 0.6727367325702394 0.3868940754039497 0.02809573361082206 0.04847396768402154
0 0.6987513007284079 0.38330341113105926 0.023933402705515087 0.04488330341113106
0 0.740894901144641 0.3994614003590664 0.02497398543184183 0.04847396768402154
0 0.7013527575442248 0.4838420107719928 0.03537981269510926 0.059245960502693
0 0.7039542143600416 0.4398563734290844 0.02809573361082206 0.05026929982046679
0 0.6129032258064516 0.4272890484739677 0.03329864724245578 0.06822262118491922
0 0.5494276795005203 0.4524236983842011 0.037460978147762745 0.06822262118491922
0 0.5291363163371487 0.40754039497307004 0.015608740894901144 0.03590664272890485
0 0.5509885535900104 0.414721723518851 0.03225806451612903 0.06104129263913824
0 0.48647242455775236 0.362657091561939 0.013527575442247659 0.02872531418312388
0 0.5031217481789803 0.3877917414721723 0.013527575442247659 0.02872531418312388
0 0.4906347554630593 0.39138240574506283 0.02809573361082206 0.04308797127468582
0 0.3803329864724246 0.6005385996409336 0.06555671175858481 0.13464991023339318
0 0.459417273673257 0.5350089766606823 0.046826222684703434 0.07899461400359066
0 0.4667013527575442 0.44614003590664275 0.03433922996878252 0.06642728904847396
0 0.4464099895941727 0.38420107719928187 0.014568158168574402 0.03231597845601436
0 0.427159209157128 0.4129263913824057 0.015608740894901144 0.03231597845601436
0 0.413111342351717 0.39228007181328545 0.01664932362122789 0.03052064631956912
0 0.3085327783558793 0.43177737881508077 0.019771071800208116 0.03411131059245961
0 0.3610822060353798 0.4793536804308797 0.03537981269510926 0.07540394973070018
0 0.27419354838709675 0.48114901256732495 0.021852237252861603 0.0466786355475763
0 0.3470343392299688 0.559245960502693 0.046826222684703434 0.07719928186714542
0 0.1919875130072841 0.4622980251346499 0.026014568158168574 0.04847396768402154
0 0.20187304890738814 0.5978456014362658 0.06451612903225806 0.25493716337522443
0 0.22892819979188345 0.4964093357271095 0.03329864724245578 0.059245960502693
0 0.2518210197710718 0.5825852782764811 0.054110301768990635 0.10233393177737882
0 0.10926118626430802 0.6543985637342908 0.060353798126951096 0.11310592459605028
0 0.13631633714880334 0.507181328545781 0.06451612903225806 0.10233393177737882
0 0.06815816857440167 0.5574506283662477 0.05723204994797086 0.09874326750448834
0 0.08480749219562955 0.47755834829443444 0.036420395421436005 0.05745062836624776
