0 0.0736196319018405 2.098684210526316 0.05112474437627812 0.39473684210526316
0 0.21216768916155418 2.1940789473684212 0.046012269938650305 0.3355263157894737
0 0.28680981595092025 2.2697368421052633 0.011247443762781187 0.07894736842105263
0 0.299079754601227 2.2828947368421053 0.009202453987730062 0.07894736842105263
0 0.31390593047034765 2.2565789473684212 0.012269938650306749 0.10526315789473684
0 0.3266871165644172 2.3223684210526314 0.02147239263803681 0.14473684210526316
0 0.3333333333333333 2.138157894736842 0.018404907975460124 0.13157894736842105
0 0.3803680981595092 2.223684210526316 0.010224948875255624 0.07894736842105263
0 0.4166666666666667 2.1776315789473686 0.017382413087934562 0.14473684210526316
0 0.4350715746421268 2.1217105263157894 0.02147239263803681 0.1513157894736842
0 0.3783231083844581 2.375 0.022494887525562373 0.15789473684210525
0 0.45756646216768915 2.0789473684210527 0.04396728016359918 0.3157894736842105
0 0.5173824130879345 2.1907894736842106 0.014314928425357873 0.07894736842105263
0 0.5465235173824131 2.1184210526315788 0.017382413087934562 0.11842105263157894
0 0.5812883435582822 2.2302631578947367 0.009202453987730062 0.07894736842105263
0 0.5966257668711656 2.223684210526316 0.007157464212678937 0.06578947368421052
0 0.6083844580777096 2.1809210526315788 0.016359918200409 0.13815789473684212
0 0.6334355828220859 2.226973684210526 0.015337423312883436 0.1118421052631579
0 0.6569529652351738 2.2335526315789473 0.015337423312883436 0.125
0 0.668200408997955 2.2335526315789473 0.017382413087934562 0.1118421052631579
0 0.7029652351738241 2.1546052631578947 0.009202453987730062 0.07236842105263158
0 0.6906952965235174 2.148026315789474 0.027607361963190184 0.19078947368421054
0 0.7295501022494888 2.1151315789473686 0.015337423312883436 0.1118421052631579
0 0.7750511247443763 2.151315789473684 0.014314928425357873 0.09210526315789473
0 0.7745398773006135 2.148026315789474 0.023517382413087935 0.19078947368421054
0 0.8343558282208589 2.1875 0.014314928425357873 0.1118421052631579
0 0.8139059304703476 2.1085526315789473 0.03885480572597137 0.3092105263157895
0 0.9028629856850716 2.236842105263158 0.022494887525562373 0.15789473684210525
0 0.9228016359918201 2.1842105263157894 0.02147239263803681 0.17105263157894737
0 0.9366053169734151 2.1315789473684212 0.028629856850715747 0.18421052631578946
0 1.0010224948875255 2.138157894736842 0.09202453987730061 0.6447368421052632
