0 0.8773678963110668 0.7082018927444795 0.005982053838484547 0.00946372239747634
0 0.8748753738783649 0.6758675078864353 0.01296111665004985 0.0583596214511041
0 0.8614157527417746 0.6719242902208202 0.007976071784646061 0.012618296529968454
0 0.8469591226321037 0.6466876971608833 0.006979062811565304 0.012618296529968454
0 0.8664007976071785 0.7184542586750788 0.007976071784646061 0.011041009463722398
0 0.8544366899302094 0.723186119873817 0.007976071784646061 0.011041009463722398
0 0.8429710867397806 0.7239747634069401 0.00897308075772682 0.012618296529968454
0 0.8215353938185443 0.7917981072555205 0.02193419740777667 0.07886435331230283
0 0.8040877367896311 0.7121451104100947 0.006979062811565304 0.011041009463722398
0 0.7896311066799602 0.6995268138801262 0.005982053838484547 0.011041009463722398
0 0.7766699900299102 0.7089905362776026 0.007976071784646061 0.011041009463722398
0 0.8145563310069791 0.7831230283911672 0.007976071784646061 0.014195583596214511
0 0.7891326021934197 0.7760252365930599 0.006979062811565304 0.012618296529968454
0 0.7771684945164506 0.7752365930599369 0.00897308075772682 0.011041009463722398
0 0.7647058823529411 0.7815457413249212 0.009970089730807577 0.017350157728706624
0 0.7407776669990029 0.7807570977917981 0.007976071784646061 0.012618296529968454
0 0.726321036889332 0.7933753943217665 0.00897308075772682 0.015772870662460567
0 0.7068793619142573 0.7894321766561514 0.009970089730807577 0.017350157728706624
0 0.6445663010967099 0.7626182965299685 0.006979062811565304 0.011041009463722398
0 0.5877367896311066 0.7957413249211357 0.00897308075772682 0.017350157728706624
0 0.5358923230309073 0.7981072555205048 0.00897308075772682 0.015772870662460567
0 0.5109670987038883 0.8020504731861199 0.00897308075772682 0.017350157728706624
0 0.4885343968095713 0.806782334384858 0.009970089730807577 0.017350157728706624
0 0.46061814556331004 0.7973186119873817 0.007976071784646061 0.014195583596214511
0 0.43668993020937186 0.8012618296529969 0.011964107676969093 0.015772870662460567
0 0.4122632103688933 0.805205047318612 0.00897308075772682 0.014195583596214511
0 0.38235294117647056 0.776813880126183 0.006979062811565304 0.011041009463722398
0 0.3275174476570289 0.7894321766561514 0.00897308075772682 0.014195583596214511
0 0.30608175473579263 0.7941640378548895 0.011964107676969093 0.014195583596214511
0 0.2966101694915254 0.7910094637223974 0.006979062811565304 0.011041009463722398
0 0.2691924227318046 0.7894321766561514 0.009970089730807577 0.017350157728706624
0 0.2577268195413759 0.7791798107255521 0.00897308075772682 0.012618296529968454
0 0.24127617148554337 0.7760252365930599 0.009970089730807577 0.015772870662460567
0 0.19192422731804587 0.7436908517350158 0.010967098703888335 0.014195583596214511
0 0.18045862412761715 0.7634069400630915 0.02193419740777667 0.0694006309148265
0 0.9062811565304087 1.0686119873817035 0.049850448654037885 0.18138801261829654
0 0.8484546360917248 0.9534700315457413 0.015952143569292122 0.026813880126182965
0 0.9521435692921236 1.085173501577287 0.0518444666001994 0.19558359621451105
0 0.9661016949152542 0.9747634069400631 0.02193419740777667 0.03470031545741325
0 0.942173479561316 0.9132492113564669 0.015952143569292122 0.028391167192429023
0 0.9032901296111665 0.9242902208201893 0.01794616151545364 0.025236593059936908
0 0.9242273180458624 0.9597791798107256 0.01794616151545364 0.033123028391167195
0 0.872382851445663 0.9558359621451105 0.019940179461615155 0.03470031545741325
0 0.9730807577268196 0.8990536277602523 0.015952143569292122 0.022082018927444796
0 0.7911266201395812 0.8856466876971609 0.014955134596211365 0.02996845425867508
0 0.9431704885343968 0.777602523659306 0.011964107676969093 0.01892744479495268
0 0.7597208374875374 0.9952681388012619 0.015952143569292122 0.028391167192429023
0 0.7123629112662014 0.9968454258675079 0.022931206380857428 0.03470031545741325
0 0.7213359920239282 0.9676656151419558 0.01694915254237288 0.033123028391167195
0 0.7028913260219342 0.88801261829653 0.013958125623130608 0.022082018927444796
0 0.6600199401794616 1.0047318611987381 0.01794616151545364 0.03470031545741325
0 0.6844466600199401 1.0749211356466877 0.036889332003988036 0.14668769716088328
0 0.6151545363908275 1.0063091482649842 0.013958125623130608 0.031545741324921134
0 0.5827517447657029 1.003154574132492 0.014955134596211365 0.03470031545741325
0 0.5428713858424726 1.0638801261829653 0.038883349950149554 0.14668769716088328
0 0.47308075772681957 1.0662460567823344 0.038883349950149554 0.17665615141955837
0 0.43818544366899304 1.0070977917981072 0.014955134596211365 0.02996845425867508
0 0.40279162512462613 0.9968454258675079 0.013958125623130608 0.031545741324921134
0 0.3659022931206381 1.0110410094637223 0.015952143569292122 0.028391167192429023
0 0.3374875373878365 1.0804416403785488 0.038883349950149554 0.15772870662460567
0 0.29760717846460616 1.0086750788643533 0.018943170488534396 0.033123028391167195
0 0.33100697906281157 0.9479495268138801 0.01794616151545364 0.028391167192429023
0 0.3544366899302094 0.9518927444794952 0.014955134596211365 0.02365930599369085
0 0.382851445663011 0.9708201892744479 0.01794616151545364 0.026813880126182965
0 0.4391824526420738 0.9392744479495269 0.014955134596211365 0.02365930599369085
0 0.4745762711864407 0.9613564668769716 0.019940179461615155 0.02996845425867508
0 0.5049850448654037 0.9747634069400631 0.01694915254237288 0.028391167192429023
0 0.5717846460618146 0.9495268138801262 0.014955134596211365 0.025236593059936908
0 0.5383848454636092 0.9660883280757098 0.013958125623130608 0.02365930599369085
0 0.6321036889332003 0.9503154574132492 0.011964107676969093 0.02050473186119874
0 0.6689930209371885 0.9156151419558359 0.013958125623130608 0.026813880126182965
0 0.6430707876370887 0.917192429022082 0.013958125623130608 0.02365930599369085
0 0.617148554336989 0.9140378548895899 0.009970089730807577 0.017350157728706624
0 0.5882352941176471 0.9100946372239748 0.011964107676969093 0.022082018927444796
0 0.5623130608175474 0.9124605678233438 0.013958125623130608 0.026813880126182965
0 0.5333998005982054 0.9156151419558359 0.011964107676969093 0.02050473186119874
0 0.5109670987038883 0.9108832807570978 0.010967098703888335 0.02050473186119874
0 0.48205383848454636 0.9100946372239748 0.01296111665004985 0.025236593059936908
0 0.4521435692921236 0.9116719242902208 0.010967098703888335 0.022082018927444796
0 0.4361914257228315 0.8935331230283912 0.00897308075772682 0.014195583596214511
0 0.40628115653040875 0.9534700315457413 0.01296111665004985 0.02365930599369085
0 0.3968095712861416 0.9077287066246057 0.011964107676969093 0.02365930599369085
0 0.3609172482552343 0.8943217665615142 0.011964107676969093 0.01892744479495268
0 0.3843469591226321 0.8817034700315457 0.010967098703888335 0.01892744479495268
0 0.6679960119641076 0.8556782334384858 0.011964107676969093 0.02050473186119874
0 0.6535393818544367 0.8406940063091483 0.00897308075772682 0.015772870662460567
0 0.6241276171485544 0.8793375394321766 0.011964107676969093 0.02050473186119874
0 0.6026919242273181 0.832807570977918 0.00897308075772682 0.015772870662460567
0 0.6326021934197408 0.8493690851735016 0.00897308075772682 0.017350157728706624
0 0.6385842472582254 0.8690851735015773 0.00897308075772682 0.015772870662460567
0 0.1011964107676969 1.054416403785489 0.05084745762711865 0.20977917981072555
0 0.06231306081754736 1.0394321766561514 0.04287138584247258 0.2082018927444795
0 0.03788634097706879 0.9313880126182965 0.015952143569292122 0.02365930599369085
0 0.21036889332003988 0.9589905362776026 0.015952143569292122 0.025236593059936908
0 0.2572283150548355 0.9140378548895899 0.013958125623130608 0.02050473186119874
0 0.27367896311066797 0.9250788643533123 0.036889332003988036 0.11198738170347003
0 0.7427716849451645 0.6995268138801262 0.005982053838484547 0.007886435331230283
0 0.7253240279162513 0.7105678233438486 0.004985044865403789 0.007886435331230283
0 0.7138584247258225 0.7113564668769716 0.005982053838484547 0.012618296529968454
0 0.689431704885344 0.7413249211356467 0.01296111665004985 0.07886435331230283
0 0.678963110667996 0.7137223974763407 0.005982053838484547 0.011041009463722398
0 0.6655034895314058 0.7145110410094637 0.006979062811565304 0.00946372239747634
0 0.654037886340977 0.7105678233438486 0.005982053838484547 0.011041009463722398
0 0.638085742771685 0.7137223974763407 0.005982053838484547 0.011041009463722398
0 0.6236291126620139 0.7208201892744479 0.00897308075772682 0.012618296529968454
0 0.6116650049850448 0.723186119873817 0.006979062811565304 0.011041009463722398
0 0.5992023928215354 0.7279179810725552 0.005982053838484547 0.011041009463722398
0 0.5837487537387837 0.7610410094637224 0.014955134596211365 0.07413249211356467
0 0.532901296111665 0.7263406940063092 0.006979062811565304 0.011041009463722398
0 0.5548354935194417 0.7287066246056783 0.006979062811565304 0.00946372239747634
0 0.5772681954137587 0.7342271293375394 0.005982053838484547 0.007886435331230283
0 0.5598205383848455 0.637223974763407 0.00897308075772682 0.04416403785488959
0 0.5488534396809571 0.6222397476340694 0.004985044865403789 0.007886435331230283
0 0.5398803589232303 0.6577287066246057 0.0029910269192422734 0.006309148264984227
0 0.5443668993020937 0.6277602523659306 0.005982053838484547 0.00946372239747634
0 0.5488534396809571 0.6490536277602523 0.01296111665004985 0.07097791798107256
0 0.5239282153539382 0.6561514195583596 0.006979062811565304 0.00946372239747634
0 0.5169491525423728 0.6159305993690851 0.004985044865403789 0.007886435331230283
0 0.5064805583250249 0.6151419558359621 0.003988035892323031 0.006309148264984227
0 0.4675972083748754 0.6182965299684543 0.003988035892323031 0.006309148264984227
0 0.4835493519441675 0.6482649842271293 0.005982053838484547 0.00946372239747634
0 0.47258225324027914 0.6537854889589906 0.003988035892323031 0.007886435331230283
0 0.4571286141575274 0.6143533123028391 0.004985044865403789 0.007886435331230283
0 0.4955134596211366 0.7365930599369085 0.005982053838484547 0.00946372239747634
0 0.503988035892323 0.7200315457413249 0.00897308075772682 0.017350157728706624
0 0.47756729810568294 0.7689274447949527 0.023928215353938187 0.09936908517350158
0 0.4576271186440678 0.7563091482649842 0.019940179461615155 0.0804416403785489
0 0.44167497507477566 0.751577287066246 0.015952143569292122 0.07097791798107256
0 0.42622133599202394 0.7302839116719243 0.004985044865403789 0.012618296529968454
0 0.4152542372881356 0.7287066246056783 0.006979062811565304 0.012618296529968454
0 0.4037886340977069 0.7641955835962145 0.013958125623130608 0.07728706624605679
0 0.3938185443668993 0.7287066246056783 0.007976071784646061 0.012618296529968454
0 0.3673978065802592 0.722397476340694 0.006979062811565304 0.012618296529968454
0 0.34795613160518446 0.7160883280757098 0.005982053838484547 0.00946372239747634
0 0.3339980059820538 0.7216088328075709 0.005982053838484547 0.011041009463722398
0 0.3205383848454636 0.7192429022082019 0.006979062811565304 0.00946372239747634
0 0.2946161515453639 0.7113564668769716 0.006979062811565304 0.00946372239747634
0 0.27517447657028915 0.7097791798107256 0.007976071784646061 0.012618296529968454
0 0.25822532402791626 0.7160883280757098 0.007976071784646061 0.012618296529968454
0 0.2676969092721834 0.7082018927444795 0.018943170488534396 0.07886435331230283
0 0.24476570289132601 0.6853312302839116 0.006979062811565304 0.011041009463722398
0 0.23280159521435692 0.7058359621451105 0.006979062811565304 0.011041009463722398
0 0.22283150548354935 0.7302839116719243 0.01694915254237288 0.06624605678233439
0 0.2288135593220339 0.6813880126182965 0.006979062811565304 0.00946372239747634
0 0.18943170488534397 0.667981072555205 0.019940179461615155 0.061514195583596214
0 0.19641076769690927 0.6979495268138801 0.019940179461615155 0.061514195583596214
0 0.17547357926221335 0.7066246056782335 0.005982053838484547 0.00946372239747634
0 0.1585244267198405 1.0694006309148265 0.05782652043868395 0.19558359621451105
0 0.1106679960119641 0.9037854889589906 0.015952143569292122 0.022082018927444796
0 0.09272183449651047 0.9085173501577287 0.013958125623130608 0.025236593059936908
0 0.13758723828514458 0.9211356466876972 0.015952143569292122 0.025236593059936908
0 0.1585244267198405 0.8919558359621451 0.015952143569292122 0.026813880126182965
0 0.22981056829511465 0.917981072555205 0.010967098703888335 0.015772870662460567
0 0.21734795613160518 0.8738170347003155 0.009970089730807577 0.01892744479495268
0 0.19940179461615154 0.8659305993690851 0.009970089730807577 0.01892744479495268
0 0.18245264207377868 0.8951104100946372 0.0259222333000997 0.08675078864353312
0 0.03489531405782652 0.8919558359621451 0.019940179461615155 0.026813880126182965
0 0.01794616151545364 0.8809148264984227 0.015952143569292122 0.02365930599369085
0 0.03838484546360917 0.9219242902208202 0.03090727816550349 0.1529968454258675
0 0.06081754735792622 0.8548895899053628 0.013958125623130608 0.022082018927444796
0 0.08325024925224327 0.8564668769716088 0.014955134596211365 0.01892744479495268
0 0.0967098703888335 0.8659305993690851 0.013958125623130608 0.01892744479495268
0 0.09471585244267199 0.8241324921135647 0.011964107676969093 0.017350157728706624
0 0.10967098703888335 0.8288643533123028 0.015952143569292122 0.017350157728706624
0 0.16051844466600199 0.7358044164037855 0.019940179461615155 0.0804416403785489
0 0.14356929212362912 0.7129337539432177 0.007976071784646061 0.012618296529968454
0 0.13359920239282153 0.7807570977917981 0.005982053838484547 0.00946372239747634
0 0.10717846460618145 0.7799684542586751 0.01296111665004985 0.014195583596214511
0 0.058823529411764705 0.805993690851735 0.015952143569292122 0.025236593059936908
0 0.012462612163509471 0.805993690851735 0.01296111665004985 0.022082018927444796
0 0.1694915254237288 0.6482649842271293 0.005982053838484547 0.00946372239747634
0 0.8315054835493519 0.9077287066246057 0.015952143569292122 0.02050473186119874
0 0.8938185443668993 0.7618296529968455 0.00897308075772682 0.012618296529968454
0 0.8135593220338984 0.6790220820189274 0.007976071784646061 0.011041009463722398
0 0.7876370887337986 0.6774447949526814 0.005982053838484547 0.011041009463722398
0 0.8100697906281157 0.6537854889589906 0.006979062811565304 0.011041009463722398
0 0.752741774675972 0.6593059936908517 0.005982053838484547 0.00946372239747634
0 0.7731804586241277 0.6648264984227129 0.006979062811565304 0.011041009463722398
0 0.7791625124626121 0.6608832807570978 0.006979062811565304 0.00946372239747634
0 0.7422731804586241 0.6640378548895899 0.006979062811565304 0.012618296529968454
0 0.6929212362911267 0.6656151419558359 0.005982053838484547 0.00946372239747634
0 0.7213359920239282 0.6900630914826499 0.006979062811565304 0.011041009463722398
0 0.6665004985044866 0.6805993690851735 0.00897308075772682 0.014195583596214511
0 0.6550348953140578 0.6861198738170347 0.007976071784646061 0.012618296529968454
0 0.5877367896311066 0.7026813880126183 0.006979062811565304 0.014195583596214511
0 0.5997008973080757 0.7255520504731862 0.00897308075772682 0.015772870662460567
0 0.6345962113659023 0.6711356466876972 0.004985044865403789 0.007886435331230283
0 0.5672981056829511 0.6553627760252366 0.003988035892323031 0.007886435331230283
0 0.6570289132602194 0.6277602523659306 0.011964107676969093 0.050473186119873815
0 0.6291126620139581 0.6167192429022083 0.007976071784646061 0.04100946372239748
0 0.6734795613160518 0.6309148264984227 0.004985044865403789 0.00946372239747634
0 0.6819541375872383 0.63801261829653 0.009970089730807577 0.04258675078864353
0 0.6301096709870389 0.5914826498422713 0.007976071784646061 0.04100946372239748
0 0.5707876370887338 0.5764984227129337 0.00897308075772682 0.03627760252365931
0 0.5702891326021934 0.6656151419558359 0.013958125623130608 0.0694006309148265
0 0.5079760717846461 1.0646687697160884 0.0448654037886341 0.13564668769716087
0 0.4252243270189432 0.9203470031545742 0.010967098703888335 0.02365930599369085
0 0.5049850448654037 0.8746056782334385 0.010967098703888335 0.02050473186119874
0 0.5373878364905285 0.9235015772870663 0.031904287138584245 0.09936908517350158
0 0.4591226321036889 0.8793375394321766 0.010967098703888335 0.02050473186119874
