0 0.27712264150943394 1.7861736334405145 0.009433962264150943 0.028938906752411574
0 0.27181603773584906 1.7540192926045015 0.01061320754716981 0.028938906752411574
0 0.30601415094339623 1.6511254019292605 0.008254716981132075 0.022508038585209004
0 0.3095518867924528 1.6366559485530547 0.01061320754716981 0.03215434083601286
0 0.35141509433962265 1.7218649517684887 0.007075471698113208 0.028938906752411574
0 0.361438679245283 1.6495176848874598 0.008254716981132075 0.02572347266881029
0 0.38325471698113206 1.652733118971061 0.009433962264150943 0.02572347266881029
0 0.4068396226415094 1.6607717041800643 0.009433962264150943 0.028938906752411574
0 0.4009433962264151 1.6543408360128617 0.007075471698113208 0.022508038585209004
0 0.4074292452830189 1.639871382636656 0.008254716981132075 0.02572347266881029
0 0.47877358490566035 1.667202572347267 0.009433962264150943 0.028938906752411574
0 0.5023584905660378 1.680064308681672 0.009433962264150943 0.022508038585209004
0 0.5165094339622641 1.7041800643086817 0.009433962264150943 0.02572347266881029
0 0.5837264150943396 1.7733118971061093 0.007075471698113208 0.01607717041800643
0 0.6344339622641509 1.770096463022508 0.0047169811320754715 0.01607717041800643
0 0.6474056603773585 1.765273311897106 0.007075471698113208 0.01929260450160772
0 0.6674528301886793 1.7717041800643087 0.007075471698113208 0.01929260450160772
0 0.6928066037735849 1.6543408360128617 0.00589622641509434 0.01607717041800643
0 0.7759433962264151 1.7218649517684887 0.007075471698113208 0.01607717041800643
0 0.8431603773584906 1.8762057877813505 0.009433962264150943 0.022508038585209004
0 0.7376179245283019 2.0160771704180065 0.01061320754716981 0.03215434083601286
0 0.7836084905660378 2.045016077170418 0.01061320754716981 0.03215434083601286
0 0.6515330188679245 2.3215434083601285 0.012971698113207548 0.03858520900321544
0 0.6762971698113207 2.282958199356913 0.01061320754716981 0.03215434083601286
0 0.9469339622641509 2.2733118971061095 0.009433962264150943 0.02572347266881029
0 0.9887971698113207 2.266881028938907 0.012971698113207548 0.03858520900321544
0 1.122051886792453 2.0964630225080385 0.01061320754716981 0.03215434083601286
0 1.165683962264151 2.207395498392283 0.01061320754716981 0.028938906752411574
0 1.2606132075471699 2.3938906752411575 0.01179245283018868 0.03536977491961415
0 0.8071933962264151 1.7845659163987138 0.01768867924528302 0.10289389067524116
0 0.7063679245283019 1.5755627009646302 0.0047169811320754715 0.012861736334405145
0 0.7016509433962265 1.5610932475884245 0.007075471698113208 0.01607717041800643
0 0.6674528301886793 1.5562700964630225 0.0047169811320754715 0.01929260450160772
0 0.6568396226415094 1.562700964630225 0.0047169811320754715 0.012861736334405145
0 0.6426886792452831 1.5659163987138263 0.0047169811320754715 0.012861736334405145
0 0.6214622641509434 1.5530546623794212 0.0047169811320754715 0.012861736334405145
0 0.6143867924528302 1.5884244372990353 0.01179245283018868 0.09003215434083602
0 0.5047169811320755 1.5369774919614148 0.01179245283018868 0.07717041800643087
0 0.5011792452830188 1.5337620578778135 0.014150943396226415 0.07717041800643087
0 0.4221698113207547 1.482315112540193 0.0047169811320754715 0.012861736334405145
0 0.48702830188679247 1.482315112540193 0.01179245283018868 0.07717041800643087
0 0.4982311320754717 1.4533762057877813 0.003537735849056604 0.012861736334405145
0 0.5837264150943396 1.4614147909967845 0.0047169811320754715 0.01607717041800643
0 0.39799528301886794 1.6141479099678457 0.008254716981132075 0.01929260450160772
