0 0.5215863453815262 0.3599476439790576 0.1355421686746988 0.23298429319371727
0 0.7123493975903614 0.2369109947643979 0.11546184738955824 0.20157068062827224
0 0.516566265060241 0.5615183246073299 0.11546184738955824 0.18586387434554974
0 0.12951807228915663 0.44960732984293195 0.14056224899598393 0.1793193717277487
0 0.37198795180722893 0.7578534031413613 0.13152610441767068 0.2094240837696335
0 0.4568273092369478 0.10340314136125654 0.1144578313253012 0.20418848167539266
0 0.6194779116465864 0.09882198952879581 0.12248995983935743 0.2054973821989529
0 0.6807228915662651 0.8344240837696335 0.12248995983935743 0.21596858638743455
0 0.9347389558232931 0.3579842931937173 0.11847389558232932 0.20287958115183247
0 0.8263052208835341 0.7133507853403142 0.14056224899598393 0.22774869109947643
0 0.08483935742971888 0.24607329842931938 0.12550200803212852 0.18586387434554974
0 0.26104417670682734 0.24541884816753926 0.11646586345381527 0.2054973821989529
0 0.1280120481927711 0.44960732984293195 0.12550200803212852 0.17146596858638743
0 0.8519076305220884 0.8756544502617801 0.12951807228915663 0.21727748691099477
0 0.9026104417670683 0.16753926701570682 0.11646586345381527 0.21204188481675393
0 0.31676706827309237 0.887434554973822 0.13353413654618473 0.21727748691099477
