0 1.0523917995444192 1.2403846153846154 0.06378132118451026 0.1858974358974359
0 0.8849658314350797 1.2884615384615385 0.0387243735763098 0.11538461538461539
0 0.7881548974943052 1.1185897435897436 0.06378132118451026 0.21153846153846154
0 0.6594533029612756 1.189102564102564 0.05239179954441914 0.16025641025641027
0 0.5182232346241458 1.435897435897436 0.02050113895216401 0.0641025641025641
0 0.44533029612756264 1.3717948717948718 0.025056947608200455 0.08974358974358974
0 0.37813211845102507 1.4102564102564104 0.022779043280182234 0.08974358974358974
0 0.2847380410022779 1.4455128205128205 0.018223234624145785 0.057692307692307696
0 0.3416856492027335 1.4743589743589745 0.018223234624145785 0.0641025641025641
0 0.224373576309795 1.4647435897435896 0.015945330296127564 0.04487179487179487
0 0.19817767653758542 1.4903846153846154 0.022779043280182234 0.07051282051282051
0 0.14578587699316628 1.5192307692307692 0.01366742596810934 0.05128205128205128
0 0.10136674259681093 1.3493589743589745 0.03416856492027335 0.12179487179487179
0 0.5364464692482915 1.4423076923076923 0.015945330296127564 0.05128205128205128
