0 0.16891891891891891 0.536376604850214 0.06472261735419631 0.15121255349500715
0 0.2759601706970128 0.49358059914407987 0.06401137980085349 0.15121255349500715
0 0.3435277382645804 0.5427960057061341 0.059743954480796585 0.14122681883024252
0 0.3741109530583215 0.43081312410841655 0.05547652916073969 0.12838801711840228
0 0.4665718349928876 0.5485021398002853 0.06543385490753911 0.14978601997146934
0 0.6105974395448079 0.3666191155492154 0.061877667140825036 0.16547788873038516
0 0.8068990042674253 0.43580599144079885 0.03911806543385491 0.10984308131241084
0 0.7613798008534851 0.42296718972895864 0.057610241820768134 0.14407988587731813
0 0.8851351351351351 0.47004279600570614 0.0561877667140825 0.15549215406562053
0 0.9217638691322901 0.4514978601997147 0.04551920341394026 0.14122681883024252
0 1.0003556187766713 0.4693295292439372 0.05476529160739687 0.14835948644793154
