0 0.019759450171821305 3.5659722222222223 0.05154639175257732 0.4930555555555556
0 0.9308419243986255 3.5381944444444446 0.01632302405498282 0.13194444444444445
0 0.9467353951890034 3.638888888888889 0.012027491408934709 0.1111111111111111
0 0.8947594501718213 3.6527777777777777 0.011168384879725086 0.09722222222222222
0 0.8625429553264605 3.517361111111111 0.012027491408934709 0.11805555555555555
0 0.8273195876288659 3.5520833333333335 0.013745704467353952 0.11805555555555555
0 0.8462199312714777 3.8958333333333335 0.02577319587628866 0.7916666666666666
0 0.8032646048109966 3.5208333333333335 0.013745704467353952 0.125
0 0.7809278350515464 3.5659722222222223 0.010309278350515464 0.09027777777777778
0 0.6116838487972509 3.5729166666666665 0.012027491408934709 0.10416666666666667
0 0.5661512027491409 3.6215277777777777 0.00859106529209622 0.09027777777777778
0 0.5618556701030928 3.6493055555555554 0.00859106529209622 0.0763888888888889
0 0.484106529209622 3.6319444444444446 0.009450171821305841 0.08333333333333333
0 0.4699312714776632 3.607638888888889 0.010309278350515464 0.0763888888888889
0 0.5146048109965635 3.5972222222222223 0.00859106529209622 0.08333333333333333
0 0.6868556701030928 3.8680555555555554 0.028350515463917526 0.7222222222222222
0 0.7152061855670103 3.53125 0.01288659793814433 0.11805555555555555
0 0.7418384879725086 3.8715277777777777 0.03350515463917526 0.8680555555555556
0 0.3479381443298969 3.6597222222222223 0.010309278350515464 0.08333333333333333
0 0.4179553264604811 3.625 0.007731958762886598 0.06944444444444445
0 0.4334192439862543 3.673611111111111 0.009450171821305841 0.08333333333333333
0 0.665807560137457 3.638888888888889 0.012027491408934709 0.1111111111111111
0 0.6353092783505154 3.6006944444444446 0.011168384879725086 0.09027777777777778
0 0.6469072164948454 3.611111111111111 0.010309278350515464 0.09722222222222222
0 0.9866838487972509 3.576388888888889 0.014604810996563574 0.125
0 0.4480240549828179 3.798611111111111 0.019759450171821305 0.4722222222222222
