0 0.606028444067077 0.4343376918703809 0.006792613033326258 0.02046617396247868
0 0.6342602419868393 0.4138715179079022 0.00764168966249204 0.026151222285389426
0 0.815856506049671 0.4368959636156907 0.010825727021863723 0.03240477544059125
0 0.9860963701974104 0.5531552018192155 0.027382721290596476 0.07617964752700399
0 0.8870728083209509 0.5247299602046618 0.0191042241562301 0.06026151222285389
0 0.8616005094459775 0.49715747583854464 0.012736149437486733 0.041500852757248435
0 0.733920611335173 0.5895395110858442 0.03842071746975165 0.08300170551449687
0 0.7311611122903842 0.4764070494599204 0.02059010825727022 0.059124502558271744
0 0.7169390787518574 0.46588971006253554 0.01294841859477818 0.04377487208641274
0 0.46423264699639144 0.41500852757248435 0.03056675864996816 0.06026151222285389
0 0.43971555932922946 0.5088118249005117 0.018891954998938653 0.06026151222285389
0 0.453300785395882 0.377771461057419 0.006580343876034812 0.018760659465605456
0 0.41625981744852475 0.39141557703240476 0.004245383145828911 0.014212620807276862
0 0.3799617915516875 0.43604320636725413 0.007217151347909149 0.019329164297896533
0 0.34928889832307364 0.4565093803297328 0.004457652303120356 0.013644115974985787
0 0.3505625132668223 0.442865264354747 0.004457652303120356 0.013644115974985787
0 0.3363404797282955 0.3999431495167709 0.008278497134366377 0.021034678794769755
0 0.3312460199533008 0.4442865264354747 0.005306728932286139 0.015349630471859011
0 0.3000424538314583 0.4533826037521319 0.015495648482275526 0.04945992040932348
0 0.29144555296115476 0.41046048891415576 0.008490766291657821 0.023877202956225127
0 0.2800891530460624 0.4044911881750995 0.006155805561451921 0.019897669130187607
0 0.28507747824241136 0.3706651506537806 0.005943536404160475 0.019329164297896533
0 0.24060708978985354 0.4184195565662308 0.008278497134366377 0.025014212620807278
0 0.24453406919974527 0.408470722001137 0.008066227977074932 0.022171688459351906
0 0.21088940776905116 0.3979533826037521 0.008703035448949268 0.023877202956225127
0 0.19974527701125028 0.3891415577032405 0.00764168966249204 0.023308698123934053
0 0.18531097431543198 0.40335417851051736 0.005943536404160475 0.01762364980102331
0 0.17724474633835705 0.3982376350198977 0.0063680747187433665 0.018760659465605456
0 0.15952027170452132 0.4135872654917567 0.004882190617703248 0.01762364980102331
0 0.13733814476756528 0.4198408186469585 0.005094459774994693 0.01762364980102331
0 0.1216302271279983 0.4184195565662308 0.004669921460411802 0.017055144968732235
0 0.0740819358947145 0.4189880613985219 0.0063680747187433665 0.019329164297896533
0 0.06506049670982807 0.3948266060261512 0.006580343876034812 0.021034678794769755
0 0.05189980895775844 0.4172825469016487 0.0057312672468690295 0.018192154633314382
0 0.03895139036298026 0.4292211483797612 0.0057312672468690295 0.018192154633314382
0 0.03332625769475695 0.40278567367822626 0.008490766291657821 0.022171688459351906
0 0.02324347272341329 0.3908470722001137 0.004882190617703248 0.01762364980102331
0 0.014752706431755466 0.40164866401364413 0.0070048821906177035 0.022171688459351906
0 0.002334960730205901 0.4212620807276862 0.005094459774994693 0.015918135304150087
0 0.053385693058798554 0.4994314951677089 0.019316493313521546 0.06196702671972712
