0 0.09584664536741214 1.7816901408450705 0.04472843450479233 0.2676056338028169
0 0.19808306709265175 1.7183098591549295 0.03514376996805112 0.22535211267605634
0 0.24201277955271566 1.7077464788732395 0.036741214057507986 0.19014084507042253
0 0.3210862619808307 1.5880281690140845 0.038338658146964855 0.2323943661971831
0 0.384185303514377 1.5316901408450705 0.04313099041533546 0.2323943661971831
0 0.3801916932907348 1.2922535211267605 0.051118210862619806 0.24647887323943662
0 0.5175718849840255 1.3204225352112675 0.051118210862619806 0.3028169014084507
0 0.5575079872204473 1.7288732394366197 0.04153354632587859 0.2605633802816901
0 0.604632587859425 1.2394366197183098 0.04313099041533546 0.2676056338028169
0 0.6693290734824281 1.0704225352112675 0.03514376996805112 0.23943661971830985
0 0.6773162939297125 1.5845070422535212 0.038338658146964855 0.2535211267605634
0 0.7364217252396166 1.5880281690140845 0.04153354632587859 0.2605633802816901
0 0.7092651757188498 1.2394366197183098 0.04472843450479233 0.28169014084507044
0 0.8314696485623003 1.2922535211267605 0.04952076677316294 0.2887323943661972
0 1.0415335463258786 1.0880281690140845 0.06389776357827476 0.34507042253521125
