0 0.0350598582946494 0.6002392344497608 0.027119472269728804 0.06555023923444976
0 0.14060591253359395 0.6411483253588517 0.022721720009772784 0.04401913875598086
0 0.22379672611776202 0.7557416267942584 0.058636696799413635 0.35741626794258374
0 0.2325922306376741 0.6509569377990431 0.02443195699975568 0.06076555023923445
0 0.15966283899340336 0.5375598086124402 0.08233569508917664 0.17655502392344496
0 0.27192768140728074 0.6389952153110048 0.054727583679452727 0.13253588516746412
0 0.44136330320058637 0.7 0.007573906669924261 0.022966507177033493
0 0.4739799657952602 0.683732057416268 0.013681895919863182 0.03636363636363636
0 0.38614708038113854 0.5854066985645933 0.10774493036892255 0.23397129186602872
0 0.5901539213290985 0.5913875598086125 0.1092108477889079 0.23444976076555024
0 0.7334473491326655 0.6480861244019138 0.06010261421939898 0.1430622009569378
0 0.7529929147324701 0.7031100478468899 0.04544344001954557 0.09904306220095693
0 0.9070364036159296 0.7165071770334929 0.0412900073295871 0.09425837320574162
