0 0.870499419279907 3.518348623853211 0.026713124274099883 0.21100917431192662
0 0.7032520325203252 3.5275229357798166 0.0313588850174216 0.26605504587155965
0 0.5981416957026713 3.6055045871559632 0.032520325203252036 0.25688073394495414
0 0.41114982578397213 3.5137614678899083 0.016260162601626018 0.14678899082568808
0 0.42334494773519166 3.5275229357798166 0.015098722415795587 0.13761467889908258
0 0.4262485481997677 3.481651376146789 0.011614401858304297 0.11926605504587157
0 0.6300813008130082 3.591743119266055 0.019744483159117306 0.1743119266055046
0 0.5644599303135889 3.5137614678899083 0.020905923344947737 0.1834862385321101
0 0.5534262485481998 3.536697247706422 0.017421602787456445 0.13761467889908258
0 0.49825783972125437 3.467889908256881 0.011614401858304297 0.11009174311926606
0 0.4732868757259001 3.4128440366972477 0.010452961672473868 0.09174311926605505
0 0.48664343786295006 3.481651376146789 0.013937282229965157 0.11926605504587157
0 0.6672473867595818 3.6743119266055047 0.012775842044134728 0.10091743119266056
0 0.759581881533101 3.477064220183486 0.011614401858304297 0.09174311926605505
0 0.08478513356562137 4.087155963302752 0.03716608594657375 0.3211009174311927
0 0.041811846689895474 3.8440366972477062 0.025551684088269456 0.23853211009174313
0 0.8147502903600464 3.5871559633027523 0.017421602787456445 0.14678899082568808
0 0.38385598141695704 3.4357798165137616 0.008130081300813009 0.06422018348623854
0 0.289198606271777 3.5642201834862384 0.011614401858304297 0.11926605504587157
0 0.29152148664343785 3.591743119266055 0.009291521486643438 0.08256880733944955
0 0.32694541231126595 3.3944954128440368 0.008130081300813009 0.05504587155963303
0 0.3310104529616725 3.4311926605504586 0.006968641114982578 0.05504587155963303
0 0.22415795586527293 3.4357798165137616 0.009291521486643438 0.08256880733944955
0 0.21022067363530778 3.4311926605504586 0.006968641114982578 0.07339449541284404
0 0.1916376306620209 3.467889908256881 0.006968641114982578 0.05504587155963303
0 0.16957026713124274 3.536697247706422 0.018583042973286876 0.3577981651376147
0 0.14518002322880372 3.3990825688073394 0.006968641114982578 0.06422018348623854
0 0.2979094076655052 3.4311926605504586 0.008130081300813009 0.07339449541284404
0 0.445993031358885 3.408256880733945 0.006968641114982578 0.06422018348623854
0 0.4518002322880372 3.5688073394495414 0.023228803716608595 0.3119266055045872
