0 0.06749460043196544 1.664 0.052915766738660906 0.48
0 0.15010799136069114 1.78 0.05183585313174946 0.456
0 0.23110151187904968 1.92 0.056155507559395246 0.496
0 0.27483801295896326 1.64 0.05075593952483801 0.464
0 0.3390928725701944 1.884 0.05399568034557235 0.472
0 0.40712742980561556 1.544 0.047516198704103674 0.448
0 0.4503239740820734 1.844 0.05183585313174946 0.488
0 0.5377969762419006 1.72 0.056155507559395246 0.512
0 0.5934125269978402 1.416 0.05075593952483801 0.496
0 0.6749460043196545 1.768 0.05183585313174946 0.448
0 0.7516198704103672 1.704 0.05399568034557235 0.48
0 0.8644708423326134 1.596 0.05075593952483801 0.504
0 1.0102591792656588 1.5 0.061555075593952485 0.52
