0 0.23372093023255813 1.3176943699731904 0.03333333333333333 0.10455764075067024
0 1.0027131782945737 1.1997319034852547 0.017829457364341085 0.0777479892761394
0 0.6058139534883721 1.2613941018766757 0.010077519379844961 0.05093833780160858
0 0.5918604651162791 1.2680965147453083 0.010077519379844961 0.04825737265415549
0 0.5627906976744186 1.2533512064343164 0.013953488372093023 0.06166219839142091
0 0.5806201550387597 1.257372654155496 0.012403100775193798 0.04825737265415549
0 0.5406976744186046 1.2613941018766757 0.011627906976744186 0.045576407506702415
0 0.5027131782945736 1.242627345844504 0.008527131782945736 0.03485254691689008
0 0.4573643410852713 1.2613941018766757 0.010852713178294573 0.040214477211796246
0 0.4174418604651163 1.2815013404825737 0.010077519379844961 0.04289544235924933
0 0.36589147286821705 1.2439678284182305 0.013953488372093023 0.04825737265415549
0 0.4189922480620155 1.2546916890080428 0.011627906976744186 0.04289544235924933
0 0.4003875968992248 1.2506702412868633 0.010077519379844961 0.040214477211796246
0 0.4310077519379845 1.2707774798927614 0.007751937984496124 0.032171581769437
0 0.4310077519379845 1.269436997319035 0.009302325581395349 0.03485254691689008
0 0.42441860465116277 1.383378016085791 0.014728682170542635 0.16085790884718498
0 0.37868217054263564 1.3632707774798927 0.020930232558139535 0.26005361930294907
0 0.3077519379844961 1.2841823056300268 0.009302325581395349 0.03753351206434316
0 0.27209302325581397 1.289544235924933 0.012403100775193798 0.04825737265415549
0 0.31976744186046513 1.2962466487935658 0.008527131782945736 0.029490616621983913
0 0.29069767441860467 1.2667560321715818 0.004651162790697674 0.01876675603217158
0 0.2624031007751938 1.2801608579088473 0.0069767441860465115 0.024128686327077747
0 0.25852713178294573 1.2613941018766757 0.0069767441860465115 0.024128686327077747
0 0.2775193798449612 1.306970509383378 0.012403100775193798 0.12064343163538874
0 0.21821705426356588 1.2654155495978552 0.005426356589147287 0.021447721179624665
0 0.2062015503875969 1.304289544235925 0.017054263565891473 0.06702412868632708
0 0.1821705426356589 1.2707774798927614 0.009302325581395349 0.032171581769437
0 0.162015503875969 1.272117962466488 0.015503875968992248 0.05093833780160858
0 0.17286821705426356 1.272117962466488 0.009302325581395349 0.03485254691689008
0 0.14418604651162792 1.2761394101876675 0.012403100775193798 0.04289544235924933
0 0.13294573643410854 1.2613941018766757 0.008527131782945736 0.029490616621983913
0 0.10813953488372093 1.3083109919571045 0.01937984496124031 0.064343163538874
0 0.12015503875968993 1.2734584450402144 0.009302325581395349 0.02680965147453083
0 0.11162790697674418 1.2680965147453083 0.009302325581395349 0.04289544235924933
0 0.07015503875968992 1.2788203753351206 0.01317829457364341 0.04289544235924933
0 0.053875968992248065 1.304289544235925 0.02248062015503876 0.06702412868632708
0 0.01937984496124031 1.3056300268096515 0.015503875968992248 0.064343163538874
0 0.08062015503875969 1.084450402144772 0.012403100775193798 0.040214477211796246
0 0.08565891472868217 1.2962466487935658 0.0069767441860465115 0.024128686327077747
