0 0.7648195876288659 3.413793103448276 0.00902061855670103 0.06896551724137931
0 0.5934278350515464 3.439655172413793 0.011597938144329897 0.06896551724137931
0 0.604381443298969 3.6336206896551726 0.01804123711340206 0.49137931034482757
0 0.5457474226804123 3.4482758620689653 0.00902061855670103 0.06896551724137931
0 0.833118556701031 3.75 0.019329896907216496 0.10344827586206896
0 0.907860824742268 4.008620689655173 0.03994845360824742 0.7413793103448276
0 0.8021907216494846 3.564655172413793 0.00902061855670103 0.07758620689655173
0 0.8240979381443299 3.5301724137931036 0.011597938144329897 0.07758620689655173
0 0.8356958762886598 3.6810344827586206 0.024484536082474227 0.3620689655172414
0 0.9787371134020618 3.4827586206896552 0.011597938144329897 0.08620689655172414
0 0.9903350515463918 3.8793103448275863 0.024484536082474227 0.1724137931034483
0 0.9677835051546392 3.8232758620689653 0.01804123711340206 0.12931034482758622
0 0.5786082474226805 3.435344827586207 0.007731958762886598 0.0603448275862069
0 0.6024484536082474 3.646551724137931 0.024484536082474227 0.4482758620689655
