0 0.08176674575652491 1.003269916765755 0.05694469793757985 0.20035671819262782
0 0.18507026829713452 1.0502378121284186 0.047453914947983206 0.1789536266349584
0 0.2908377441138894 1.021997621878716 0.04654133966052199 0.1807372175980975
0 0.39979923343675855 0.9726516052318668 0.044351158970615076 0.15933412604042807
0 0.49598466873517066 1.1049346016646848 0.04471618908559956 0.1516052318668252
0 0.6012045993794488 1.0546967895362664 0.04453367402810732 0.1581450653983353
0 0.6941960211717467 1.0960166468489894 0.03705055667092535 0.15992865636147444
0 0.7688446796860741 1.022294887039239 0.04216097828070816 0.1634958382877527
0 0.8605584960759263 1.0520214030915576 0.044168643913122835 0.16587395957193818
0 0.9490782989596642 0.9812722948870393 0.054389487132688444 0.18014268727705113
0 0.0596824237999635 0.8721759809750297 0.04343858368315386 0.16884661117717004
0 0.1414491695564884 0.8183709869203329 0.039788282533308995 0.14090368608799048
0 0.2324329257163716 0.8026159334126041 0.03924073736083227 0.1248513674197384
0 0.31830626026647196 0.8421521997621879 0.03686804161343311 0.12901307966706302
0 0.38382916590618726 0.917063020214031 0.03066252965869684 0.1159334126040428
0 0.438401168096368 0.882282996432818 0.03504289103851068 0.13198573127229488
0 0.5158788100018251 0.8840665873959572 0.033035225406096005 0.13079667063020214
0 0.5992881912757803 0.8350178359096314 0.03413031575104946 0.14209274673008324
0 0.6728417594451542 0.848692033293698 0.035590436210987404 0.13852556480380498
0 0.7398247855448075 0.8528537455410226 0.03887570724584778 0.1278240190249703
0 0.8362839934294579 0.8629607609988109 0.036137981383464135 0.13971462544589774
0 0.8895783902171929 0.8350178359096314 0.04051834276327797 0.1456599286563615
0 0.025460850520167912 0.7862663495838288 0.033035225406096005 0.10166468489892984
0 0.11553203139258988 0.7981569560047562 0.023361927359007117 0.09571938168846611
0 0.1910020076656324 0.7939952437574316 0.03230516517612703 0.10166468489892984
0 0.253787187442964 0.7782401902497027 0.030845044716189086 0.11533888228299644
0 0.469246212812557 0.9274673008323424 0.02883737908377441 0.12009512485136742
0 0.47700310275597735 0.8085612366230678 0.02646468333637525 0.09631391200951249
0 0.5475451724767293 0.8570154577883472 0.03394780069355722 0.11355529131985731
0 0.6301332359919694 0.9036860879904876 0.033035225406096005 0.12128418549346016
0 0.6915495528381091 0.8293697978596909 0.032487680233619275 0.11652794292508918
0 0.7766928271582405 0.8174791914387634 0.033035225406096005 0.1117717003567182
