0 0.13157894736842105 2.8036437246963564 0.054357204486626405 0.2874493927125506
0 0.6548748921484038 3.0728744939271255 0.03278688524590164 0.1700404858299595
0 0.7204486626402071 3.123481781376518 0.03796376186367558 0.18218623481781376
0 0.7446074201898188 3.431174089068826 0.029335634167385678 0.15789473684210525
0 0.8054357204486626 3.08502024291498 0.03364969801553063 0.17813765182186234
0 0.7812769628990509 3.1153846153846154 0.025021570319240724 0.12550607287449392
0 0.5250215703192407 3.3947368421052633 0.057808455565142365 0.5303643724696356
0 0.5375323554788611 3.1578947368421053 0.012079378774805867 0.06477732793522267
0 0.06341673856773081 3.07085020242915 0.028472821397756688 0.13360323886639677
0 0.9037963761863675 3.3360323886639676 0.026747195858498704 0.16194331983805668
0 0.9184641932700603 3.3421052631578947 0.01984469370146678 0.10121457489878542
0 0.9706643658326143 3.3461538461538463 0.024158757549611734 0.10121457489878542
0 1.0379637618636757 3.230769230769231 0.022433132010353754 0.1214574898785425
