0 0.2509157509157509 0.20877192982456141 0.014652014652014652 0.031578947368421054
0 0.3250915750915751 0.20701754385964913 0.020146520146520148 0.042105263157894736
0 0.3424908424908425 0.156140350877193 0.018315018315018316 0.03859649122807018
0 0.38278388278388276 0.156140350877193 0.018315018315018316 0.03859649122807018
0 0.42032967032967034 0.13333333333333333 0.020146520146520148 0.042105263157894736
0 0.4633699633699634 0.13333333333333333 0.014652014652014652 0.03508771929824561
0 0.49725274725274726 0.13333333333333333 0.016483516483516484 0.03508771929824561
0 0.521978021978022 0.11754385964912281 0.018315018315018316 0.03859649122807018
0 0.532051282051282 0.1631578947368421 0.020146520146520148 0.03859649122807018
0 0.5741758241758241 0.10175438596491228 0.020146520146520148 0.042105263157894736
0 0.5961538461538461 0.12631578947368421 0.016483516483516484 0.042105263157894736
0 0.6410256410256411 0.10526315789473684 0.018315018315018316 0.04912280701754386
0 0.6904761904761905 -0.031578947368421054 0.02197802197802198 0.03508771929824561
0 0.760989010989011 -0.04035087719298246 0.020146520146520148 0.03859649122807018
0 0.804945054945055 -0.042105263157894736 0.020146520146520148 0.03508771929824561
0 0.8424908424908425 -0.02982456140350877 0.02197802197802198 0.0456140350877193
0 0.8617216117216118 0.042105263157894736 0.04945054945054945 0.2736842105263158
0 0.9111721611721612 0.043859649122807015 0.020146520146520148 0.0456140350877193
0 0.9862637362637363 0.02631578947368421 0.023809523809523808 0.05263157894736842
0 1.0402930402930404 0.03684210526315789 0.02564102564102564 0.0456140350877193
0 0.5009157509157509 0.2649122807017544 0.027472527472527472 0.05964912280701754
0 0.38644688644688646 0.3684210526315789 0.03296703296703297 0.06315789473684211
0 0.4478021978021978 0.3929824561403509 0.038461538461538464 0.07017543859649122
0 0.4432234432234432 0.4666666666666667 0.03663003663003663 0.08421052631578947
0 0.51007326007326 0.47543859649122805 0.04212454212454213 0.09473684210526316
0 0.6034798534798534 0.44912280701754387 0.038461538461538464 0.0912280701754386
0 0.6437728937728938 0.3350877192982456 0.045787545787545784 0.08070175438596491
0 0.6327838827838828 0.23157894736842105 0.027472527472527472 0.06315789473684211
0 0.684981684981685 0.24035087719298245 0.029304029304029304 0.06666666666666667
0 0.75 0.22982456140350876 0.031135531135531136 0.05964912280701754
0 0.8141025641025641 0.2649122807017544 0.031135531135531136 0.08070175438596491
0 0.8067765567765568 0.22105263157894736 0.027472527472527472 0.06315789473684211
0 0.9065934065934066 0.21929824561403508 0.03296703296703297 0.06666666666666667
0 0.7362637362637363 0.3350877192982456 0.040293040293040296 0.08070175438596491
0 0.7426739926739927 0.41228070175438597 0.045787545787545784 0.08771929824561403
0 0.8553113553113553 0.8315789473684211 0.07326007326007326 0.14736842105263157
0 0.6575091575091575 0.7421052631578947 0.06593406593406594 0.12982456140350876
0 0.565018315018315 0.6929824561403509 0.056776556776556776 0.11578947368421053
0 0.3891941391941392 0.7789473684210526 0.056776556776556776 0.11929824561403508
0 0.2976190476190476 0.7508771929824561 0.06043956043956044 0.12631578947368421
0 0.2206959706959707 0.7263157894736842 0.04945054945054945 0.10526315789473684
0 0.23443223443223443 0.4017543859649123 0.03296703296703297 0.06666666666666667
0 0.2573260073260073 0.5157894736842106 0.038461538461538464 0.07017543859649122
0 0.2206959706959707 0.519298245614035 0.038461538461538464 0.07017543859649122
0 0.19139194139194138 0.6929824561403509 0.04212454212454213 0.10877192982456141
0 0.0815018315018315 0.41578947368421054 0.031135531135531136 0.06666666666666667
0 0.12087912087912088 0.5526315789473685 0.03663003663003663 0.08070175438596491
0 0.08333333333333333 0.5666666666666667 0.04212454212454213 0.08070175438596491
0 0.12728937728937728 0.712280701754386 0.05311355311355311 0.08421052631578947
0 0.07783882783882784 0.6789473684210526 0.04945054945054945 0.10175438596491228
