0 0.17690875232774675 0.9256505576208178 0.0446927374301676 0.11895910780669144
0 0.29608938547486036 0.9200743494423792 0.048417132216014895 0.12267657992565056
0 0.409683426443203 0.9256505576208178 0.0446927374301676 0.13382899628252787
0 0.5260707635009311 0.9479553903345725 0.05027932960893855 0.11895910780669144
0 0.6201117318435754 0.966542750929368 0.040968342644320296 0.11152416356877323
0 0.7132216014897579 0.8940520446096655 0.0446927374301676 0.12267657992565056
0 0.7858472998137802 0.9014869888475836 0.048417132216014895 0.11524163568773234
0 0.6769087523277467 0.8048327137546468 0.05027932960893855 0.12267657992565056
0 0.5800744878957169 0.8364312267657993 0.04283054003724395 0.11895910780669144
0 0.49813780260707635 0.7843866171003717 0.04283054003724395 0.11152416356877323
0 0.3770949720670391 0.7527881040892194 0.04283054003724395 0.10780669144981413
0 0.25139664804469275 0.7732342007434945 0.0446927374301676 0.11152416356877323
0 0.13500931098696461 0.8048327137546468 0.04655493482309125 0.11524163568773234
0 0.07914338919925512 0.5576208178438662 0.04655493482309125 0.11895910780669144
0 0.21135940409683426 0.5910780669144982 0.04655493482309125 0.11895910780669144
0 0.30819366852886404 0.6301115241635687 0.04283054003724395 0.11524163568773234
0 0.4134078212290503 0.6672862453531598 0.037243947858473 0.10037174721189591
0 0.49906890130353815 0.6431226765799256 0.040968342644320296 0.11152416356877323
0 0.5791433891992551 0.587360594795539 0.040968342644320296 0.11152416356877323
0 0.6731843575418994 0.5539033457249071 0.04655493482309125 0.11895910780669144
0 0.7243947858472998 0.4256505576208178 0.0446927374301676 0.10037174721189591
0 0.6135940409683427 0.4721189591078067 0.04283054003724395 0.09665427509293681
0 0.49441340782122906 0.49070631970260226 0.03910614525139665 0.10408921933085502
0 0.41899441340782123 0.4944237918215613 0.040968342644320296 0.10408921933085502
0 0.33798882681564246 0.5074349442379182 0.04283054003724395 0.10037174721189591
0 0.25232774674115455 0.5037174721189591 0.03910614525139665 0.10037174721189591
0 0.16759776536312848 0.45539033457249073 0.0446927374301676 0.10780669144981413
0 0.08472998137802606 0.44981412639405205 0.04283054003724395 0.10408921933085502
0 0.7262569832402235 0.3252788104089219 0.048417132216014895 0.10037174721189591
0 0.6145251396648045 0.34944237918215615 0.037243947858473 0.09665427509293681
0 0.521415270018622 0.34944237918215615 0.037243947858473 0.09665427509293681
0 0.4227188081936685 0.31970260223048325 0.040968342644320296 0.10408921933085502
0 0.33426443202979517 0.31226765799256506 0.03910614525139665 0.10408921933085502
0 0.2635009310986965 0.24721189591078066 0.04283054003724395 0.10037174721189591
0 0.1685288640595903 0.22862453531598512 0.03910614525139665 0.09293680297397769
0 0.351024208566108 0.2527881040892193 0.03910614525139665 0.09665427509293681
0 0.4106145251396648 0.23048327137546468 0.035381750465549346 0.08178438661710037
0 0.4934823091247672 0.29182156133828996 0.040968342644320296 0.10037174721189591
0 0.5791433891992551 0.275092936802974 0.037243947858473 0.09665427509293681
0 0.6620111731843575 0.28066914498141265 0.035381750465549346 0.10037174721189591
0 0.7374301675977654 0.20631970260223048 0.037243947858473 0.10037174721189591
0 0.6424581005586593 0.1970260223048327 0.0335195530726257 0.08178438661710037
0 0.5512104283054003 0.18773234200743494 0.040968342644320296 0.10037174721189591
0 0.7122905027932961 0.1449814126394052 0.03910614525139665 0.08921933085501858
0 0.5884543761638734 0.07434944237918216 0.037243947858473 0.08178438661710037
0 0.49813780260707635 0.10594795539033457 0.03910614525139665 0.10037174721189591
0 0.37057728119180633 0.14684014869888476 0.0335195530726257 0.08550185873605948
0 0.3016759776536313 0.10780669144981413 0.0335195530726257 0.08178438661710037
0 0.2132216014897579 0.09479553903345725 0.03910614525139665 0.10037174721189591
0 0.5567970204841713 0.7397769516728625 0.0446927374301676 0.11152416356877323
0 0.6992551210428305 0.6821561338289963 0.04655493482309125 0.10780669144981413
