0 0.35843373493975905 1.634020618556701 0.09437751004016064 0.6082474226804123
0 0.5020080321285141 1.711340206185567 0.08835341365461848 0.5567010309278351
0 0.6586345381526104 1.7835051546391754 0.07630522088353414 0.5567010309278351
0 0.7299196787148594 2.051546391752577 0.0783132530120482 0.5567010309278351
0 0.7941767068273092 1.7731958762886597 0.0823293172690763 0.5360824742268041
0 0.8995983935742972 1.9845360824742269 0.08433734939759036 0.5670103092783505
0 0.9779116465863453 1.7783505154639174 0.07630522088353414 0.5051546391752577
0 1.0602409638554218 1.768041237113402 0.08433734939759036 0.5257731958762887
0 1.1636546184738956 1.8350515463917525 0.07429718875502007 0.5360824742268041
0 1.2710843373493976 1.7268041237113403 0.08032128514056225 0.5257731958762887
