0 0.30202140309155767 0.5356648199445984 0.06658739595719382 0.13781163434903046
0 -0.006936187078874356 0.20914127423822715 0.07253269916765755 0.1634349030470914
0 0.9094332144272691 0.2593490304709141 0.04082441537851764 0.0685595567867036
0 0.816884661117717 0.24272853185595566 0.030915576694411414 0.06440443213296398
0 0.9357907253269917 0.10872576177285319 0.04201347602061038 0.08587257617728532
0 0.8483947681331748 0.13365650969529086 0.05033690051525961 0.06925207756232687
0 0.832738803012287 0.05159279778393352 0.051525961157352355 0.08795013850415513
0 0.7534680935394372 0.09868421052631579 0.0356718192627824 0.06301939058171745
0 0.718192627824019 0.07202216066481995 0.04518430439952437 0.08033240997229917
0 0.5681728101466508 0.07617728531855955 0.04003170828378914 0.07202216066481995
0 0.5544986127625843 -0.007271468144044321 0.02933016250495442 0.05193905817174515
0 0.5235830360681728 -0.031163434903047092 0.03170828378913991 0.05955678670360111
0 0.41874752279032895 0.007271468144044321 0.028141101862861673 0.05055401662049862
0 0.37177962742766546 -0.0695983379501385 0.019817677368212445 0.036703601108033244
0 0.30083234244946494 -0.018698060941828253 0.016646848989298454 0.03185595567867036
0 0.2439556084026952 0.08102493074792244 0.06302021403091558 0.16204986149584488
