0 0.021585557299843013 0.567910447761194 0.03218210361067504 0.049253731343283584
0 0.03885400313971742 0.5514925373134328 0.019623233908948195 0.04328358208955224
0 0.06907378335949764 0.5701492537313433 0.018838304552590265 0.03582089552238806
0 0.10989010989010989 0.5328358208955224 0.023547880690737835 0.041791044776119404
0 0.14795918367346939 0.5626865671641791 0.02433281004709576 0.04776119402985075
0 0.18956043956043955 0.5261194029850746 0.038461538461538464 0.07313432835820896
0 0.21389324960753534 0.5529850746268656 0.02433281004709576 0.05223880597014925
0 0.2358712715855573 0.5746268656716418 0.016483516483516484 0.03283582089552239
0 0.26805337519623235 0.5656716417910448 0.013343799058084773 0.03283582089552239
0 0.24411302982731553 0.5477611940298508 0.015698587127158554 0.029850746268656716
0 0.2735478806907378 0.5529850746268656 0.01020408163265306 0.022388059701492536
0 0.29199372056514916 0.564179104477612 0.009419152276295133 0.020895522388059702
0 0.3159340659340659 0.5880597014925373 0.01805337519623234 0.03880597014925373
0 0.31711145996860285 0.5537313432835821 0.0141287284144427 0.029850746268656716
0 0.32731554160125587 0.5671641791044776 0.0141287284144427 0.029850746268656716
0 0.3489010989010989 0.5656716417910448 0.014913657770800628 0.03283582089552239
0 0.3626373626373626 0.591044776119403 0.01726844583987441 0.03880597014925373
0 0.37441130298273156 0.6194029850746269 0.03296703296703297 0.07761194029850746
0 0.38226059654631084 0.5537313432835821 0.015698587127158554 0.029850746268656716
0 0.413265306122449 0.5537313432835821 0.022762951334379906 0.041791044776119404
0 0.4427001569858713 0.5671641791044776 0.02197802197802198 0.041791044776119404
0 0.49686028257456827 0.5761194029850746 0.023547880690737835 0.04477611940298507
0 0.5266875981161695 0.5611940298507463 0.02197802197802198 0.03880597014925373
0 0.5569073783359497 0.5447761194029851 0.03532182103610675 0.07164179104477612
0 0.5985086342229199 0.5671641791044776 0.01805337519623234 0.03582089552238806
0 0.6291208791208791 0.5716417910447761 0.030612244897959183 0.07462686567164178
0 0.6758241758241759 0.5671641791044776 0.02511773940345369 0.05373134328358209
0 0.7060439560439561 0.582089552238806 0.01805337519623234 0.03283582089552239
0 0.7331240188383046 0.5835820895522388 0.015698587127158554 0.03283582089552239
0 0.7554945054945055 0.5761194029850746 0.02119309262166405 0.04776119402985075
0 0.7872841444270016 0.5850746268656717 0.015698587127158554 0.029850746268656716
0 0.8108320251177394 0.5649253731343283 0.02040816326530612 0.04029850746268657
0 0.8292778649921507 0.558955223880597 0.016483516483516484 0.034328358208955224
0 0.8528257456828885 0.5843283582089552 0.022762951334379906 0.04626865671641791
0 0.8857927786499215 0.5761194029850746 0.011773940345368918 0.023880597014925373
0 0.9093406593406593 0.564179104477612 0.02119309262166405 0.03582089552238806
0 0.9281789638932496 0.5708955223880597 0.016483516483516484 0.03731343283582089
0 0.9646781789638933 0.5955223880597015 0.0282574568288854 0.04776119402985075
