0 0.5775948103792415 0.58006993006993 0.05039920159680639 0.08041958041958042
0 0.46781437125748504 0.4846153846153846 0.04141716566866267 0.06153846153846154
0 0.3393213572854291 0.45664335664335665 0.03992015968063872 0.05454545454545454
0 0.4134231536926148 0.40174825174825174 0.045409181636726546 0.07202797202797202
0 0.23328343313373254 0.41188811188811186 0.04341317365269461 0.06013986013986014
0 0.12599800399201597 0.37447552447552446 0.04740518962075848 0.05384615384615385
0 0.09031936127744511 0.436013986013986 0.059880239520958084 0.06363636363636363
0 0.563872255489022 0.4444055944055944 0.04590818363273453 0.06503496503496503
0 0.47754491017964074 0.40174825174825174 0.043912175648702596 0.06363636363636363
0 0.6699101796407185 0.43111888111888114 0.04241516966067864 0.06083916083916084
0 0.7015968063872255 0.3657342657342657 0.03493013972055888 0.05874125874125874
0 0.8849800399201597 0.3748251748251748 0.03942115768463074 0.06853146853146853
0 0.9446107784431138 0.42272727272727273 0.04790419161676647 0.08041958041958042
0 0.6072854291417166 0.37202797202797205 0.03493013972055888 0.05454545454545454
0 0.7360279441117764 0.31783216783216783 0.036926147704590816 0.05944055944055944
0 0.2904191616766467 0.3167832167832168 0.041916167664670656 0.06153846153846154
0 0.7020958083832335 0.6104895104895105 0.04590818363273453 0.07972027972027972
0 0.7310379241516967 0.5454545454545454 0.05688622754491018 0.07832167832167833
0 0.8363273453093812 0.551048951048951 0.03792415169660679 0.06153846153846154
0 0.9126746506986028 0.48286713286713284 0.05189620758483034 0.07482517482517483
0 0.8627744510978044 0.666083916083916 0.1187624750499002 0.4244755244755245
0 0.8198602794411177 0.46573426573426574 0.04091816367265469 0.06853146853146853
0 0.748003992015968 0.28706293706293706 0.038922155688622756 0.06363636363636363
0 0.01621756487025948 0.3902097902097902 0.04241516966067864 0.06713286713286713
0 0.03293413173652695 0.4489510489510489 0.043912175648702596 0.06573426573426573
0 0.056387225548902194 0.38076923076923075 0.038922155688622756 0.04685314685314685
0 0.051646706586826345 0.33426573426573425 0.040419161676646706 0.05174825174825175
0 0.05588822355289421 0.3793706293706294 0.03992015968063872 0.04825174825174825
0 0.09406187624750499 0.5066433566433567 0.04940119760479042 0.06923076923076923
0 0.09880239520958084 0.583916083916084 0.06287425149700598 0.07412587412587412
0 0.13198602794411177 0.8055944055944056 0.12724550898203593 0.386013986013986
0 0.250998003992016 0.6692307692307692 0.04790419161676647 0.07412587412587412
0 0.2994011976047904 0.7 0.05588822355289421 0.07132867132867132
0 0.18937125748502995 0.45944055944055945 0.05039920159680639 0.05874125874125874
0 0.2587325349301397 0.48846153846153845 0.03942115768463074 0.05804195804195804
0 0.2662175648702595 0.5538461538461539 0.04740518962075848 0.07132867132867132
0 0.3944610778443114 0.6611888111888112 0.05239520958083832 0.07762237762237763
0 0.39471057884231536 0.7290209790209791 0.12375249500998003 0.4006993006993007
0 0.469810379241517 0.6524475524475525 0.03842315369261477 0.05874125874125874
0 0.7579840319361277 0.7034965034965035 0.06487025948103792 0.0965034965034965
0 0.2921656686626746 0.3688811188811189 0.04341317365269461 0.056643356643356645
0 0.2906686626746507 0.3688811188811189 0.040419161676646706 0.056643356643356645
0 0.529441117764471 0.3769230769230769 0.03592814371257485 0.04895104895104895
0 0.28892215568862273 0.5318181818181819 0.08782435129740519 0.2664335664335664
0 0.16167664670658682 0.5321678321678321 0.04291417165668663 0.07272727272727272
0 0.17964071856287425 0.49895104895104897 0.041916167664670656 0.05804195804195804
0 0.9423652694610778 0.7104895104895105 0.10528942115768464 0.3832167832167832
