0 0.013322231473771857 0.4008746355685131 0.02164862614487927 0.04664723032069971
0 0.02997502081598668 0.48323615160349853 0.019983347210657785 0.03935860058309038
0 0.0720233139050791 0.35932944606413997 0.027477102414654453 0.04518950437317784
0 0.10616153205661949 0.3943148688046647 0.059117402164862616 0.12099125364431487
0 0.1819317235636969 0.39868804664723034 0.012489592006661115 0.021865889212827987
0 0.2289758534554538 0.42784256559766765 0.011656952539550375 0.027696793002915453
0 0.25770191507077433 0.39067055393586003 0.017485428809325562 0.04081632653061224
0 0.27352206494587844 0.4037900874635568 0.025811823480432972 0.052478134110787174
0 0.3547044129891757 0.39868804664723034 0.04995836802664446 0.1151603498542274
0 0.4096586178184846 0.4067055393586006 0.02497918401332223 0.05539358600583091
0 0.4521232306411324 0.4139941690962099 0.009991673605328892 0.02040816326530612
0 0.4708576186511241 0.4110787172011662 0.012489592006661115 0.02040816326530612
0 0.5058284762697752 0.3877551020408163 0.019150707743547043 0.04081632653061224
0 0.5453788509575354 0.40816326530612246 0.01665278934221482 0.029154518950437316
0 0.5757701915070774 0.48760932944606417 0.020815986677768527 0.02478134110787172
0 0.5982514571190675 0.40597667638483964 0.014154870940882597 0.030612244897959183
0 0.6486261448792673 0.35276967930029157 0.026644462947543714 0.04956268221574344
0 0.7081598667776853 0.2660349854227405 0.059117402164862616 0.12682215743440234
0 0.7980849292256453 0.3848396501457726 0.022481265611990008 0.043731778425655975
0 0.8430474604496253 0.39723032069970843 0.014154870940882597 0.030612244897959183
0 0.8621981681931724 0.42128279883381925 0.01582014987510408 0.03206997084548105
0 0.8984179850124896 0.413265306122449 0.02331390507910075 0.048104956268221574
0 0.9646128226477935 0.40889212827988336 0.012489592006661115 0.02478134110787172
0 0.5686927560366362 0.4030612244897959 0.01498751040799334 0.02478134110787172
0 0.1115736885928393 0.33309037900874633 0.03996669442131557 0.08017492711370262
0 0.2035803497085762 0.40524781341107874 0.009159034138218152 0.02040816326530612
0 0.21482098251457118 0.413265306122449 0.011656952539550375 0.021865889212827987
0 0.2189841798501249 0.41180758017492713 0.013322231473771857 0.02478134110787172
0 0.40341382181515406 0.37682215743440234 0.020815986677768527 0.03644314868804665
0 0.4954204829308909 0.4176384839650146 0.01498751040799334 0.033527696793002916
0 0.9587843463780183 0.3935860058309038 0.009159034138218152 0.02040816326530612
0 0.9358867610324729 0.3979591836734694 0.006661115736885929 0.014577259475218658
0 0.9866777685262281 0.3892128279883382 0.009991673605328892 0.02040816326530612
