0 0.007899934167215274 1.545643153526971 0.06319947333772219 0.5103734439834025
0 0.14088215931533904 1.16597510373444 0.05924950625411455 0.43983402489626555
0 0.9440421329822252 1.446058091286307 0.06451612903225806 0.3775933609958506
0 0.9387755102040817 1.2240663900414939 0.04608294930875576 0.2821576763485477
0 0.738973008558262 1.5726141078838174 0.05200789993416721 0.4315352697095436
0 0.8229098090849243 1.6846473029045643 0.03554970375246873 0.2074688796680498
0 0.7472021066491112 1.1535269709543567 0.031599736668861095 0.2821576763485477
0 0.6942067149440422 1.3506224066390042 0.030941408821593155 0.24481327800829875
0 0.5727452271231073 1.4605809128630705 0.04739960500329164 0.37344398340248963
0 0.5892034233048058 1.3174273858921162 0.03818301514154049 0.31950207468879666
0 0.5210664911125741 1.8195020746887967 0.037524687294272545 0.25311203319502074
0 0.4308755760368664 1.620331950207469 0.038841342988808425 0.3029045643153527
0 0.4598420013166557 1.4087136929460582 0.03357472021066491 0.3112033195020747
0 0.390717577353522 1.2883817427385893 0.030941408821593155 0.2033195020746888
0 0.3176431863067808 1.3132780082987552 0.026991441737985518 0.17012448132780084
0 0.35121790651744567 1.2863070539419088 0.02304147465437788 0.13278008298755187
0 0.24325213956550362 1.2012448132780082 0.016458196181698487 0.11203319502074689
0 0.27419354838709675 1.4979253112033195 0.04937458854509546 0.8630705394190872
0 0.1662277814351547 1.1452282157676348 0.013824884792626729 0.0995850622406639
0 0.055628703094140884 1.1327800829875518 0.012508229098090849 0.0912863070539419
0 0.0793285055957867 1.1825726141078838 0.012508229098090849 0.11618257261410789
0 0.18828176431863067 1.1721991701244814 0.01053324555628703 0.07883817427385892
