0 0.9448777951118045 1.4169254658385093 0.014560582423296931 0.05434782608695652
0 0.905616224648986 1.3082298136645962 0.02236089443577743 0.06677018633540373
0 0.8624544981799271 1.3330745341614907 0.01924076963078523 0.06677018633540373
0 0.8091523660946438 1.2895962732919255 0.014560582423296931 0.05124223602484472
0 0.7415496619864794 1.2763975155279503 0.014560582423296931 0.046583850931677016
0 0.7805512220488819 1.2942546583850931 0.011440457618304731 0.03260869565217391
0 0.7152886115444618 1.279503105590062 0.014040561622464899 0.046583850931677016
0 0.6934477379095164 1.3276397515527951 0.0202808112324493 0.07142857142857142
0 0.9802392095683827 1.2833850931677018 0.0124804992199688 0.03881987577639751
0 0.6874674986999479 1.295031055900621 0.013520540821632865 0.043478260869565216
0 0.6547061882475299 1.2779503105590062 0.014560582423296931 0.059006211180124224
0 0.6289651586063443 1.2880434782608696 0.015080603224128965 0.04813664596273292
0 0.607904316172647 1.279503105590062 0.013520540821632865 0.043478260869565216
0 0.5676027041081644 1.2826086956521738 0.014040561622464899 0.037267080745341616
0 0.5514820592823713 1.2670807453416149 0.013000520020800831 0.037267080745341616
0 0.5416016640665626 1.2717391304347827 0.011960478419136765 0.040372670807453416
0 0.48959958398335934 1.2670807453416149 0.015080603224128965 0.043478260869565216
0 0.5174206968278731 1.4487577639751552 0.016640665626625067 0.062111801242236024
0 0.4448777951118045 1.3043478260869565 0.0202808112324493 0.062111801242236024
0 0.4108164326573063 1.2748447204968945 0.016640665626625067 0.059006211180124224
0 0.43993759750390016 1.450310559006211 0.0249609984399376 0.09937888198757763
0 0.46931877275091005 1.3881987577639752 0.024440977639105563 0.09316770186335403
0 0.38143525741029644 1.3159937888198758 0.011960478419136765 0.04192546583850932
0 0.3450338013520541 1.2624223602484472 0.015080603224128965 0.055900621118012424
0 0.36037441497659906 1.2709627329192548 0.014560582423296931 0.05124223602484472
0 0.33099323972958916 1.3245341614906831 0.013000520020800831 0.043478260869565216
0 0.3086323452938117 1.31444099378882 0.013000520020800831 0.04192546583850932
0 0.2714508580343214 1.3330745341614907 0.0187207488299532 0.07608695652173914
0 0.26781071242849713 1.2872670807453417 0.0124804992199688 0.043478260869565216
0 0.23712948517940718 1.2934782608695652 0.011440457618304731 0.043478260869565216
0 0.20384815392615704 1.3796583850931676 0.015600624024960999 0.05745341614906832
0 0.1999479979199168 1.31444099378882 0.018200728029121163 0.06677018633540373
0 0.17550702028081122 1.2981366459627328 0.015080603224128965 0.052795031055900624
0 0.1453458138325533 1.3020186335403727 0.011960478419136765 0.04503105590062112
0 0.10816432657306292 1.326086956521739 0.02080083203328133 0.07142857142857142
0 0.0873634945397816 1.296583850931677 0.014560582423296931 0.046583850931677016
0 0.05122204888195528 1.2554347826086956 0.008840353614144566 0.029503105590062112
0 0.04004160166406656 1.2468944099378882 0.007280291211648466 0.024844720496894408
0 0.07280291211648465 1.2523291925465838 0.007280291211648466 0.026397515527950312
0 0.06370254810192408 1.2531055900621118 0.0046801872074883 0.015527950310559006
0 0.013520540821632865 1.295807453416149 0.015600624024960999 0.06055900621118013
0 0.8476339053562143 1.2701863354037266 0.010400416016640665 0.034161490683229816
0 0.16640665626625065 1.2911490683229814 0.011440457618304731 0.04192546583850932
0 0.13260530421216848 1.2562111801242235 0.0093603744149766 0.027950310559006212
0 0.10088403536141445 1.2942546583850931 0.015600624024960999 0.05745341614906832
0 0.3049921996879875 1.2756211180124224 0.0109204368174727 0.03881987577639751
0 0.47425897035881437 1.279503105590062 0.007280291211648466 0.034161490683229816
0 0.5951638065522621 1.2973602484472049 0.011960478419136765 0.03881987577639751
0 0.8619344773790951 1.2841614906832297 0.014040561622464899 0.043478260869565216
0 0.8304732189287571 1.2888198757763976 0.0124804992199688 0.043478260869565216
0 0.889755590223609 1.312111801242236 0.02080083203328133 0.06832298136645963
0 0.952938117524701 1.3035714285714286 0.011960478419136765 0.04503105590062112
