0 0.053455863318664254 2.0906474820143885 0.03960652342738804 0.28776978417266186
0 0.04543101216670981 1.9143884892086331 0.03753559409785141 0.22302158273381295
0 0.12891535076365518 1.9964028776978417 0.0352057986021227 0.23453237410071942
0 0.10509966347398395 1.8187050359712231 0.032617136940201914 0.218705035971223
0 0.1760289930106135 1.8007194244604317 0.034170333937354386 0.21726618705035972
0 0.20204504271291743 2.0136690647482016 0.03857105876261972 0.2517985611510791
0 0.21848304426611442 2.0712230215827336 0.034170333937354386 0.24316546762589927
0 0.2930365001294331 1.9201438848920864 0.033134869272586076 0.23453237410071942
0 0.2530416774527569 1.9733812949640288 0.034946932435930625 0.22589928057553957
0 0.230261454827854 1.9258992805755395 0.026145482785399948 0.19424460431654678
0 0.24851151954439554 1.7546762589928058 0.03002847527828113 0.1856115107913669
0 0.3375614807144706 1.8992805755395683 0.02640434895159203 0.19280575539568345
0 0.3525757183536112 2.01726618705036 0.0315816722754336 0.22446043165467625
0 0.3806626973854517 2.3553956834532372 0.040641988092156356 0.2733812949640288
0 0.4566399171628268 2.3280575539568344 0.03468806626973855 0.27913669064748203
0 0.48382086461299506 1.8964028776978417 0.032617136940201914 0.21007194244604316
0 0.4197514884804556 1.8446043165467625 0.033393735438778153 0.2302158273381295
0 0.3772974372249547 1.976978417266187 0.026663215117784106 0.2014388489208633
0 0.39994822676676156 1.8517985611510792 0.02588661661920787 0.18992805755395684
0 0.4601346104064199 1.837410071942446 0.025110018120631634 0.19568345323741007
0 0.5429717835878851 1.9899280575539569 0.026663215117784106 0.24172661870503598
0 0.5753300543618949 1.8748201438848922 0.028734144447320736 0.19568345323741007
0 0.6180429717835879 1.9172661870503598 0.033393735438778153 0.2633093525179856
0 0.5648459746311157 2.2007194244604316 0.028475278281128655 0.2633093525179856
0 0.6074294589697127 2.3489208633093526 0.034946932435930625 0.26906474820143883
0 0.6922081283976185 2.4762589928057555 0.03624126326689102 0.2762589928057554
0 0.6958322547243075 1.960431654676259 0.0352057986021227 0.24316546762589927
0 0.6588143929588403 2.00431654676259 0.03572353093450686 0.2503597122302158
0 0.7639140564328243 1.9280575539568345 0.036758995599275174 0.2446043165467626
0 0.8212529122443697 2.0201438848920863 0.043230649754077144 0.29640287769784174
0 0.8250064716541547 2.518705035971223 0.042454051255500905 0.28633093525179854
0 0.9033134869272587 2.1568345323741007 0.04271291742169298 0.2935251798561151
0 0.8787212011390111 2.0244604316546764 0.0401242557597722 0.2647482014388489
0 0.9411079471913021 2.041726618705036 0.03701786176546725 0.23884892086330936
0 1.0042712917421692 2.2525179856115107 0.044783846751229615 0.2920863309352518
0 0.9980585037535594 2.064028776978417 0.04530157908361377 0.26618705035971224
