0 0.08609271523178808 0.8092783505154639 0.02869757174392936 0.09965635738831616
0 0.17770419426048564 0.802405498281787 0.02207505518763797 0.0859106529209622
0 0.20805739514348787 0.8075601374570447 0.02097130242825607 0.08247422680412371
0 0.22626931567328917 0.8144329896907216 0.017660044150110375 0.054982817869415807
0 0.2742825607064018 0.7920962199312714 0.012141280353200883 0.037800687285223365
0 0.3129139072847682 0.8178694158075601 0.025386313465783666 0.09621993127147767
0 0.3554083885209713 0.7560137457044673 0.02207505518763797 0.061855670103092786
0 0.3956953642384106 0.8109965635738832 0.018763796909492272 0.061855670103092786
0 0.38962472406181015 0.7903780068728522 0.01545253863134658 0.061855670103092786
0 0.41114790286975716 0.781786941580756 0.01434878587196468 0.05154639175257732
0 0.4409492273730684 0.8109965635738832 0.016556291390728478 0.048109965635738834
0 0.44977924944812364 0.8109965635738832 0.01434878587196468 0.048109965635738834
0 0.47516556291390727 0.7955326460481099 0.016556291390728478 0.05154639175257732
0 0.4878587196467991 0.8161512027491409 0.011037527593818985 0.037800687285223365
0 0.5093818984547461 0.8298969072164949 0.03200883002207505 0.10652920962199312
0 0.5596026490066225 0.7972508591065293 0.017660044150110375 0.06872852233676977
0 0.5778145695364238 0.7955326460481099 0.01434878587196468 0.05154639175257732
0 0.5469094922737306 0.5274914089347079 0.009933774834437087 0.030927835051546393
0 0.6341059602649006 0.8127147766323024 0.01434878587196468 0.044673539518900345
0 0.6517660044150111 0.7989690721649485 0.018763796909492272 0.06529209621993128
0 0.6754966887417219 0.8419243986254296 0.017660044150110375 0.054982817869415807
0 0.6948123620309051 0.8161512027491409 0.009933774834437087 0.044673539518900345
0 0.7052980132450332 0.7027491408934707 0.008830022075055188 0.037800687285223365
0 0.7058498896247241 0.7061855670103093 0.009933774834437087 0.037800687285223365
0 0.7411699779249448 0.7920962199312714 0.025386313465783666 0.0859106529209622
0 0.8007726269315674 0.9278350515463918 0.03200883002207505 0.10996563573883161
0 0.7963576158940397 0.8195876288659794 0.01434878587196468 0.05154639175257732
0 0.8410596026490066 0.7920962199312714 0.008830022075055188 0.030927835051546393
0 0.8647902869757175 0.7903780068728522 0.01434878587196468 0.048109965635738834
0 0.8929359823399559 0.8281786941580757 0.017660044150110375 0.061855670103092786
0 0.9133554083885209 0.8333333333333334 0.016556291390728478 0.05154639175257732
0 0.9508830022075055 0.788659793814433 0.01434878587196468 0.05154639175257732
0 0.9845474613686535 0.7646048109965635 0.01545253863134658 0.05154639175257732
0 1.0022075055187638 0.7955326460481099 0.013245033112582781 0.044673539518900345
0 1.0165562913907285 0.802405498281787 0.013245033112582781 0.044673539518900345
0 1.0629139072847682 0.7783505154639175 0.017660044150110375 0.05154639175257732
0 0.7257174392935982 0.4690721649484536 0.009933774834437087 0.037800687285223365
0 0.7599337748344371 0.09450171821305842 0.009933774834437087 0.037800687285223365
0 0.7207505518763797 0.12027491408934708 0.008830022075055188 0.027491408934707903
0 0.609271523178808 0.00859106529209622 0.006622516556291391 0.01718213058419244
0 0.6258278145695364 -0.00859106529209622 0.006622516556291391 0.01718213058419244
0 0.923289183222958 0.7989690721649485 0.01434878587196468 0.044673539518900345
0 0.3543046357615894 0.802405498281787 0.011037527593818985 0.037800687285223365
