0 0.13473877176901924 1.2282157676348548 0.00916590284142988 0.024896265560165973
0 0.14252978918423465 1.2323651452282158 0.011915673693858845 0.024896265560165973
0 0.28918423464711274 1.3931535269709543 0.013748854262144821 0.035269709543568464
0 0.33593033913840514 1.2468879668049793 0.011915673693858845 0.029045643153526972
0 0.3689275893675527 1.1493775933609958 0.011915673693858845 0.024896265560165973
0 0.536205316223648 1.0653526970954357 0.00916590284142988 0.022821576763485476
0 0.5293308890925756 1.1535269709543567 0.01008249312557287 0.029045643153526972
0 0.5247479376718607 1.2614107883817427 0.011915673693858845 0.03319502074688797
0 0.5054995417048579 1.6535269709543567 0.022914757103574702 0.058091286307053944
0 0.5934922089825848 1.4367219917012448 0.017415215398716773 0.03941908713692946
0 0.5737855178735105 1.062240663900415 0.007332722273143905 0.02074688796680498
0 0.65948670944088 0.8755186721991701 0.00458295142071494 0.012448132780082987
0 0.6787351054078826 0.9024896265560166 0.006416131989000917 0.016597510373443983
0 0.4404216315307058 0.8879668049792531 0.013748854262144821 0.08298755186721991
0 0.2758936755270394 0.8838174273858921 0.005499541704857928 0.012448132780082987
0 0.692025664527956 1.092323651452282 0.007332722273143905 0.01867219917012448
0 1.0187901008249312 1.6566390041493777 0.026581118240146653 0.06431535269709543
