0 0.03967168262653899 1.2212460063897763 0.025991792065663474 0.06869009584664537
0 0.10704514363885088 1.2172523961661341 0.0280437756497948 0.07028753993610223
0 0.1880984952120383 1.2396166134185302 0.023255813953488372 0.0670926517571885
0 0.1511627906976744 1.226038338658147 0.02188782489740082 0.05910543130990415
0 0.25136798905608754 1.1861022364217253 0.021203830369357045 0.052715654952076675
0 0.3450752393980848 1.261182108626198 0.0253077975376197 0.06549520766773163
0 0.29993160054719564 1.2220447284345048 0.023939808481532147 0.06070287539936102
0 0.32694938440492477 1.1749201277955272 0.02051983584131327 0.04952076677316294
0 0.3594391244870041 1.1916932907348243 0.018467852257181942 0.038338658146964855
0 0.35704514363885087 1.3849840255591055 0.02051983584131327 0.04792332268370607
0 0.29958960328317374 1.1972843450479234 0.019151846785225718 0.04313099041533546
0 0.43673050615595077 1.2180511182108626 0.041723666210670314 0.1134185303514377
0 0.4996580027359781 1.2428115015974441 0.029411764705882353 0.07667731629392971
0 0.49008207934336523 1.255591054313099 0.05129958960328317 0.10862619808306709
0 0.5783173734610123 1.2172523961661341 0.01709986320109439 0.04792332268370607
0 0.6217510259917921 1.2228434504792332 0.019151846785225718 0.036741214057507986
0 0.6833105335157319 1.2340255591054312 0.028727770177838577 0.08146964856230032
0 0.698016415868673 1.220447284345048 0.01709986320109439 0.04153354632587859
0 0.6720246238030095 1.1956869009584665 0.01709986320109439 0.04313099041533546
0 0.8348153214774282 1.1956869009584665 0.019835841313269494 0.0463258785942492
0 0.9432284541723667 1.2084664536741214 0.02051983584131327 0.0463258785942492
0 0.9897400820793434 1.1980830670926517 0.024623803009575923 0.0670926517571885
0 0.5222298221614227 1.2252396166134185 0.01573187414500684 0.03514376996805112
