0 0.002387774594078319 0.32722513089005234 0.04680038204393505 0.12041884816753927
0 0.10744985673352435 0.39179755671902267 0.050620821394460364 0.10645724258289703
0 0.19961795606494748 0.5314136125654451 0.038204393505253106 0.10296684118673648
0 0.22349570200573066 0.8586387434554974 0.026743075453677174 0.038394415357766144
0 0.2836676217765043 0.3795811518324607 0.045845272206303724 0.09598603839441536
0 0.4918815663801337 0.3472949389179756 0.05921680993314231 0.12216404886561955
0 0.6232091690544412 0.4354275741710297 0.05635148042024833 0.1099476439790576
0 0.06638013371537727 0.36387434554973824 0.018147086914995225 0.04363001745200698
0 0.16953199617956066 0.3472949389179756 0.02005730659025788 0.038394415357766144
0 0.19340974212034384 0.3568935427574171 0.012416427889207259 0.02617801047120419
0 0.23400191021967526 0.343804537521815 0.011461318051575931 0.02443280977312391
0 0.2507163323782235 0.3682373472949389 0.01623686723973257 0.031413612565445025
0 0.3319006685768863 0.36300174520069806 0.010506208213944603 0.020942408376963352
0 0.36962750716332377 0.36038394415357766 0.021012416427889206 0.04363001745200698
0 0.4154727793696275 0.37085514834205935 0.02865329512893983 0.06108202443280977
0 0.5224450811843362 0.3944153577661431 0.030563514804202482 0.07329842931937172
0 0.5458452722063037 0.3307155322862129 0.027698185291308502 0.0506108202443281
0 0.5778414517669532 0.3647469458987784 0.03247373447946514 0.055846422338568937
0 0.6375358166189111 0.34554973821989526 0.012416427889207259 0.02443280977312391
0 0.6671442215854824 0.3481675392670157 0.01623686723973257 0.03664921465968586
0 0.7148997134670487 0.34205933682373474 0.010506208213944603 0.020942408376963352
0 0.7421203438395415 0.349912739965096 0.009551098376313277 0.019197207678883072
0 0.7688634192932188 0.38045375218150085 0.015281757402101241 0.031413612565445025
0 0.7650429799426934 0.3411867364746946 0.009551098376313277 0.02268760907504363
0 0.7745940783190067 0.35776614310645727 0.013371537726838587 0.02443280977312391
0 0.791308500477555 0.3621291448516579 0.014326647564469915 0.02617801047120419
0 0.6934097421203438 0.39790575916230364 0.03247373447946514 0.07329842931937172
0 0.8190066857688634 0.3944153577661431 0.033428844317096466 0.07678883071553229
0 0.8705826170009551 0.35165794066317624 0.021967526265520534 0.04363001745200698
0 0.8868194842406877 0.34554973821989526 0.012416427889207259 0.02443280977312391
0 0.9207258834765998 0.37347294938917974 0.021012416427889206 0.041884816753926704
0 0.9613180515759312 0.37347294938917974 0.01623686723973257 0.034904013961605584
0 0.956064947468959 0.3699825479930192 0.019102196752626553 0.041884816753926704
