0 0.030534351145038167 2.7126436781609193 0.02544529262086514 0.27586206896551724
0 0.05407124681933842 2.603448275862069 0.013994910941475827 0.1724137931034483
0 0.14122137404580154 2.586206896551724 0.01272264631043257 0.13793103448275862
0 0.20419847328244276 2.7413793103448274 0.013994910941475827 0.14942528735632185
0 0.2436386768447837 2.6551724137931036 0.006361323155216285 0.06896551724137931
0 0.7188295165394402 2.896551724137931 0.010178117048346057 0.11494252873563218
0 0.7385496183206107 2.9022988505747125 0.008905852417302799 0.10344827586206896
0 0.8600508905852418 2.925287356321839 0.017811704834605598 0.14942528735632185
0 0.8950381679389313 2.9310344827586206 0.01653944020356234 0.16091954022988506
0 0.8937659033078881 2.9022988505747125 0.013994910941475827 0.12643678160919541
0 0.9853689567430025 3.028735632183908 0.021628498727735368 0.1724137931034483
