0 0.3542825361512792 0.857421875 0.0389321468298109 0.17578125
0 0.4838709677419355 0.869140625 0.04004449388209121 0.17578125
0 0.5845383759733037 1.205078125 0.04560622914349277 0.18359375
0 0.5995550611790879 0.806640625 0.05116796440489433 0.22265625
0 0.7814238042269188 1.37109375 0.08342602892102335 0.328125
0 0.7880978865406006 0.90625 0.034482758620689655 0.1484375
0 0.874860956618465 0.998046875 0.05005561735261402 0.23046875
0 1.0116796440489433 0.921875 0.067853170189099 0.3046875
0 1.1201334816462736 0.6796875 0.07563959955506118 0.2890625
0 1.2780867630700778 1.16015625 0.11345939933259176 0.3984375
