0 0.3436220730309481 0.2679549114331723 0.011953495988210251 0.02576489533011272
0 0.36032421811036514 0.264573268921095 0.009333551662027182 0.02608695652173913
0 0.3688390371704601 0.2605475040257649 0.012280989028983134 0.028985507246376812
0 0.3852136892091043 0.2466988727858293 0.00736859341738988 0.021256038647342997
0 0.42852464385131817 0.25217391304347825 0.0072048468970034385 0.017391304347826087
0 0.4435893237268708 0.26618357487922706 0.01015228426395939 0.024154589371980676
0 0.46143769444899296 0.2718196457326892 0.015392172916325528 0.03735909822866344
0 0.48542655968560666 0.2471819645732689 0.0040936630096610445 0.012560386473429951
0 0.5190764696250205 0.2466988727858293 0.008514819060094972 0.02254428341384863
0 0.5476502374324546 0.27004830917874395 0.010643523825118717 0.01964573268921095
0 0.30849844440805635 0.2885668276972625 0.013427214671688227 0.02962962962962963
0 0.3190600949729818 0.2822866344605475 0.0129359751105289 0.03188405797101449
0 0.3430489602095955 0.3041867954911433 0.01277222859014246 0.037037037037037035
0 0.34493204519403964 0.29307568438003223 0.0129359751105289 0.028341384863123993
0 0.3516456525298837 0.2834138486312399 0.011298509906664483 0.02576489533011272
0 0.36589159980350416 0.32592592592592595 0.019485835925986572 0.05152979066022544
0 0.4003602423448502 0.2990338164251208 0.015064679875552645 0.037037037037037035
0 0.411413132470935 0.28840579710144926 0.01555591943671197 0.03188405797101449
0 0.4346651383658097 0.2843800322061192 0.015883412477484853 0.04251207729468599
0 0.4344195185852301 0.3296296296296296 0.016374652038644178 0.0428341384863124
0 0.44891108563943016 0.3399355877616747 0.02374324545603406 0.06344605475040258
0 0.4933682659243491 0.28760064412238323 0.016374652038644178 0.0392914653784219
0 0.5092516784018339 0.30515297906602257 0.01015228426395939 0.023510466988727857
0 0.4863271655477321 0.3252818035426731 0.023579498935647616 0.053462157809983896
0 0.5078598329785492 0.34766505636070855 0.02996561323071885 0.06215780998389694
0 0.574504666775831 0.2851851851851852 0.013590961192074669 0.032528180354267314
0 0.5393810381529393 0.30289855072463767 0.017684624201735714 0.035748792270531404
0 0.5855575569019158 0.3135265700483092 0.01932208940560013 0.040257648953301126
0 0.6117570001637466 0.29436392914653786 0.015064679875552645 0.03285024154589372
0 0.5636155231701326 0.3223832528180354 0.01833961028328148 0.04508856682769726
0 0.5388079253315867 0.328341384863124 0.01915834288521369 0.05314009661835749
0 0.6171606353364991 0.33011272141706927 0.01932208940560013 0.04830917874396135
0 0.630096610447028 0.3328502415458937 0.023906991976420502 0.060225442834138485
0 0.6762731291960046 0.3600644122383253 0.024234485017193386 0.05925925925925926
0 0.3099721630915343 0.32592592592592595 0.026526936302603568 0.057971014492753624
0 0.33166857704273783 0.36666666666666664 0.025053217619125594 0.07181964573268922
0 0.3566399214016702 0.3610305958132045 0.02554445718028492 0.06312399355877617
0 0.39012608482069755 0.3539452495974235 0.027673161945308663 0.07471819645732689
0 0.4097756672670706 0.3468599033816425 0.020468315048305225 0.04766505636070854
0 0.3726870803995415 0.40869565217391307 0.033731783199607006 0.07987117552334944
0 0.4302439823153758 0.39146537842190016 0.03422302276076633 0.09114331723027375
0 0.4587358768626167 0.39146537842190016 0.024070738496806944 0.07117552334943639
0 0.5267725560831832 0.3814814814814815 0.02750941542492222 0.06859903381642513
0 0.5601768462420174 0.3634460547504026 0.023579498935647616 0.057004830917874394
0 0.604879646307516 0.3640901771336554 0.026526936302603568 0.07568438003220612
0 0.6896184706074996 0.39146537842190016 0.027018175863762896 0.06215780998389694
0 -0.028164401506467988 0.4956521739130435 0.035041755362698546 0.06570048309178744
0 0.05968560668085803 0.428341384863124 0.04404781398395284 0.09210950080515298
0 0.11707876207630588 0.47278582930756846 0.042574095300474867 0.10305958132045089
0 0.137874570165384 0.42254428341384864 0.030784345832651057 0.07793880837359098
0 0.1901097101686589 0.3272141706924316 0.037989192729654495 0.0927536231884058
0 0.1978876698870149 0.44750402576489534 0.03848043229081382 0.08148148148148149
0 0.27050925167840184 0.5083735909822866 0.03471426232192566 0.08792270531400966
0 0.22940887506140495 0.38389694041867956 0.03471426232192566 0.08631239935587762
0 0.21819223841493368 0.35104669887278583 0.02734566890453578 0.06054750402576489
0 0.2210578025216964 0.293719806763285 0.026854429343376455 0.05281803542673108
0 0.2841002128704765 0.3003220611916264 0.022597019813328966 0.05249597423510467
0 0.2649418699852628 0.2853462157809984 0.019649582446373014 0.05088566827697263
0 0.28786638283936467 0.34718196457326894 0.02554445718028492 0.06376811594202898
0 0.2903225806451613 0.41867954911433175 0.03569674144424431 0.09017713365539452
0 0.36179793679384314 0.4864734299516908 0.035860487964630754 0.10595813204508857
0 0.47658424758473883 0.45362318840579713 0.02832814802685443 0.09049919484702093
0 0.556328803012936 0.44186795491143316 0.03422302276076633 0.07729468599033816
0 0.5321761912559358 0.5088566827697263 0.0419191092189291 0.1107890499194847
0 0.6025053217619125 0.4890499194847021 0.048960209595546096 0.12334943639291465
0 0.6309153430489602 0.45458937198067634 0.026854429343376455 0.07246376811594203
0 0.6571147863107909 0.4677938808373591 0.03209431799574259 0.07890499194847021
0 0.6838054691337809 0.5143317230273752 0.05010643523825119 0.12045088566827697
0 0.7197478303586049 0.4623188405797101 0.02996561323071885 0.0750402576489533
0 0.7582282626494187 0.5024154589371981 0.04470280006549861 0.09790660225442833
0 0.7126248567217947 0.3061191626409018 0.02030456852791878 0.043478260869565216
0 0.7824627476666121 0.3389694041867955 0.018830849844440806 0.040257648953301126
0 0.767234321270673 0.3822866344605475 0.03422302276076633 0.07471819645732689
0 0.7889307352218765 0.5041867954911433 0.03766169968888161 0.09178743961352658
0 0.7945799901752088 0.4297906602254428 0.04044539053545112 0.08148148148148149
0 0.8440314393319142 0.46344605475040257 0.028983134108400196 0.07342995169082125
0 0.8708039954150975 0.4666666666666667 0.050761421319796954 0.09919484702093398
0 0.7827083674471917 0.6152979066022545 0.06124119862452923 0.14202898550724638
0 0.8921729163255281 0.5491143317230274 0.05813001473718683 0.11400966183574879
0 0.9272965449484198 0.6431561996779388 0.05403635172752579 0.1359098228663446
