0 1.150730411686587 0.8776371308016878 0.057104913678618856 0.20253164556962025
0 1.0737051792828685 1.0759493670886076 0.049136786188579015 0.18565400843881857
0 0.9853917662682603 1.0316455696202531 0.05046480743691899 0.19831223628691982
0 0.9395750332005313 1.0274261603375527 0.04648074369189907 0.18143459915611815
0 0.9614873837981408 1.2573839662447257 0.05843293492695883 0.22784810126582278
0 0.8944223107569721 1.029535864978903 0.049136786188579015 0.2109704641350211
0 0.849933598937583 0.9472573839662447 0.0398406374501992 0.15611814345991562
0 0.8293492695883135 1.5421940928270041 0.057104913678618856 0.19831223628691982
0 0.8213811420982736 1.0506329113924051 0.05179282868525897 0.2109704641350211
0 0.7622841965471447 1.0063291139240507 0.05046480743691899 0.20675105485232068
0 0.7357237715803453 1.0464135021097047 0.04780876494023904 0.2109704641350211
0 0.6766268260292164 0.930379746835443 0.043824701195219126 0.1729957805907173
0 0.702523240371846 1.6329113924050633 0.07436918990703852 0.21940928270042195
0 0.5922974767596282 1.6708860759493671 0.06905710491367861 0.2109704641350211
0 0.6593625498007968 1.0822784810126582 0.043824701195219126 0.189873417721519
0 0.5378486055776892 0.9978902953586498 0.0451527224435591 0.18143459915611815
0 0.5624169986719787 1.0021097046413503 0.041168658698539175 0.15611814345991562
0 0.450199203187251 1.0569620253164558 0.0398406374501992 0.16455696202531644
0 0.4960159362549801 0.9662447257383966 0.04648074369189907 0.14345991561181434
0 0.42363877822045154 1.6075949367088607 0.05046480743691899 0.2109704641350211
0 0.31739707835325365 1.5147679324894514 0.05843293492695883 0.20253164556962025
0 0.3598937583001328 1.0021097046413503 0.0451527224435591 0.16455696202531644
0 0.40039840637450197 0.890295358649789 0.033200531208499334 0.1518987341772152
0 0.3293492695883134 0.9177215189873418 0.0398406374501992 0.14767932489451477
0 0.24302788844621515 0.8818565400843882 0.055776892430278883 0.2109704641350211
0 0.20119521912350596 1.0063291139240507 0.043824701195219126 0.19831223628691982
