0 0.3216 1.4334170854271358 0.0368 0.11306532663316583
0 0.2192 1.4660804020100502 0.0336 0.11306532663316583
0 0.2224 1.4158291457286432 0.0256 0.09296482412060302
0 0.3036 1.3592964824120604 0.0216 0.05527638190954774
0 0.48 1.3580402010050252 0.0272 0.09296482412060302
0 0.4168 1.4020100502512562 0.016 0.06030150753768844
0 0.4024 1.3479899497487438 0.016 0.06281407035175879
0 0.4444 1.3806532663316582 0.0152 0.04773869346733668
0 0.4532 1.3517587939698492 0.0136 0.04522613065326633
0 0.4956 1.3530150753768844 0.0184 0.07788944723618091
0 0.5336 1.3592964824120604 0.0112 0.04020100502512563
0 0.544 1.3618090452261307 0.0144 0.05527638190954774
0 0.5612 1.3316582914572865 0.0104 0.04020100502512563
0 0.5696 1.3278894472361809 0.0112 0.03768844221105527
0 0.5948 1.3417085427135678 0.012 0.04522613065326633
0 0.6016 1.3680904522613064 0.0112 0.04271356783919598
0 0.6356 1.3655778894472361 0.02 0.0829145728643216
0 0.666 1.364321608040201 0.02 0.07537688442211055
0 0.7016 1.3316582914572865 0.0064 0.020100502512562814
0 0.7056 1.3077889447236182 0.008 0.02763819095477387
0 0.7364 1.2763819095477387 0.0072 0.020100502512562814
0 0.7668 1.3103015075376885 0.0072 0.022613065326633167
0 0.7824 1.2939698492462313 0.0128 0.04522613065326633
0 0.8472 1.2763819095477387 0.0048 0.01507537688442211
0 0.8556 1.271356783919598 0.0056 0.020100502512562814
0 0.8672 1.3077889447236182 0.008 0.02763819095477387
0 0.8932 1.3027638190954773 0.02 0.0678391959798995
0 0.9384 1.3115577889447236 0.0192 0.07035175879396985
0 0.986 1.300251256281407 0.0248 0.0728643216080402
0 0.9152 1.2575376884422111 0.0096 0.022613065326633167
0 0.9008 1.3077889447236182 0.0144 0.10301507537688442
0 0.0252 1.4032663316582914 0.0072 0.022613065326633167
0 0.0424 1.3894472361809045 0.0064 0.020100502512562814
0 0.084 1.3756281407035176 0.0064 0.022613065326633167
0 0.0904 1.3768844221105527 0.0048 0.020100502512562814
0 0.1092 1.3655778894472361 0.0072 0.022613065326633167
0 0.124 1.3806532663316582 0.0064 0.022613065326633167
0 0.1348 1.370603015075377 0.0088 0.02763819095477387
0 0.1592 1.379396984924623 0.0064 0.020100502512562814
0 0.1888 1.3819095477386936 0.0064 0.020100502512562814
0 0.204 1.3718592964824121 0.0064 0.02512562814070352
0 0.266 1.3731155778894473 0.0056 0.017587939698492462
0 0.282 1.370603015075377 0.0056 0.017587939698492462
0 0.34 1.3442211055276383 0.0048 0.01507537688442211
0 0.3548 1.3467336683417086 0.0056 0.020100502512562814
0 0.3744 1.3555276381909547 0.0048 0.017587939698492462
0 0.3856 1.3517587939698492 0.0064 0.020100502512562814
0 0.4208 1.3417085427135678 0.0048 0.020100502512562814
