0 0.9765042979942693 2.3352668213457077 0.04699140401146132 0.23897911832946636
0 0.8157593123209169 1.7795823665893271 0.038395415472779366 0.13921113689095127
0 0.8515759312320917 1.7366589327146171 0.026361031518624643 0.14153132250580047
0 0.7848137535816619 1.7447795823665893 0.028080229226361032 0.15777262180974477
0 0.6873925501432665 1.7981438515081207 0.029226361031518624 0.12529002320185614
0 0.6140401146131805 1.8979118329466358 0.03724928366762178 0.21345707656612528
0 0.6037249283667622 1.7157772621809744 0.03151862464183381 0.1368909512761021
0 0.5421203438395416 1.771461716937355 0.032091690544412604 0.15081206496519722
0 0.49169054441260746 1.6879350348027842 0.0332378223495702 0.1368909512761021
0 0.43008595988538684 1.7157772621809744 0.040687679083094556 0.16009280742459397
0 0.3627507163323782 1.7807424593967518 0.030945558739255013 0.14153132250580047
0 0.3022922636103152 1.777262180974478 0.044126074498567334 0.16705336426914152
0 0.198567335243553 1.7900232018561484 0.03724928366762178 0.17865429234338748
0 0.10343839541547278 1.8352668213457077 0.055587392550143264 0.25986078886310904
0 0.22521489971346706 1.603248259860789 0.0332378223495702 0.18097447795823665
0 0.8363896848137535 1.697215777262181 0.028080229226361032 0.14153132250580047
0 0.764756446991404 1.6879350348027842 0.025787965616045846 0.11832946635730858
0 0.7501432664756447 1.6264501160092808 0.024068767908309457 0.11136890951276102
0 0.7289398280802293 1.6241299303944317 0.01833810888252149 0.09744779582366589
0 0.7051575931232091 1.6902552204176333 0.02005730659025788 0.09976798143851508
0 0.6871060171919771 1.6380510440835268 0.017191977077363897 0.08816705336426914
0 0.6673352435530086 1.5324825986078887 0.013180515759312322 0.06728538283062645
0 0.620916905444126 1.6879350348027842 0.028080229226361032 0.14153132250580047
0 0.6340974212034384 1.7018561484918793 0.032664756446991405 0.16009280742459397
0 0.5713467048710602 1.7378190255220418 0.024068767908309457 0.11136890951276102
0 0.526647564469914 1.6299303944315546 0.02979942693409742 0.14153132250580047
0 0.4512893982808023 1.7761020881670533 0.02464183381088825 0.14617169373549885
0 0.4607449856733524 1.5475638051044083 0.02521489971346705 0.12064965197215777
0 0.36962750716332377 1.6832946635730859 0.02865329512893983 0.11832946635730858
0 0.39025787965616043 1.6519721577726219 0.01833810888252149 0.09744779582366589
0 0.42521489971346704 1.6067285382830627 0.020630372492836675 0.1136890951276102
0 0.3472779369627507 1.617169373549884 0.020630372492836675 0.09744779582366589
0 0.2621776504297994 1.6194895591647331 0.022349570200573064 0.11600928074245939
0 0.29054441260744984 1.6902552204176333 0.026361031518624643 0.12296983758700696
0 0.1489971346704871 1.791183294663573 0.03553008595988539 0.18097447795823665
0 0.0836676217765043 1.648491879350348 0.04011461318051576 0.1740139211136891
0 0.6415472779369628 1.7552204176334107 0.02349570200573066 0.09976798143851508
0 0.6535816618911174 1.7192575406032482 0.02349570200573066 0.12529002320185614
