0 0.10336829366680113 1.6133093525179856 0.050625252117789434 0.3752997601918465
0 0.22741024606696247 1.579736211031175 0.04255748285599032 0.36810551558752996
0 0.2826744655102864 1.73621103117506 0.051028640580879386 0.3980815347721823
0 0.3756555062525212 1.764388489208633 0.04336425978217023 0.32014388489208634
0 0.4114562323517547 1.775179856115108 0.04517950786607503 0.3513189448441247
0 0.44846712384025816 1.670863309352518 0.03610326744655103 0.28177458033573144
0 0.5218838241226301 1.6516786570743405 0.045784590560709965 0.38968824940047964
0 0.6531867688584106 1.6804556354916067 0.04780153287615974 0.3537170263788969
0 0.7389068172650263 1.685251798561151 0.048204921339249696 0.30815347721822545
0 0.8045582896329165 1.6906474820143884 0.050423557886244454 0.38369304556354916
0 0.9007664380798709 1.6978417266187051 0.04961678096006454 0.37889688249400477
0 1.0549616780960065 1.5281774580335732 0.04618797902379992 0.34172661870503596
0 0.17809600645421542 1.473621103117506 0.03953206938281565 0.2853717026378897
0 0.12858007260992335 1.4580335731414868 0.04054054054054054 0.2853717026378897
0 0.12837837837837837 1.2062350119904077 0.03691004437273094 0.2829736211031175
0 0.20653489310205728 1.1660671462829737 0.03509479628882614 0.23621103117505995
0 0.2419322307382009 1.3447242206235013 0.03206938281565147 0.24820143884892087
0 0.2973981444130698 1.435851318944844 0.033682936668011296 0.3009592326139089
0 0.27269060104881 1.1516786570743405 0.03065752319483663 0.22182254196642687
0 0.3239209358612344 1.2577937649880095 0.03227107704719645 0.23980815347721823
0 0.30949979830576846 1.0635491606714629 0.030859217426381605 0.22062350119904076
0 0.38463089955627267 1.0959232613908874 0.024606696248487294 0.2158273381294964
0 0.4028842275110932 1.1157074340527577 0.03448971359419121 0.26258992805755393
0 0.4117587736990722 1.356115107913669 0.03933037515127067 0.2997601918465228
0 0.45784590560709965 1.0851318944844124 0.029850746268656716 0.20863309352517986
0 0.4936466317063332 1.0737410071942446 0.028035498184751918 0.20743405275779375
0 0.5340863251311012 1.3369304556354915 0.041145623235175476 0.29256594724220625
0 0.5400363049616781 1.0989208633093526 0.038523598225090765 0.25539568345323743
0 0.5615167406212183 1.1750599520383693 0.027833803953206938 0.24700239808153476
0 0.5876361436062929 1.1276978417266188 0.03166599435256152 0.2577937649880096
0 0.626663977410246 1.3225419664268585 0.045582896329164985 0.3069544364508393
0 0.6649858814037919 1.2386091127098322 0.035901573215006054 0.26139088729016785
0 0.6413876563130294 1.0881294964028776 0.0326744655102864 0.2745803357314149
0 0.717628075837031 1.1145083932853717 0.03670835014118596 0.24580335731414868
0 0.7361839451391691 1.3435251798561152 0.043162565550625254 0.3225419664268585
0 0.8131302944735781 1.235011990407674 0.036506655909640987 0.2685851318944844
0 0.8431827349737797 1.4046762589928057 0.0445744251714401 0.3273381294964029
0 0.918112141992739 1.1654676258992807 0.03509479628882614 0.2853717026378897
0 0.9415086728519564 1.4058752997601918 0.04154901169826543 0.3249400479616307
