0 -0.0006053268765133172 0.7258620689655172 0.05690072639225181 0.11379310344827587
0 0.11198547215496368 0.7232758620689655 0.05690072639225181 0.10172413793103448
0 0.17009685230024213 0.8206896551724138 0.18523002421307505 0.32068965517241377
0 0.04418886198547216 0.7146551724137931 0.013317191283292978 0.01896551724137931
0 0.07021791767554479 0.7301724137931035 0.01694915254237288 0.02586206896551724
0 0.26634382566585957 0.7034482758620689 0.03389830508474576 0.06551724137931035
0 0.4092009685230024 0.7827586206896552 0.04600484261501211 0.0896551724137931
0 0.5532687651331719 0.8827586206896552 0.15980629539951574 0.2482758620689655
0 0.6755447941888619 0.8189655172413793 0.09927360774818401 0.17586206896551723
0 0.3922518159806295 0.7448275862068966 0.01937046004842615 0.027586206896551724
0 0.4261501210653753 0.743103448275862 0.01937046004842615 0.03103448275862069
0 0.46912832929782083 0.7405172413793103 0.013317191283292978 0.022413793103448276
0 0.48668280871670705 0.7551724137931034 0.01937046004842615 0.027586206896551724
0 0.5121065375302664 0.743103448275862 0.014527845036319613 0.020689655172413793
0 0.5677966101694916 0.7241379310344828 0.012106537530266344 0.017241379310344827
0 0.5823244552058111 0.7413793103448276 0.01694915254237288 0.027586206896551724
0 0.6065375302663438 0.7474137931034482 0.01694915254237288 0.02586206896551724
0 0.6210653753026635 0.7267241379310345 0.012106537530266344 0.015517241379310345
0 0.6416464891041163 0.7318965517241379 0.007263922518159807 0.01206896551724138
0 0.5393462469733656 0.7198275862068966 0.0036319612590799033 0.005172413793103448
0 0.8305084745762712 0.7362068965517241 0.009685230024213076 0.013793103448275862
0 0.8583535108958837 0.7413793103448276 0.012106537530266344 0.017241379310344827
0 0.9340193704600485 0.7482758620689656 0.013317191283292978 0.017241379310344827
0 0.9612590799031477 0.7525862068965518 0.01694915254237288 0.029310344827586206
