0 0.6546822742474916 0.8314814814814815 0.07859531772575251 0.2037037037037037
0 0.9063545150501672 0.8018518518518518 0.0802675585284281 0.2037037037037037
0 0.9824414715719063 1.0740740740740742 0.05518394648829431 0.1259259259259259
0 1.2165551839464883 1.0777777777777777 0.0451505016722408 0.11851851851851852
0 1.1872909698996656 1.0555555555555556 0.043478260869565216 0.11851851851851852
0 1.3520066889632107 1.0962962962962963 0.04180602006688963 0.1111111111111111
0 1.4740802675585285 1.1407407407407408 0.04180602006688963 0.0962962962962963
0 1.5501672240802675 1.1648148148148147 0.04013377926421405 0.10740740740740741
0 1.3887959866220736 1.124074074074074 0.03511705685618729 0.09259259259259259
0 1.310200668896321 1.1037037037037036 0.03511705685618729 0.08888888888888889
0 1.2433110367892977 1.112962962962963 0.03177257525083612 0.07037037037037037
0 1.3252508361204014 1.1314814814814815 0.04180602006688963 0.1
0 1.4280936454849498 1.1092592592592592 0.033444816053511704 0.08518518518518518
