0 0.03936781609195402 0.8034883720930233 0.010919540229885057 0.053488372093023255
0 0.05660919540229885 0.8197674418604651 0.01206896551724138 0.044186046511627906
0 0.09339080459770115 0.9127906976744186 0.029310344827586206 0.11395348837209303
0 0.14281609195402298 0.7930232558139535 0.007471264367816092 0.037209302325581395
0 0.17557471264367816 0.7906976744186046 0.007471264367816092 0.037209302325581395
0 0.2221264367816092 0.7825581395348837 0.007471264367816092 0.03953488372093023
0 0.1724137931034483 0.9162790697674419 0.03333333333333333 0.12093023255813953
0 0.2695402298850575 0.7813953488372093 0.009195402298850575 0.037209302325581395
0 0.3063218390804598 0.7453488372093023 0.008045977011494253 0.03488372093023256
0 0.33936781609195404 0.7546511627906977 0.008620689655172414 0.03953488372093023
0 0.4077586206896552 0.7651162790697674 0.00632183908045977 0.027906976744186046
0 0.45977011494252873 0.7511627906976744 0.008045977011494253 0.03255813953488372
0 0.48074712643678164 0.7546511627906977 0.008620689655172414 0.03488372093023256
0 0.4991379310344828 0.7686046511627908 0.007471264367816092 0.03488372093023256
0 0.5310344827586206 0.7418604651162791 0.008045977011494253 0.03255813953488372
0 0.6632183908045977 0.7418604651162791 0.011494252873563218 0.04186046511627907
0 0.7850574712643679 0.7383720930232558 0.008045977011494253 0.03953488372093023
0 0.8183908045977012 0.75 0.01264367816091954 0.06279069767441861
0 0.9738505747126437 0.786046511627907 0.014367816091954023 0.06046511627906977
0 0.9456896551724138 0.7825581395348837 0.014367816091954023 0.053488372093023255
0 0.9255747126436782 0.8069767441860465 0.015517241379310345 0.06511627906976744
0 0.8982758620689655 0.7558139534883721 0.01264367816091954 0.05116279069767442
0 0.8873563218390804 0.7930232558139535 0.016091954022988506 0.05581395348837209
0 0.8660919540229886 0.8441860465116279 0.013793103448275862 0.05581395348837209
0 0.8390804597701149 0.8197674418604651 0.011494252873563218 0.053488372093023255
0 0.8270114942528736 0.8267441860465117 0.020689655172413793 0.1
0 0.7991379310344827 0.8023255813953488 0.014367816091954023 0.05581395348837209
0 0.8100574712643678 0.7697674418604651 0.008620689655172414 0.04186046511627907
0 0.7899425287356322 0.9 0.021264367816091954 0.08372093023255814
0 0.7482758620689656 0.8976744186046511 0.017241379310344827 0.08372093023255814
0 0.7169540229885057 0.9883720930232558 0.022413793103448276 0.10232558139534884
0 0.6436781609195402 0.9348837209302325 0.022988505747126436 0.10232558139534884
0 0.6229885057471264 0.9720930232558139 0.027586206896551724 0.12093023255813953
0 0.5022988505747127 0.9686046511627907 0.02528735632183908 0.10930232558139535
0 0.378448275862069 0.9488372093023256 0.028160919540229885 0.11627906976744186
0 0.2620689655172414 0.9604651162790697 0.029885057471264367 0.13023255813953488
0 0.12471264367816091 0.7953488372093023 0.011494252873563218 0.046511627906976744
0 0.8727011494252873 0.7813953488372093 0.010919540229885057 0.046511627906976744
