0 0.9674418604651163 3.6607142857142856 0.026046511627906978 0.15
0 0.9283720930232559 3.6142857142857143 0.03348837209302326 0.24285714285714285
0 0.7716279069767442 3.75 0.021395348837209303 0.21428571428571427
0 0.7981395348837209 3.9107142857142856 0.014883720930232559 0.15
0 0.7274418604651163 3.767857142857143 0.022325581395348838 0.17857142857142858
0 0.706046511627907 3.5535714285714284 0.024186046511627906 0.20714285714285716
0 0.62 3.75 0.025116279069767444 0.2571428571428571
0 0.5893023255813954 3.75 0.021395348837209303 0.18571428571428572
0 0.5106976744186047 3.7 0.04279069767441861 0.45714285714285713
0 0.5386046511627907 3.7857142857142856 0.024186046511627906 0.21428571428571427
0 0.473953488372093 3.6964285714285716 0.023255813953488372 0.22142857142857142
0 0.44465116279069766 3.7 0.020465116279069766 0.18571428571428572
0 0.41255813953488374 3.5892857142857144 0.03255813953488372 0.2642857142857143
0 0.36372093023255814 3.807142857142857 0.018604651162790697 0.18571428571428572
0 0.31116279069767444 3.6678571428571427 0.045581395348837206 0.45
0 0.21674418604651163 3.782142857142857 0.037209302325581395 0.3357142857142857
0 0.1283720930232558 3.6678571428571427 0.053953488372093024 0.45
0 0.017674418604651163 4.135714285714286 0.07441860465116279 0.6142857142857143
