0 0.052311435523114354 1.049342105263158 0.030008110300081103 0.14473684210526316
0 0.18694241686942417 1.2088815789473684 0.0056772100567721 0.023026315789473683
0 0.20843471208434713 1.2105263157894737 0.012976480129764802 0.06578947368421052
0 0.27007299270072993 1.162828947368421 0.012976480129764802 0.0625
0 0.13828061638280617 1.287828947368421 0.013787510137875101 0.0625
0 0.10340632603406326 0.9226973684210527 0.05596107055961071 0.23355263157894737
0 0.3682076236820762 1.2582236842105263 0.016220600162206 0.08881578947368421
0 0.38321167883211676 1.2286184210526316 0.0186536901865369 0.09539473684210527
0 0.41362530413625304 1.199013157894737 0.021086780210867802 0.12171052631578948
0 0.4489051094890511 1.2483552631578947 0.028386050283860504 0.10855263157894737
0 0.4781021897810219 1.1546052631578947 0.0186536901865369 0.09868421052631579
0 0.5125709651257097 1.180921052631579 0.024330900243309004 0.1118421052631579
0 0.5024330900243309 1.2335526315789473 0.0267639902676399 0.1513157894736842
0 0.5575831305758313 1.238486842105263 0.039740470397404706 0.1875
0 0.5575831305758313 1.231907894736842 0.042984590429845905 0.18092105263157895
0 0.7035685320356854 1.111842105263158 0.013787510137875101 0.06578947368421052
0 0.7112733171127331 1.1299342105263157 0.016220600162206 0.0756578947368421
0 0.7664233576642335 1.1513157894736843 0.008110300081103 0.03289473684210526
0 0.6451743714517437 1.1595394736842106 0.030008110300081103 0.15460526315789475
0 0.6857258718572588 1.381578947368421 0.0364963503649635 0.15789473684210525
0 0.6253041362530414 1.269736842105263 0.043795620437956206 0.23684210526315788
0 0.8012976480129764 1.0773026315789473 0.014598540145985401 0.06907894736842106
0 0.8669910786699108 1.144736842105263 0.014598540145985401 0.06578947368421052
0 0.8969991889699919 1.2023026315789473 0.016220600162206 0.06907894736842106
0 0.9683698296836983 1.0345394736842106 0.017842660178426603 0.08881578947368421
0 0.981346309813463 1.080592105263158 0.021086780210867802 0.09539473684210527
0 0.9521492295214923 1.1907894736842106 0.0454176804541768 0.24342105263157895
0 0.7968369829683698 1.425986842105263 0.028386050283860504 0.12171052631578948
0 0.816301703163017 1.2763157894736843 0.0575831305758313 0.2894736842105263
