0 1.1074918566775245 0.7197452229299363 0.07166123778501629 0.35668789808917195
0 0.9649837133550488 0.5382165605095541 0.07654723127035831 0.3375796178343949
0 0.8053745928338762 1.194267515923567 0.06351791530944625 0.3503184713375796
0 0.6710097719869706 1.1146496815286624 0.07166123778501629 0.35668789808917195
0 0.5244299674267101 1.1592356687898089 0.07166123778501629 0.33121019108280253
0 0.3916938110749186 1.0796178343949046 0.07980456026058631 0.3375796178343949
0 0.250814332247557 1.1528662420382165 0.06188925081433225 0.33121019108280253
0 0.1783387622149837 0.535031847133758 0.07003257328990228 0.33121019108280253
0 0.2988599348534202 0.7515923566878981 0.06026058631921824 0.3057324840764331
0 0.4226384364820847 0.7547770700636943 0.050488599348534204 0.2611464968152866
0 0.5456026058631922 0.6687898089171974 0.06188925081433225 0.2929936305732484
0 0.6758957654723127 0.6687898089171974 0.05863192182410423 0.2802547770700637
0 0.8021172638436482 0.7388535031847133 0.06351791530944625 0.2929936305732484
