0 0.1337448559670782 0.65625 0.053497942386831275 0.2638888888888889
0 0.27109053497942387 0.6197916666666666 0.056584362139917695 0.2534722222222222
0 0.4444444444444444 0.8020833333333334 0.05761316872427984 0.24305555555555555
0 0.5704732510288066 0.7256944444444444 0.044238683127572016 0.2152777777777778
0 0.6856995884773662 0.7934027777777778 0.04218106995884774 0.21180555555555555
0 0.8096707818930041 0.6909722222222222 0.04938271604938271 0.20833333333333334
0 0.9372427983539094 0.6753472222222222 0.053497942386831275 0.2465277777777778
0 1.0776748971193415 0.7170138888888888 0.05864197530864197 0.21180555555555555
0 0.3436213991769547 1.3003472222222223 0.06584362139917696 0.2951388888888889
0 0.51440329218107 1.3576388888888888 0.051440329218107 0.2708333333333333
0 0.6584362139917695 1.2586805555555556 0.06378600823045268 0.2673611111111111
0 0.7911522633744856 1.296875 0.05555555555555555 0.2604166666666667
0 1.0174897119341564 1.2638888888888888 0.06584362139917696 0.2638888888888889
