0 1.0354436023183238 3.924083769633508 0.09674543022737406 0.3228621291448517
0 0.8595630851538119 3.31151832460733 0.03566651805617477 0.16928446771378708
0 1.0526081141328578 3.43804537521815 0.026749888542131076 0.1012216404886562
0 0.9861792242532322 3.357766143106457 0.018724921979491754 0.08376963350785341
0 1.033660276415515 3.3211169284467714 0.009362460989745877 0.04537521815008726
0 1.0205082478823004 3.263525305410122 0.006241640659830584 0.02443280977312391
0 1.0211769950958538 3.2652705061082026 0.00490414623272403 0.020942408376963352
0 1.0372269282211324 3.262652705061082 0.006687472135532769 0.02617801047120419
0 1.0566205974141774 3.2521815008726005 0.006241640659830584 0.02268760907504363
0 1.0802496656263931 3.3027923211169283 0.016941596076683014 0.16230366492146597
0 1.089389210878288 3.3089005235602094 0.012929112795363353 0.13961605584642234
0 0.9973250111457869 3.25130890052356 0.005349977708426215 0.020942408376963352
0 0.8065091395452519 3.424083769633508 0.01069995541685243 0.038394415357766144
0 0.8109674543022738 3.3542757417102966 0.01069995541685243 0.04886561954624782
0 0.7746321890325457 3.4040139616055844 0.009362460989745877 0.03315881326352531
0 0.7579135086937138 3.3787085514834208 0.008024966562639322 0.031413612565445025
0 0.7810967454302273 3.349912739965096 0.0115916183682568 0.04363001745200698
0 0.741417744092733 3.3472949389179756 0.007133303611234953 0.034904013961605584
0 0.7267053053945609 3.4153577661431065 0.006241640659830584 0.020942408376963352
0 0.6912617030762371 3.3961605584642234 0.0057958091841284 0.031413612565445025
0 0.6952741863575569 3.3150087260034904 0.008470798038341507 0.03664921465968586
0 0.6471243869817209 3.3612565445026177 0.011145786892554615 0.04886561954624782
0 0.620597414177441 3.3664921465968587 0.0115916183682568 0.04886561954624782
0 0.6212661613909942 3.364746945898778 0.010254123941150245 0.04537521815008726
0 0.5659830584039233 3.3839441535776613 0.011145786892554615 0.04537521815008726
0 0.5503789567543469 3.3333333333333335 0.007579135086937138 0.041884816753926704
0 0.5325456977262595 3.343804537521815 0.007579135086937138 0.034904013961605584
0 0.46812304948729383 3.3787085514834208 0.013374944271065538 0.05235602094240838
0 0.4482835488185466 3.400523560209424 0.012929112795363353 0.06108202443280977
0 0.42666072224699064 3.363874345549738 0.008024966562639322 0.03664921465968586
0 0.43713776192599196 3.2870855148342057 0.0057958091841284 0.02268760907504363
0 0.4161836825679893 3.3089005235602094 0.0057958091841284 0.020942408376963352
0 0.34752563530985286 3.3970331588132634 0.013820775746767721 0.06457242582897033
0 0.31966116807846634 3.358638743455497 0.016941596076683014 0.06108202443280977
0 0.3673651359786001 3.342931937172775 0.008024966562639322 0.03664921465968586
0 0.3566651805617477 3.3525305410122166 0.008916629514043692 0.034904013961605584
0 0.29068212215782435 3.3411867364746946 0.006241640659830584 0.02617801047120419
0 0.2692822113241195 3.3551483420593367 0.008916629514043692 0.04013961605584642
0 0.1009808292465448 3.3158813263525304 0.010254123941150245 0.055846422338568937
0 0.13374944271065536 3.1029668411867366 0.008024966562639322 0.034904013961605584
0 0.7891217119928667 3.2609075043630016 0.006241640659830584 0.02268760907504363
0 0.45563976816763263 3.3350785340314135 0.006241640659830584 0.027923211169284468
0 0.4679001337494427 3.3734729493891797 0.013820775746767721 0.06282722513089005
