0 0.01015531660692951 1.6245704467353952 0.026284348864994027 0.22852233676975944
0 0.05973715651135006 1.672680412371134 0.025089605734767026 0.17697594501718214
0 0.11021505376344086 1.6692439862542956 0.026881720430107527 0.17697594501718214
0 0.1581541218637993 1.7130584192439862 0.02120669056152927 0.14776632302405499
0 0.18951612903225806 1.6400343642611683 0.025985663082437275 0.1872852233676976
0 0.252389486260454 1.8109965635738832 0.023297491039426525 0.15120274914089346
0 0.26418757467144566 1.6829896907216495 0.02001194743130227 0.15292096219931273
0 0.20833333333333334 1.7096219931271477 0.01881720430107527 0.12714776632302405
0 0.2078853046594982 1.7139175257731958 0.018518518518518517 0.11855670103092783
0 0.290621266427718 1.7646048109965635 0.017921146953405017 0.12371134020618557
0 0.32661290322580644 1.7182130584192439 0.016427718040621268 0.13402061855670103
0 0.33512544802867383 1.6323024054982818 0.016129032258064516 0.08934707903780069
0 0.38201911589008364 1.6348797250859106 0.013739545997610514 0.09106529209621993
0 0.4080047789725209 1.7774914089347078 0.011350059737156512 0.09106529209621993
0 0.41263440860215056 1.756872852233677 0.011648745519713262 0.07388316151202749
0 0.4338410991636798 1.7353951890034365 0.012843488649940263 0.07560137457044673
0 0.4489247311827957 1.6872852233676976 0.013142174432497013 0.07903780068728522
0 0.47446236559139787 1.6829896907216495 0.01045400238948626 0.070446735395189
0 0.48028673835125446 1.6984536082474226 0.009557945041816009 0.070446735395189
0 0.49507168458781364 1.7164948453608246 0.008661887694145758 0.05154639175257732
0 0.5601851851851852 1.9046391752577319 0.08572281959378733 0.5721649484536082
0 0.6675627240143369 1.8436426116838487 0.05555555555555555 0.29896907216494845
0 0.7904719235364397 1.6769759450171822 0.04390681003584229 0.2852233676975945
0 0.8375149342891278 2.0051546391752577 0.05794504181600956 0.3848797250859107
0 0.8530465949820788 1.7242268041237114 0.06332138590203107 0.4072164948453608
0 0.8376642771804063 1.9871134020618557 0.05585424133811231 0.37285223367697595
0 0.9220430107526881 1.8264604810996563 0.14994026284348866 1.0
0 0.7722520908004779 1.672680412371134 0.007467144563918757 0.03608247422680412
