0 0.22277227722772278 0.6224489795918368 0.07496463932107496 0.3877551020408163
0 0.5007072135785007 0.8537414965986394 0.06789250353606789 0.36054421768707484
0 0.7970297029702971 0.9183673469387755 0.05233380480905234 0.2857142857142857
0 0.6025459688826026 1.0204081632653061 0.0594059405940594 0.29931972789115646
0 0.44271570014144274 0.9183673469387755 0.06223479490806223 0.32653061224489793
0 0.6442715700141443 0.8775510204081632 0.05233380480905234 0.2857142857142857
0 0.32814710042432815 0.9115646258503401 0.05091937765205092 0.2857142857142857
0 0.4024045261669024 0.8741496598639455 0.06364922206506365 0.3333333333333333
0 0.5650636492220651 0.8163265306122449 0.05233380480905234 0.29931972789115646
0 0.8833097595473833 0.8605442176870748 0.04101838755304102 0.23809523809523808
0 0.9632248939179632 1.153061224489796 0.07072135785007072 0.41496598639455784
0 0.8345120226308345 0.8979591836734694 0.042432814710042434 0.24489795918367346
