0 0.936026936026936 0.28062678062678065 0.08417508417508418 0.150997150997151
0 0.7239057239057239 0.5868945868945868 0.0707070707070707 0.11396011396011396
0 0.6304713804713805 0.5769230769230769 0.06565656565656566 0.15669515669515668
0 0.6018518518518519 0.5698005698005698 0.05555555555555555 0.11965811965811966
0 0.48653198653198654 0.5569800569800569 0.06397306397306397 0.1225071225071225
0 0.45707070707070707 0.4458689458689459 0.04208754208754209 0.07692307692307693
0 0.4074074074074074 0.5327635327635327 0.10101010101010101 0.12535612535612536
0 0.30387205387205385 0.6353276353276354 0.09595959595959595 0.11396011396011396
0 0.132996632996633 0.5028490028490028 0.10101010101010101 0.1737891737891738
0 0.1750841750841751 0.49572649572649574 0.07744107744107744 0.14814814814814814
0 0.25336700336700335 0.5227920227920227 0.07912457912457913 0.1339031339031339
0 0.30303030303030304 0.5683760683760684 0.06734006734006734 0.1396011396011396
0 0.3207070707070707 0.41452991452991456 0.05555555555555555 0.09971509971509972
0 0.1473063973063973 0.2948717948717949 0.06902356902356903 0.1111111111111111
0 0.004208754208754209 0.35327635327635326 0.05218855218855219 0.12535612535612536
