0 1.1444444444444444 0.978515625 0.044444444444444446 0.05859375
0 1.1087301587301588 1.0380859375 0.03968253968253968 0.052734375
0 1.0134920634920634 1.0224609375 0.05238095238095238 0.068359375
0 0.9928571428571429 1.04296875 0.05873015873015873 0.078125
0 0.8841269841269841 0.9853515625 0.0761904761904762 0.095703125
0 0.7833333333333333 0.9375 0.0873015873015873 0.1171875
0 0.6873015873015873 0.962890625 0.05714285714285714 0.08984375
0 0.5611111111111111 0.921875 0.1126984126984127 0.15234375
0 0.4396825396825397 0.875 0.09206349206349207 0.11328125
0 0.2634920634920635 0.6953125 0.1746031746031746 0.26953125
