0 0.22233201581027667 0.8832236842105263 0.1067193675889328 0.1611842105263158
0 0.4525691699604743 0.7401315789473685 0.08695652173913043 0.20394736842105263
0 0.5691699604743083 0.8741776315789473 0.09683794466403162 0.15296052631578946
0 0.8483201581027668 0.6817434210526315 0.03260869565217391 0.05098684210526316
0 0.6689723320158103 0.6932565789473685 0.06521739130434782 0.13651315789473684
0 0.00691699604743083 0.6307565789473685 0.04940711462450593 0.08717105263157894
0 0.15217391304347827 0.7105263157894737 0.08300395256916997 0.13157894736842105
0 0.16353754940711462 0.53125 0.0800395256916996 0.14473684210526316
0 0.5291501976284585 0.6110197368421053 0.07015810276679842 0.13322368421052633
0 0.5849802371541502 0.7162828947368421 0.0691699604743083 0.14309210526315788
0 0.47677865612648224 0.3659539473684211 0.030632411067193676 0.06085526315789474
0 0.5311264822134387 0.2845394736842105 0.024703557312252964 0.049342105263157895
0 0.5948616600790514 0.24424342105263158 0.025691699604743084 0.044407894736842105
0 0.6669960474308301 0.26480263157894735 0.025691699604743084 0.049342105263157895
0 0.7460474308300395 0.24588815789473684 0.025691699604743084 0.054276315789473686
0 0.75 0.28618421052631576 0.03359683794466403 0.049342105263157895
0 0.6768774703557312 0.4761513157894737 0.04940711462450593 0.12006578947368421
0 0.7934782608695652 0.4457236842105263 0.06126482213438735 0.13486842105263158
0 0.8389328063241107 0.38980263157894735 0.039525691699604744 0.07894736842105263
0 0.2633399209486166 0.03453947368421053 0.0266798418972332 0.0625
0 0.12401185770750989 0.25493421052631576 0.016798418972332016 0.03289473684210526
0 0.14673913043478262 0.3560855263157895 0.036561264822134384 0.054276315789473686
0 0.21442687747035574 0.38651315789473684 0.03359683794466403 0.07236842105263158
0 0.2628458498023715 0.4087171052631579 0.03162055335968379 0.07072368421052631
0 0.19318181818181818 0.20065789473684212 0.012845849802371542 0.023026315789473683
0 0.021739130434782608 0.4901315789473684 0.039525691699604744 0.08223684210526316
0 0.08349802371541502 0.5361842105263158 0.07015810276679842 0.10526315789473684
0 0.11413043478260869 0.19983552631578946 0.016798418972332016 0.03125
0 0.04199604743083004 0.2837171052631579 0.02865612648221344 0.05098684210526316
0 0.045454545454545456 0.2450657894736842 0.01383399209486166 0.02631578947368421
0 0.16551383399209485 0.19490131578947367 0.014822134387351778 0.027960526315789474
0 0.1368577075098814 0.203125 0.016798418972332016 0.03125
0 0.31620553359683795 0.7023026315789473 0.03359683794466403 0.07236842105263158
0 0.31225296442687744 0.8552631578947368 0.037549407114624504 0.08552631578947369
0 0.41798418972332013 0.6052631578947368 0.03359683794466403 0.06578947368421052
