0 0.1507782101167315 0.6254752851711026 0.07587548638132295 0.19391634980988592
0 0.29766536964980544 0.7034220532319392 0.07392996108949416 0.18250950570342206
0 0.45330739299610895 0.6673003802281369 0.07003891050583658 0.17870722433460076
0 0.5428015564202334 0.6825095057034221 0.07003891050583658 0.18631178707224336
0 0.6663424124513618 0.6273764258555133 0.06420233463035019 0.16730038022813687
0 0.8132295719844358 0.6596958174904943 0.07782101167315175 0.20152091254752852
0 0.8550583657587548 0.785171102661597 0.09533073929961089 0.20152091254752852
0 0.5369649805447471 1.043726235741445 0.08949416342412451 0.23193916349809887
0 0.7422178988326849 1.2072243346007605 0.08754863813229571 0.21673003802281368
0 0.9513618677042801 0.6577946768060836 0.09727626459143969 0.22813688212927757
