0 0.041712253829321665 0.8168253968253968 0.012855579868708972 0.03365079365079365
0 0.031591903719912474 1.0206349206349206 0.016137855579868708 0.05015873015873016
0 0.08027899343544857 0.9726984126984127 0.01449671772428884 0.045714285714285714
0 0.07056892778993436 1.039047619047619 0.01586433260393873 0.04634920634920635
0 0.09559628008752735 1.1095238095238096 0.019420131291028448 0.047619047619047616
0 0.11460612691466084 1.0965079365079364 0.018052516411378557 0.05333333333333334
0 0.15741247264770242 1.028888888888889 0.01449671772428884 0.03873015873015873
0 0.20062910284463895 1.0082539682539682 0.015043763676148797 0.04698412698412698
0 0.21088621444201314 1.158095238095238 0.018599562363238512 0.05206349206349206
0 0.25806892778993434 0.8612698412698413 0.011761487964989058 0.04126984126984127
0 0.24603391684901532 1.0117460317460318 0.017778993435448576 0.04634920634920635
0 0.262308533916849 1.0685714285714285 0.0175054704595186 0.0419047619047619
0 0.27379649890590807 1.0177777777777777 0.01477024070021882 0.0419047619047619
0 0.3037472647702407 1.0063492063492063 0.013949671772428883 0.04698412698412698
0 0.3060722100656455 0.9415873015873016 0.012582056892778994 0.03301587301587302
0 0.32713347921225383 1.0038095238095237 0.015317286652078774 0.040634920634920635
0 0.34286105032822756 1.0133333333333334 0.016137855579868708 0.045714285714285714
0 0.3916849015317287 1.006031746031746 0.015317286652078774 0.04634920634920635
0 0.3961980306345733 1.0365079365079366 0.012855579868708972 0.04253968253968254
0 0.41821663019693656 1.1003174603174604 0.016411378555798686 0.04825396825396826
0 0.43681619256017507 1.05015873015873 0.013676148796498906 0.040634920634920635
0 0.4209518599562363 1.153015873015873 0.016411378555798686 0.04825396825396826
0 0.46403172866520787 1.0092063492063492 0.013402625820568928 0.04126984126984127
0 0.4797592997811816 1.0304761904761905 0.016411378555798686 0.04698412698412698
0 0.4954868708971554 1.0117460317460318 0.016137855579868708 0.04507936507936508
0 0.512582056892779 1.0796825396825396 0.014223194748358862 0.04634920634920635
0 0.5317286652078774 1.033015873015873 0.012035010940919038 0.0380952380952381
0 0.5480032822757112 1.0215873015873016 0.015043763676148797 0.0419047619047619
0 0.5670131291028446 1.0317460317460319 0.012582056892778994 0.03936507936507937
0 0.5923140043763676 1.0492063492063493 0.015043763676148797 0.04380952380952381
0 0.5760393873085339 1.0942857142857143 0.013676148796498906 0.04
0 0.6392231947483589 1.0441269841269842 0.01312910284463895 0.03746031746031746
0 0.6542669584245077 1.0298412698412698 0.01586433260393873 0.045714285714285714
0 0.6794310722100656 1.0041269841269842 0.01586433260393873 0.047619047619047616
0 0.6790207877461707 1.0898412698412698 0.015043763676148797 0.04888888888888889
0 0.7166301969365426 1.1368253968253967 0.016411378555798686 0.04888888888888889
0 0.699398249452954 1.0536507936507937 0.015317286652078774 0.04380952380952381
0 0.7223741794310722 1.0234920634920635 0.01586433260393873 0.0419047619047619
0 0.7401531728665208 1.047936507936508 0.01586433260393873 0.04634920634920635
0 0.7571115973741794 0.9980952380952381 0.01586433260393873 0.036825396825396824
0 0.7897975929978118 1.006031746031746 0.016684901531728667 0.04888888888888889
0 0.8350656455142232 1.0092063492063492 0.016411378555798686 0.03746031746031746
0 0.8538019693654267 1.0447619047619048 0.017778993435448576 0.05015873015873016
0 0.8710339168490153 1.0507936507936508 0.018326039387308535 0.049523809523809526
0 0.8972921225382933 1.0406349206349206 0.015590809628008753 0.0419047619047619
0 0.8953774617067833 1.0171428571428571 0.015043763676148797 0.044444444444444446
0 0.9184901531728665 1.0666666666666667 0.013676148796498906 0.03936507936507937
0 0.9532275711159738 1.03015873015873 0.015317286652078774 0.05015873015873016
0 0.9939824945295405 1.053015873015873 0.01477024070021882 0.04634920634920635
0 0.38101750547045954 0.5365079365079365 0.007111597374179431 0.02412698412698413
0 0.40809628008752735 0.5288888888888889 0.009299781181619256 0.02666666666666667
0 0.3982494529540481 0.566984126984127 0.008205689277899343 0.020317460317460317
0 0.4186269146608315 0.5374603174603174 0.008479212253829322 0.024761904761904763
0 0.4484409190371991 0.5279365079365079 0.01012035010940919 0.02857142857142857
0 0.4736050328227571 0.5371428571428571 0.009026258205689279 0.02412698412698413
0 0.512308533916849 0.5387301587301587 0.007111597374179431 0.022222222222222223
0 0.33451859956236324 1.1073015873015872 0.01586433260393873 0.054603174603174605
0 0.01477024070021882 1.066984126984127 0.012035010940919038 0.03492063492063492
0 0.28419037199124725 0.9774603174603175 0.013676148796498906 0.03873015873015873
0 0.762718818380744 1.03015873015873 0.012308533916849015 0.04380952380952381
0 0.7728391684901532 1.0241269841269842 0.013949671772428883 0.04698412698412698
0 0.5964168490153173 1.0914285714285714 0.015590809628008753 0.03936507936507937
0 0.5946389496717724 1.0298412698412698 0.013676148796498906 0.036825396825396824
0 0.5646881838074398 1.0107936507936508 0.011761487964989058 0.0380952380952381
0 0.09463894967177243 1.0612698412698414 0.013676148796498906 0.03365079365079365
0 0.1187089715536105 1.0577777777777777 0.019693654266958426 0.0419047619047619
0 0.8684354485776805 1.1647619047619047 0.020787746170678335 0.05015873015873016
0 0.3298687089715536 1.1761904761904762 0.016958424507658644 0.03873015873015873
0 0.5266684901531729 1.1361904761904762 0.01723194748358862 0.04634920634920635
0 0.6073577680525164 1.1695238095238096 0.016684901531728667 0.04825396825396826
0 0.1786105032822757 1.0536507936507937 0.010940919037199124 0.03492063492063492
0 0.8062089715536105 1.06 0.016684901531728667 0.04380952380952381
