0 0.6526402640264026 1.318014705882353 0.041254125412541254 0.10661764705882353
0 0.45957095709570955 1.5588235294117647 0.041254125412541254 0.11764705882352941
0 0.4834983498349835 1.5588235294117647 0.052805280528052806 0.125
0 0.613036303630363 1.5588235294117647 0.054455445544554455 0.125
0 0.7277227722772277 1.568014705882353 0.052805280528052806 0.14338235294117646
0 0.7945544554455446 1.6121323529411764 0.054455445544554455 0.16544117647058823
0 0.8564356435643564 1.5220588235294117 0.0462046204620462 0.11029411764705882
0 0.9273927392739274 1.588235294117647 0.0429042904290429 0.09558823529411764
0 0.91996699669967 1.525735294117647 0.037953795379537955 0.10294117647058823
0 0.9867986798679867 1.5606617647058822 0.052805280528052806 0.1213235294117647
0 1.0024752475247525 1.5165441176470589 0.041254125412541254 0.11397058823529412
0 1.0594059405940595 1.5643382352941178 0.052805280528052806 0.12867647058823528
0 1.1254125412541254 1.5404411764705883 0.04950495049504951 0.11029411764705882
0 1.2178217821782178 1.5643382352941178 0.0462046204620462 0.12867647058823528
0 1.2706270627062706 1.536764705882353 0.04950495049504951 0.10294117647058823
0 1.415016501650165 1.4926470588235294 0.04785478547854786 0.11029411764705882
