0 0.03898635477582846 1.9875776397515528 0.10331384015594541 0.84472049689441
0 0.21978557504873295 1.8540372670807452 0.04191033138401559 0.37888198757763975
0 0.28460038986354774 1.9906832298136645 0.01949317738791423 0.14285714285714285
0 0.4010721247563353 1.7981366459627328 0.0341130604288499 0.2670807453416149
0 0.5092592592592593 1.8819875776397517 0.028265107212475632 0.2608695652173913
0 0.44298245614035087 1.9285714285714286 0.02631578947368421 0.20496894409937888
0 0.6773879142300195 1.795031055900621 0.04093567251461988 0.34782608695652173
0 0.8099415204678363 2.080745341614907 0.03508771929824561 0.2857142857142857
0 0.9444444444444444 2.027950310559006 0.08576998050682261 0.7018633540372671
0 0.24853801169590642 1.906832298136646 0.015594541910331383 0.11180124223602485
0 0.30458089668615984 1.8726708074534162 0.010721247563352826 0.08074534161490683
0 0.3908382066276803 1.8385093167701863 0.025341130604288498 0.19875776397515527
