0 0.9708108108108108 0.9130434782608695 0.03891891891891892 0.05138339920948617
0 0.8810810810810811 0.9594861660079052 0.04972972972972973 0.10869565217391304
0 0.7567567567567568 1.0138339920948616 0.06054054054054054 0.11067193675889328
0 0.2637837837837838 1.024703557312253 0.023783783783783784 0.04940711462450593
0 0.17621621621621622 0.9555335968379447 0.03027027027027027 0.05731225296442688
0 0.012972972972972972 1.0948616600790513 0.04540540540540541 0.10276679841897234
0 0.49567567567567566 1.0701581027667983 0.02054054054054054 0.03359683794466403
0 0.6994594594594594 0.9209486166007905 0.036756756756756756 0.06324110671936758
0 0.8232432432432433 0.8992094861660079 0.022702702702702703 0.043478260869565216
0 0.8454054054054054 0.8774703557312253 0.012972972972972972 0.023715415019762844
0 0.7745945945945946 0.8567193675889329 0.014054054054054054 0.025691699604743084
0 0.798918918918919 0.8478260869565217 0.010810810810810811 0.023715415019762844
0 0.7513513513513513 0.8567193675889329 0.010810810810810811 0.021739130434782608
0 0.6524324324324324 0.8705533596837944 0.018378378378378378 0.037549407114624504
0 0.7221621621621621 0.8478260869565217 0.010810810810810811 0.019762845849802372
0 0.68 0.8586956521739131 0.017297297297297298 0.029644268774703556
0 0.794054054054054 0.8330039525691699 0.0075675675675675675 0.017786561264822136
