0 0.07629107981220658 0.5111275964391692 0.033646322378716745 0.07566765578635015
0 0.15453834115805948 0.5875370919881305 0.036776212832550864 0.08605341246290801
0 0.2762128325508607 0.5467359050445104 0.0406885758998435 0.09050445103857567
0 0.41001564945226915 0.6112759643916914 0.03129890453834116 0.06824925816023739
0 0.6142410015649452 0.6083086053412463 0.04381846635367762 0.11869436201780416
0 0.5856807511737089 0.5882789317507419 0.036776212832550864 0.08753709198813056
0 0.7151799687010955 0.5593471810089021 0.03599374021909233 0.08605341246290801
0 0.9612676056338029 0.6513353115727003 0.04616588419405321 0.10089020771513353
0 0.8986697965571205 0.5534124629080118 0.027386541471048513 0.05934718100890208
0 0.8286384976525821 0.5979228486646885 0.025039123630672927 0.06231454005934718
0 0.7370892018779343 0.5370919881305638 0.025039123630672927 0.05637982195845697
0 0.7151799687010955 0.5593471810089021 0.03129890453834116 0.09198813056379822
0 0.6658841940532081 0.47700296735905046 0.014084507042253521 0.025222551928783383
0 0.5892018779342723 0.5400593471810089 0.03286384976525822 0.0771513353115727
0 0.5614241001564946 0.5318991097922848 0.028951486697965573 0.06083086053412463
0 0.4859154929577465 0.5393175074183977 0.02034428794992175 0.04599406528189911
0 0.4107981220657277 0.5511869436201781 0.01564945226917058 0.03412462908011869
0 0.3192488262910798 0.5563798219584569 0.02034428794992175 0.04451038575667656
0 0.3658059467918623 0.4970326409495549 0.013302034428794992 0.02967359050445104
0 0.357981220657277 0.4762611275964392 0.013302034428794992 0.026706231454005934
0 0.18348982785602505 0.5578635014836796 0.03051643192488263 0.05637982195845697
0 0.22065727699530516 0.5089020771513353 0.02034428794992175 0.03857566765578635
0 0.12245696400625979 0.45252225519287836 0.01486697965571205 0.02967359050445104
0 0.0418622848200313 0.4844213649851632 0.013302034428794992 0.025222551928783383
0 0.0837245696400626 0.46439169139465875 0.010954616588419406 0.020771513353115726
0 0.09350547730829421 0.47181008902077154 0.013302034428794992 0.02967359050445104
0 0.2554773082942097 0.37537091988130566 0.013302034428794992 0.02967359050445104
0 0.27073552425665104 0.4621661721068249 0.01564945226917058 0.03412462908011869
0 0.4045383411580595 0.49332344213649854 0.01564945226917058 0.028189910979228485
0 0.397887323943662 0.4762611275964392 0.013302034428794992 0.02967359050445104
0 0.4276212832550861 0.47477744807121663 0.013302034428794992 0.02373887240356083
0 0.4385758998435055 0.5801186943620178 0.033646322378716745 0.07418397626112759
0 0.465962441314554 0.46513353115727 0.011737089201877934 0.025222551928783383
0 0.4878716744913928 0.4948071216617211 0.013302034428794992 0.03115727002967359
0 0.5070422535211268 0.505192878338279 0.014084507042253521 0.03115727002967359
0 0.48865414710485133 0.49332344213649854 0.01486697965571205 0.03412462908011869
0 0.5172143974960877 0.4540059347181009 0.010954616588419406 0.02373887240356083
0 0.5563380281690141 0.47477744807121663 0.012519561815336464 0.026706231454005934
0 0.6220657276995305 0.48293768545994065 0.01564945226917058 0.03115727002967359
0 0.6314553990610329 0.47181008902077154 0.01564945226917058 0.026706231454005934
0 0.8114241001564946 0.5059347181008902 0.010954616588419406 0.020771513353115726
0 0.832942097026604 0.5207715133531158 0.01486697965571205 0.032640949554896145
0 0.798904538341158 0.5103857566765578 0.010954616588419406 0.02373887240356083
0 0.8035993740219093 0.47032640949554894 0.010954616588419406 0.02373887240356083
0 0.8055555555555556 0.4332344213649852 0.007042253521126761 0.011869436201780416
0 0.8642410015649452 0.44807121661721067 0.007042253521126761 0.01483679525222552
0 0.9104068857589984 0.4970326409495549 0.013302034428794992 0.026706231454005934
0 0.9209702660406885 0.49258160237388726 0.010954616588419406 0.020771513353115726
0 0.9397496087636933 0.4762611275964392 0.012519561815336464 0.026706231454005934
0 0.8912363067292645 0.48887240356083084 0.010954616588419406 0.028189910979228485
0 0.9960876369327074 0.413946587537092 0.004694835680751174 0.011869436201780416
0 0.9107981220657277 0.4258160237388724 0.004694835680751174 0.008902077151335312
0 0.9162754303599374 0.413946587537092 0.004694835680751174 0.008902077151335312
0 0.7816901408450704 0.4132047477744807 0.004694835680751174 0.010385756676557863
0 0.7949921752738655 0.43026706231454004 0.010954616588419406 0.06528189910979229
0 0.8067292644757433 0.4013353115727003 0.004694835680751174 0.00741839762611276
0 0.5825508607198748 0.422106824925816 0.008607198748043818 0.019287833827893175
0 0.5461658841940532 0.4280415430267062 0.00782472613458529 0.019287833827893175
0 0.9878716744913928 0.40801186943620177 0.003912363067292645 0.008902077151335312
