0 0.798306389530408 0.6095238095238096 0.08622016936104696 0.1523809523809524
0 0.6347190146266358 0.5517006802721088 0.06543494996150885 0.13741496598639455
0 0.9880677444187836 0.5755102040816327 0.010007698229407237 0.01904761904761905
0 0.9141647421093149 0.563265306122449 0.011547344110854504 0.021768707482993196
0 0.9049268668206313 0.5591836734693878 0.008468052347959968 0.0163265306122449
0 0.8652809853733642 0.6217687074829932 0.02771362586605081 0.1306122448979592
0 0.7359507313317937 0.6190476190476191 0.023094688221709007 0.1523809523809524
0 0.7040030792917629 0.6095238095238096 0.02386451116243264 0.11700680272108843
0 0.5877598152424942 0.5693877551020409 0.011547344110854504 0.02040816326530612
0 0.3391070053887606 0.5687074829931973 0.010007698229407237 0.01904761904761905
0 0.25943033102386454 0.5775510204081633 0.006158583525789068 0.012244897959183673
0 0.26250962278675904 0.563265306122449 0.007698229407236336 0.013605442176870748
0 0.2409545804464973 0.5625850340136055 0.007698229407236336 0.014965986394557823
0 0.2251732101616628 0.5925170068027211 0.01770592763664357 0.09115646258503401
0 0.20785219399538107 0.5653061224489796 0.007698229407236336 0.014965986394557823
