0 0.4993849938499385 0.691722972972973 0.0996309963099631 0.34290540540540543
0 0.6119311193111932 0.5456081081081081 0.0971709717097171 0.3614864864864865
0 0.7250922509225092 0.34628378378378377 0.0959409594095941 0.34459459459459457
0 0.8573185731857319 0.35050675675675674 0.0959409594095941 0.36317567567567566
0 0.27183271832718325 0.8403716216216216 0.1045510455104551 0.3530405405405405
0 0.17281672816728166 0.691722972972973 0.0996309963099631 0.3766891891891892
0 0.002152521525215252 0.5152027027027027 0.0940959409594096 0.44594594594594594
0 0.07380073800738007 0.34966216216216217 0.056580565805658053 0.17229729729729729
0 0.22570725707257072 0.3032094594594595 0.08610086100861009 0.28209459459459457
0 0.35301353013530135 0.19087837837837837 0.08733087330873308 0.34797297297297297
0 0.45940959409594095 0.24155405405405406 0.08856088560885608 0.3277027027027027
0 0.5341328413284133 0.3952702702702703 0.09040590405904059 0.3344594594594595
0 0.8407134071340714 0.19763513513513514 0.06519065190651907 0.20608108108108109
0 0.23400984009840098 0.5793918918918919 0.08548585485854858 0.34121621621621623
0 0.672509225092251 0.41300675675675674 0.06826568265682657 0.23817567567567569
