0 0.040429887410440124 1.0538194444444444 0.019447287615148412 0.0798611111111111
0 0.0992835209825998 0.9895833333333334 0.02456499488229273 0.09722222222222222
0 0.14790174002047082 0.9409722222222222 0.05834186284544524 0.25
0 0.23797338792221084 1.0416666666666667 0.052200614124872056 0.22916666666666666
0 0.30040941658137155 0.8611111111111112 0.048106448311156604 0.2152777777777778
0 0.33572159672466734 1.03125 0.05527123848515865 0.22916666666666666
0 0.4595701125895599 1.0017361111111112 0.06345957011258956 0.2326388888888889
0 0.49590583418628453 1.0642361111111112 0.01330603889457523 0.052083333333333336
0 0.5435005117707267 1.0572916666666667 0.06141248720573183 0.2465277777777778
0 0.6028659160696008 0.8871527777777778 0.057318321392016376 0.21875
0 0.6699078812691914 1.0104166666666667 0.06448311156601842 0.2777777777777778
0 0.8444216990788127 0.9600694444444444 0.08188331627430911 0.3159722222222222
0 0.9027635619242579 1.0711805555555556 0.014329580348004094 0.04513888888888889
0 1.0240532241555782 1.1284722222222223 0.01330603889457523 0.04861111111111111
