0 0.8499222395023328 0.22657580919931858 0.11975116640746501 0.27597955706984667
0 0.5660964230171073 0.14224872231686542 0.09331259720062209 0.2231686541737649
0 0.3440902021772939 0.17035775127768313 0.059875583203732506 0.1635434412265758
0 0.26010886469673405 0.17632027257240204 0.05054432348367029 0.13458262350936967
0 0.23367029548989113 0.1465076660988075 0.038102643856920686 0.10902896081771721
0 0.10692068429237947 0.19165247018739354 0.038102643856920686 0.10391822827938671
0 0.12752721617418353 0.062180579216354344 0.03110419906687403 0.07666098807495741
0 0.009720062208398134 0.12947189097103917 0.02410575427682737 0.06132879045996593
0 0.04665629860031104 0.21890971039182283 0.03421461897356143 0.08006814310051108
0 0.08437013996889581 0.21124361158432708 0.028771384136858476 0.08517887563884156
0 0.5167185069984448 -0.20783645655877342 0.0660964230171073 0.14991482112436116
