0 1.0741684147437818 0.4587301587301587 0.05543901708121067 0.14285714285714285
0 1.0780641294575966 0.33714285714285713 0.0650284686844471 0.12698412698412698
0 0.9680851063829787 0.3568253968253968 0.05783637998201978 0.14222222222222222
0 0.9424632903805814 0.2606349206349206 0.05394066526820498 0.13015873015873017
0 0.8366796523823794 0.33015873015873015 0.0425531914893617 0.11428571428571428
0 0.8709919089002097 0.36063492063492064 0.05064429127959245 0.13333333333333333
0 0.7842373389271801 0.4053968253968254 0.049145939466586755 0.13142857142857142
0 0.778693437219059 0.29555555555555557 0.04345220257716512 0.11238095238095239
0 0.7404854659874138 0.3307936507936508 0.0371591249625412 0.11047619047619048
0 0.7085705723703926 0.3780952380952381 0.05064429127959245 0.13396825396825396
0 0.6774048546598741 0.31587301587301586 0.038058136050344624 0.10603174603174603
0 0.6409949056038358 0.38285714285714284 0.04854659874138448 0.12444444444444444
0 0.613425232244531 0.2984126984126984 0.039556487863350316 0.10920634920634921
0 0.5764159424632904 0.3495238095238095 0.047048246928378785 0.12126984126984126
0 0.5486964339226851 0.3396825396825397 0.03835780641294576 0.12063492063492064
0 0.4952052741983818 0.39746031746031746 0.04345220257716512 0.12317460317460317
0 0.5136350014983518 0.3295238095238095 0.03895714713814804 0.10666666666666667
0 0.46748576565777644 0.2777777777777778 0.036559784237338924 0.09714285714285714
0 0.44186394965537906 0.3034920634920635 0.044051543302367394 0.11301587301587301
0 0.41938867246029365 0.33015873015873015 0.04764758765358106 0.1295238095238095
0 0.362900809109979 0.3558730158730159 0.04435121366496853 0.11873015873015873
0 0.3237938267905304 0.3819047619047619 0.051842972729997 0.13777777777777778
0 0.2788432724003596 0.29873015873015873 0.04584956547797423 0.12126984126984126
0 0.229997003296374 0.32126984126984126 0.060233742882828886 0.16126984126984126
0 0.1810008990110878 0.31142857142857144 0.05214264309259814 0.13142857142857142
0 0.13994605933473178 0.2584126984126984 0.058735391069823194 0.14222222222222222
