0 0.04212598425196851 0.9228329809725159 0.027559055118110236 0.06553911205073996
0 0.11377952755905511 0.8361522198731501 0.008661417322834646 0.02748414376321353
0 0.11811023622047244 0.8266384778012685 0.012598425196850394 0.03382663847780127
0 0.13346456692913386 0.854122621564482 0.010236220472440945 0.02959830866807611
0 0.11929133858267717 0.8350951374207188 0.011811023622047244 0.03382663847780127
0 0.15866141732283465 0.8118393234672304 0.011811023622047244 0.03805496828752643
0 0.17598425196850392 0.8414376321353065 0.013385826771653543 0.046511627906976744
0 0.20669291338582677 0.813953488372093 0.014960629921259842 0.0507399577167019
0 0.2763779527559055 0.8118393234672304 0.02204724409448819 0.05919661733615222
0 0.3421259842519685 0.8509513742071881 0.03228346456692913 0.09090909090909091
0 0.5889763779527559 0.7536997885835095 0.06929133858267716 0.1839323467230444
0 0.8944881889763779 0.9482029598308668 0.048818897637795275 0.1543340380549683
0 0.9181102362204724 0.6268498942917548 0.05984251968503937 0.20507399577167018
