0 0.05130890052356021 0.5669856459330144 0.03769633507853403 0.2727272727272727
0 0.1324607329842932 0.41626794258373206 0.05340314136125655 0.3253588516746411
0 0.187434554973822 0.6004784688995215 0.033507853403141365 0.19617224880382775
0 0.27905759162303667 0.5119617224880383 0.032460732984293195 0.20095693779904306
0 0.29109947643979056 0.645933014354067 0.033507853403141365 0.22009569377990432
0 0.3675392670157068 0.562200956937799 0.03769633507853403 0.2535885167464115
0 0.35026178010471204 1.1004784688995215 0.04293193717277487 0.3062200956937799
0 0.46910994764397906 0.5334928229665071 0.08167539267015707 0.5215311004784688
0 0.7240837696335078 0.5598086124401914 0.03455497382198953 0.19138755980861244
0 0.7958115183246073 0.6220095693779905 0.0356020942408377 0.21052631578947367
0 0.8785340314136125 0.6578947368421053 0.033507853403141365 0.18660287081339713
0 0.9481675392670157 0.7416267942583732 0.03455497382198953 0.22009569377990432
0 0.7534031413612565 0.9688995215311005 0.07853403141361257 0.40669856459330145
0 0.8387434554973822 0.6722488038277512 0.031413612565445025 0.17703349282296652
0 0.3486910994764398 0.5885167464114832 0.025130890052356022 0.16267942583732056
0 -0.017277486910994764 0.5334928229665071 0.03455497382198953 0.17703349282296652
