0 1.1165270373191165 1.704268292682927 0.08834729626808835 0.4268292682926829
0 1.0057121096725057 1.7393292682926829 0.08301599390708302 0.4481707317073171
0 0.7882711348057883 1.7408536585365855 0.08377760853008377 0.4146341463414634
0 0.5818735719725818 1.4939024390243902 0.07920792079207921 0.42073170731707316
0 0.46725057121096725 1.6128048780487805 0.09063214013709063 0.4451219512195122
0 0.3492003046458492 1.611280487804878 0.08453922315308454 0.4420731707317073
0 0.2996953541507997 1.228658536585366 0.09367859862909368 0.4573170731707317
0 0.49657273419649656 1.1844512195121952 0.0853008377760853 0.4420731707317073
0 0.733054074638233 1.2835365853658536 0.08149276466108149 0.4146341463414634
0 0.9166031987814166 1.420731707317073 0.07235338918507235 0.42073170731707316
0 1.03008377760853 1.3170731707317074 0.08453922315308454 0.4024390243902439
0 1.2094440213252093 1.298780487804878 0.08682406702208682 0.40853658536585363
