0 0.10077145612343298 0.199 0.06075216972034716 0.178
0 0.38138862102217935 0.364 0.037608486017357765 0.104
0 0.4117647058823529 0.416 0.048216007714561235 0.116
0 0.4971070395371263 0.4 0.05110896817743491 0.112
0 0.6726133076181292 0.371 0.037608486017357765 0.086
0 0.8510125361620058 0.407 0.04532304725168756 0.106
0 0.9238187078109933 0.341 0.040501446480231434 0.106
0 0.9508196721311475 0.529 0.12150433944069432 0.262
0 0.9918032786885246 0.59 0.12825458052073288 0.352
0 0.9860173577627772 0.899 0.16875602700096431 0.422
