0 0.9900839054157132 0.8547826086956521 0.018306636155606407 0.09565217391304348
0 0.9717772692601068 0.8243478260869566 0.006102212051868803 0.017391304347826087
0 0.778794813119756 0.7965217391304348 0.007627765064836003 0.017391304347826087
0 0.8310450038138826 0.3652173913043478 0.09534706331045004 0.21913043478260869
0 0.5987795575896262 0.5860869565217391 0.04271548436308162 0.10434782608695652
0 0.6475972540045767 0.46956521739130436 0.05186880244088482 0.1391304347826087
0 0.4755911517925248 0.45130434782608697 0.06178489702517163 0.16869565217391305
0 0.4225781845919146 0.5008695652173913 0.06254767353165523 0.17739130434782607
0 0.4096109839816934 0.44782608695652176 0.04881769641495042 0.13391304347826086
0 0.3337147215865751 0.5295652173913044 0.05263157894736842 0.14782608695652175
0 0.2437070938215103 0.3765217391304348 0.07398932112890923 0.21391304347826087
0 0.20976353928299007 0.46347826086956523 0.10983981693363844 0.24869565217391304
0 0.12662090007627766 0.5721739130434783 0.041189931350114416 0.10434782608695652
0 0.041571319603356215 0.41391304347826086 0.06636155606407322 0.18434782608695652
