0 1.0583941605839415 1.4571865443425076 0.058394160583941604 0.14984709480122324
0 0.9129301355578728 1.4097859327217126 0.049009384775808136 0.1529051987767584
0 0.7664233576642335 1.5428134556574924 0.03128258602711158 0.12538226299694188
0 0.6527632950990615 1.4617737003058104 0.043795620437956206 0.15902140672782875
0 0.502606882168926 1.5565749235474007 0.03962460896767466 0.14678899082568808
0 0.3925964546402503 1.6269113149847094 0.040667361835245046 0.12844036697247707
0 0.32742440041710114 1.6024464831804281 0.022940563086548488 0.09174311926605505
0 0.30709071949947864 1.5932721712538227 0.023983315954118872 0.07951070336391437
0 0.2210636079249218 1.628440366972477 0.03128258602711158 0.08256880733944955
0 0.10114702815432743 1.651376146788991 0.027111574556830033 0.09785932721712538
0 0.4483837330552659 1.525993883792049 0.035453597497393116 0.1162079510703364
