0 2.0779411764705884 4.10472972972973 0.19117647058823528 0.9324324324324325
0 2.1838235294117645 4.339527027027027 0.013235294117647059 0.07094594594594594
0 2.2073529411764707 4.358108108108108 0.013235294117647059 0.05405405405405406
0 2.2301470588235293 4.375 0.013235294117647059 0.06756756756756757
0 2.240073529411765 4.341216216216216 0.0125 0.06756756756756757
0 2.184191176470588 4.339527027027027 0.0125 0.06418918918918919
0 2.9503676470588234 4.297297297297297 0.011029411764705883 0.05405405405405406
0 2.976838235294118 4.304054054054054 0.011029411764705883 0.060810810810810814
0 2.942279411764706 4.347972972972973 0.009558823529411765 0.0472972972972973
0 2.133088235294118 4.342905405405405 0.008823529411764706 0.04391891891891892
0 2.534558823529412 4.35472972972973 0.007352941176470588 0.04054054054054054
0 2.4808823529411765 4.3800675675675675 0.004411764705882353 0.02364864864864865
0 2.4724264705882355 4.4391891891891895 0.015441176470588236 0.19594594594594594
0 2.460294117647059 4.445945945945946 0.013235294117647059 0.1891891891891892
0 2.4400735294117646 4.378378378378378 0.006617647058823529 0.033783783783783786
0 2.426470588235294 4.447635135135135 0.011764705882352941 0.20608108108108109
0 2.418014705882353 4.4391891891891895 0.011029411764705883 0.21621621621621623
0 2.4580882352941176 4.375 0.0058823529411764705 0.02702702702702703
0 2.8136029411764705 4.337837837837838 0.0125 0.05405405405405406
0 2.829044117647059 4.35472972972973 0.011029411764705883 0.05405405405405406
0 2.840441176470588 4.339527027027027 0.013235294117647059 0.06418918918918919
0 2.8481617647058823 4.486486486486487 0.019852941176470587 0.30405405405405406
0 2.869485294117647 4.342905405405405 0.009558823529411765 0.06418918918918919
