0 0.7515463917525773 0.8844731977818854 0.049484536082474224 0.10905730129390019
0 0.9329896907216495 0.3234750462107209 0.018556701030927835 0.036968576709796676
0 0.8989690721649485 0.27911275415896486 0.016494845360824743 0.033271719038817
0 0.8731958762886598 0.20055452865064696 0.01443298969072165 0.027726432532347505
0 0.8613402061855671 0.2800369685767098 0.021649484536082474 0.038817005545286505
0 0.795360824742268 0.18114602587800369 0.01134020618556701 0.022181146025878003
0 0.7175257731958763 0.1876155268022181 0.01443298969072165 0.024029574861367836
0 0.8201030927835051 0.36229205175600737 0.023711340206185566 0.04436229205175601
0 0.8427835051546392 0.3068391866913124 0.021649484536082474 0.04066543438077634
0 0.8118556701030928 0.29944547134935307 0.021649484536082474 0.04436229205175601
0 0.7948453608247422 0.3419593345656192 0.020618556701030927 0.04436229205175601
0 0.7922680412371134 0.4020332717190388 0.023711340206185566 0.04990757855822551
0 0.7463917525773196 0.37615526802218113 0.02268041237113402 0.053604436229205174
0 0.7546391752577319 0.4805914972273567 0.030927835051546393 0.06284658040665435
0 0.6829896907216495 0.4953789279112754 0.029896907216494847 0.05545286506469501
0 0.6855670103092784 0.42791127541589646 0.0288659793814433 0.06839186691312385
0 0.6262886597938144 0.5009242144177449 0.031958762886597936 0.07024029574861368
0 0.581958762886598 0.5092421441774492 0.031958762886597936 0.07948243992606285
0 0.5371134020618556 0.455637707948244 0.030927835051546393 0.06469500924214418
0 0.4984536082474227 0.5988909426987061 0.031958762886597936 0.07024029574861368
0 0.22989690721649483 0.46950092421441775 0.0288659793814433 0.06284658040665435
0 0.2912371134020619 0.4177449168207024 0.027835051546391754 0.05545286506469501
0 0.34690721649484535 0.512014787430684 0.031958762886597936 0.06284658040665435
0 0.42061855670103093 0.7338262476894639 0.04536082474226804 0.10351201478743069
0 0.33298969072164947 0.7643253234750462 0.05979381443298969 0.12014787430683918
0 0.415979381443299 0.7310536044362292 0.042268041237113405 0.07948243992606285
0 0.5701030927835051 0.13585951940850277 0.008247422680412371 0.0166358595194085
0 0.5443298969072164 0.12846580406654343 0.008247422680412371 0.0166358595194085
0 0.4979381443298969 0.18207024029574861 0.010309278350515464 0.02033271719038817
0 0.5051546391752577 0.19963031423290203 0.012371134020618556 0.022181146025878003
0 0.5402061855670103 0.20425138632162662 0.012371134020618556 0.024029574861367836
0 0.5242268041237114 0.21164510166358594 0.013402061855670102 0.027726432532347505
0 0.5211340206185567 0.2578558225508318 0.01752577319587629 0.03512014787430684
0 0.45309278350515464 0.23752310536044363 0.01752577319587629 0.031423290203327174
0 0.44278350515463916 0.17652495378927913 0.01134020618556701 0.024029574861367836
0 0.4108247422680412 0.22365988909426987 0.009278350515463918 0.022181146025878003
0 0.4 0.266173752310536 0.016494845360824743 0.029574861367837338
0 0.29742268041237113 0.28373382624768945 0.01752577319587629 0.03512014787430684
0 0.3304123711340206 0.25970425138632164 0.01752577319587629 0.038817005545286505
0 0.272680412371134 0.24953789279112754 0.01958762886597938 0.033271719038817
0 0.19845360824742267 0.3585951940850277 0.021649484536082474 0.04805914972273567
0 0.46494845360824744 0.3068391866913124 0.018556701030927835 0.04436229205175601
0 0.4056701030927835 0.4408502772643253 0.023711340206185566 0.06839186691312385
0 0.4298969072164949 0.5046210720887245 0.030927835051546393 0.066543438077634
0 0.4247422680412371 0.5517560073937153 0.032989690721649485 0.07578558225508318
0 0.39484536082474225 0.4953789279112754 0.030927835051546393 0.066543438077634
0 0.7134020618556701 0.4232902033271719 0.030927835051546393 0.059149722735674676
0 0.7695876288659794 0.3317929759704251 0.01752577319587629 0.038817005545286505
0 0.7463917525773196 0.3752310536044362 0.024742268041237112 0.051756007393715345
0 0.6917525773195876 0.3835489833641405 0.020618556701030927 0.04251386321626617
0 0.6618556701030928 0.43253234750462105 0.024742268041237112 0.051756007393715345
0 0.6278350515463917 0.422365988909427 0.024742268041237112 0.053604436229205174
0 0.5876288659793815 0.40388170055452866 0.026804123711340205 0.053604436229205174
0 0.5520618556701031 0.4297597042513863 0.023711340206185566 0.053604436229205174
0 0.5237113402061856 0.4463955637707948 0.020618556701030927 0.04990757855822551
0 0.5170103092783506 0.42051756007393715 0.01958762886597938 0.04251386321626617
0 0.4845360824742268 0.4408502772643253 0.020618556701030927 0.04990757855822551
0 0.4829896907216495 0.41035120147874304 0.021649484536082474 0.04805914972273567
0 0.4577319587628866 0.3659889094269871 0.018556701030927835 0.04436229205175601
0 0.42061855670103093 0.36414048059149723 0.020618556701030927 0.04066543438077634
0 0.41855670103092785 0.32717190388170053 0.02268041237113402 0.04436229205175601
0 0.3561855670103093 0.3927911275415896 0.023711340206185566 0.05730129390018484
0 0.3304123711340206 0.44824399260628467 0.023711340206185566 0.05730129390018484
0 0.36907216494845363 0.3632162661737523 0.020618556701030927 0.04251386321626617
0 0.5278350515463918 0.37615526802218113 0.02268041237113402 0.04621072088724584
0 0.4979381443298969 0.3465804066543438 0.020618556701030927 0.03512014787430684
0 0.49536082474226806 0.3789279112754159 0.021649484536082474 0.04805914972273567
0 0.5639175257731959 0.33271719038817005 0.020618556701030927 0.04066543438077634
0 0.572680412371134 0.3853974121996303 0.01958762886597938 0.04990757855822551
0 0.6541237113402062 0.35304990757855825 0.021649484536082474 0.05545286506469501
0 0.668041237113402 0.38817005545286504 0.0288659793814433 0.05545286506469501
0 0.6762886597938145 0.32162661737523107 0.02268041237113402 0.051756007393715345
0 0.6077319587628865 0.33733826247689463 0.021649484536082474 0.04251386321626617
0 0.6298969072164948 0.3123844731977819 0.018556701030927835 0.04066543438077634
0 0.6623711340206185 0.2698706099815157 0.015463917525773196 0.033271719038817
0 0.7072164948453609 0.2587800369685767 0.016494845360824743 0.033271719038817
0 0.7180412371134021 0.26155268022181144 0.01752577319587629 0.038817005545286505
0 0.7319587628865979 0.2975970425138632 0.020618556701030927 0.04436229205175601
0 0.5902061855670103 0.3391866913123845 0.01958762886597938 0.04990757855822551
0 0.5907216494845361 0.2754158964879852 0.01443298969072165 0.036968576709796676
0 0.5628865979381443 0.2975970425138632 0.018556701030927835 0.033271719038817
0 0.5881443298969072 0.23290203327171904 0.01134020618556701 0.025878003696857672
0 0.5706185567010309 0.21903881700554528 0.007216494845360825 0.0166358595194085
0 0.6474226804123712 0.22828096118299446 0.012371134020618556 0.024029574861367836
0 0.5175257731958763 0.3049907578558225 0.016494845360824743 0.036968576709796676
0 0.4927835051546392 0.2754158964879852 0.016494845360824743 0.033271719038817
0 0.6221649484536083 0.2513863216266174 0.013402061855670102 0.025878003696857672
0 0.6809278350515464 0.2634011090573013 0.03402061855670103 0.10905730129390019
0 0.7608247422680412 0.28927911275415896 0.018556701030927835 0.038817005545286505
0 0.7860824742268041 0.2698706099815157 0.01752577319587629 0.033271719038817
0 0.7190721649484536 0.300369685767098 0.013402061855670102 0.031423290203327174
0 0.7463917525773196 0.33548983364140483 0.020618556701030927 0.04251386321626617
0 0.6371134020618556 0.2911275415896488 0.01443298969072165 0.03512014787430684
0 0.4556701030927835 0.7014787430683919 0.04329896907216495 0.08687615526802218
0 0.3525773195876289 0.2874306839186691 0.01443298969072165 0.024029574861367836
0 0.45103092783505155 0.20147874306839186 0.007216494845360825 0.014787430683918669
0 0.6443298969072165 0.32255083179297594 0.01443298969072165 0.031423290203327174
0 0.73659793814433 0.26247689463955637 0.015463917525773196 0.033271719038817
0 0.7283505154639175 0.23844731977818853 0.015463917525773196 0.029574861367837338
0 0.9695876288659794 0.4537892791127542 0.06907216494845361 0.2902033271719039
