0 1.6793981481481481 1.5116279069767442 0.09027777777777778 0.24186046511627907
0 1.4467592592592593 1.630232558139535 0.10185185185185185 0.2558139534883721
0 1.6134259259259258 1.5767441860465117 0.032407407407407406 0.08372093023255814
0 1.494212962962963 1.6651162790697673 0.04398148148148148 0.12093023255813953
0 1.3113425925925926 1.6651162790697673 0.06712962962962964 0.16744186046511628
0 1.3263888888888888 1.513953488372093 0.05092592592592592 0.14418604651162792
0 1.119212962962963 1.6069767441860465 0.0763888888888889 0.19069767441860466
0 0.8171296296296297 1.5744186046511628 0.08796296296296297 0.2
0 0.7638888888888888 1.558139534883721 0.041666666666666664 0.11162790697674418
0 0.9351851851851852 1.5558139534883721 0.05555555555555555 0.12558139534883722
0 1.0520833333333333 1.6093023255813954 0.05324074074074074 0.11162790697674418
0 1.7303240740740742 1.5302325581395348 0.02546296296296296 0.05581395348837209
