0 0.9806590257879656 0.016087516087516088 0.01002865329512894 0.011583011583011582
0 0.29441260744985676 0.32754182754182753 0.03581661891117478 0.03732303732303732
0 0.33954154727793695 0.33912483912483915 0.04011461318051576 0.039897039897039896
0 0.1840974212034384 0.41505791505791506 0.044412607449856735 0.05019305019305019
0 0.3861031518624642 0.4272844272844273 0.04154727793696275 0.0489060489060489
0 0.11031518624641834 0.5617760617760618 0.03151862464183381 0.02702702702702703
0 0.3022922636103152 0.6396396396396397 0.05157593123209169 0.05662805662805663
0 0.4290830945558739 0.6441441441441441 0.050143266475644696 0.055341055341055344
0 0.45916905444126077 0.555984555984556 0.04727793696275072 0.043758043758043756
0 0.49641833810888253 0.5341055341055341 0.03868194842406877 0.03861003861003861
0 0.5551575931232091 0.5173745173745173 0.04727793696275072 0.043758043758043756
0 0.5157593123209169 0.8082368082368082 0.06303724928366762 0.06177606177606178
0 0.5859598853868195 0.8642213642213642 0.08022922636103152 0.07593307593307594
0 0.75 0.9646074646074646 0.07306590257879657 0.07078507078507079
0 0.5265042979942693 0.6396396396396397 0.050143266475644696 0.059202059202059204
0 0.6432664756446992 0.3539253539253539 0.034383954154727794 0.036036036036036036
0 0.6497134670487106 0.38803088803088803 0.04154727793696275 0.04247104247104247
0 0.7571633237822349 0.4189189189189189 0.03868194842406877 0.039897039897039896
0 0.8287965616045845 0.3738738738738739 0.03581661891117478 0.03732303732303732
0 0.6790830945558739 0.5669240669240669 0.04011461318051576 0.047619047619047616
0 0.7363896848137536 0.5907335907335908 0.04871060171919771 0.04118404118404118
0 0.833810888252149 0.5579150579150579 0.05157593123209169 0.05276705276705277
0 0.9577363896848138 0.51994851994852 0.044412607449856735 0.04633204633204633
0 1.0415472779369628 0.5238095238095238 0.045845272206303724 0.04633204633204633
0 0.9455587392550143 0.5752895752895753 0.045845272206303724 0.05148005148005148
0 1.0651862464183381 0.611969111969112 0.05873925501432665 0.05276705276705277
0 0.8904011461318052 0.6447876447876448 0.0673352435530086 0.059202059202059204
0 0.7406876790830945 0.6235521235521235 0.05730659025787966 0.055341055341055344
0 1.0200573065902578 0.7335907335907336 0.06876790830945559 0.06692406692406692
