0 1.0975228475228476 0.6948470209339774 0.0594035594035594 0.2431561996779388
0 0.984006734006734 0.6815619967793881 0.05411255411255411 0.23752012882447665
0 0.8375420875420876 1.2999194847020934 0.05411255411255411 0.20531400966183574
0 0.8759018759018758 0.7552334943639292 0.04954304954304954 0.2318840579710145
0 0.7828282828282829 0.8756038647342995 0.04954304954304954 0.23107890499194847
0 0.69997594997595 1.2934782608695652 0.05411255411255411 0.24074074074074073
0 0.7056277056277056 0.8462157809983897 0.04858104858104858 0.21739130434782608
0 0.5456950456950457 1.4009661835748792 0.05098605098605099 0.20772946859903382
0 0.584054834054834 0.8272946859903382 0.046897546897546896 0.21658615136876005
0 0.6593314093314093 0.6473429951690821 0.04353054353054353 0.1706924315619968
0 0.42448292448292446 1.2669082125603865 0.05146705146705147 0.22302737520128824
0 0.4727032227032227 0.7053140096618358 0.045454545454545456 0.178743961352657
0 0.3183020683020683 1.359500805152979 0.051226551226551224 0.21175523349436393
0 0.2227032227032227 1.39170692431562 0.055796055796055795 0.23107890499194847
0 0.35798460798460796 0.6392914653784219 0.05026455026455026 0.23349436392914655
0 0.2350889850889851 0.6175523349436393 0.051226551226551224 0.22061191626409019
0 0.15271765271765272 0.820450885668277 0.05098605098605099 0.1964573268921095
