0 0.9145516074450084 1.9900793650793651 0.02707275803722504 0.17063492063492064
0 0.8134517766497462 2.003968253968254 0.0194585448392555 0.11904761904761904
0 0.9010152284263959 1.8888888888888888 0.02030456852791878 0.10317460317460317
0 0.827834179357022 1.9265873015873016 0.0194585448392555 0.11507936507936507
0 0.811336717428088 2.009920634920635 0.02030456852791878 0.11507936507936507
0 0.7918781725888325 1.9623015873015872 0.01692047377326565 0.10714285714285714
0 0.7339255499153976 2.0198412698412698 0.02284263959390863 0.12698412698412698
0 0.6704737732656514 2.0337301587301586 0.021150592216582064 0.12301587301587301
0 0.6395939086294417 2.0218253968253967 0.02030456852791878 0.13095238095238096
0 0.577834179357022 1.9781746031746033 0.02030456852791878 0.11507936507936507
0 0.5262267343485617 1.9722222222222223 0.018612521150592216 0.10317460317460317
0 0.504653130287648 1.9126984126984128 0.010998307952622674 0.06349206349206349
0 0.43908629441624364 1.9444444444444444 0.011844331641285956 0.05555555555555555
0 0.4200507614213198 1.9325396825396826 0.014382402707275803 0.06349206349206349
0 0.35194585448392557 1.9563492063492063 0.015228426395939087 0.07936507936507936
0 0.3079526226734349 1.9900793650793651 0.01353637901861252 0.06746031746031746
0 0.2808798646362098 2.001984126984127 0.01353637901861252 0.06746031746031746
0 0.2880710659898477 1.9900793650793651 0.009306260575296108 0.051587301587301584
0 0.2673434856175973 1.9722222222222223 0.01353637901861252 0.0873015873015873
0 0.23900169204737734 2.125 0.010998307952622674 0.05952380952380952
0 0.17681895093062605 1.9781746031746033 0.01692047377326565 0.0992063492063492
0 0.18824027072758037 1.9761904761904763 0.010998307952622674 0.07142857142857142
0 0.16370558375634517 1.9880952380952381 0.010998307952622674 0.05555555555555555
0 0.16159052453468697 1.9563492063492063 0.011844331641285956 0.05555555555555555
0 0.13874788494077833 1.9523809523809523 0.01353637901861252 0.06349206349206349
0 0.12732656514382404 1.9424603174603174 0.012690355329949238 0.051587301587301584
0 0.13494077834179358 2.0277777777777777 0.012690355329949238 0.07936507936507936
0 0.12351945854483926 2.0257936507936507 0.01353637901861252 0.07539682539682539
0 0.08671742808798646 1.9900793650793651 0.016074450084602367 0.0992063492063492
0 0.0583756345177665 2.0238095238095237 0.01353637901861252 0.0873015873015873
0 0.024957698815566837 1.9722222222222223 0.017766497461928935 0.10317460317460317
0 0.23011844331641285 1.9384920634920635 0.01015228426395939 0.05952380952380952
0 0.3062605752961083 1.867063492063492 0.008460236886632826 0.04365079365079365
0 0.35109983079526225 1.9246031746031746 0.011844331641285956 0.07142857142857142
0 0.372673434856176 1.8968253968253967 0.009306260575296108 0.047619047619047616
0 0.4606598984771574 1.873015873015873 0.009306260575296108 0.047619047619047616
0 0.4754653130287648 1.8611111111111112 0.008460236886632826 0.047619047619047616
