0 0.9791894852135816 0.5870967741935483 0.0416210295728368 0.16129032258064516
0 0.9485213581599123 0.6661290322580645 0.03723986856516977 0.13870967741935483
0 0.8110624315443593 0.9370967741935484 0.04271631982475356 0.15806451612903225
0 0.7234392113910186 0.9596774193548387 0.040525739320920046 0.14516129032258066
0 0.5974808324205915 0.8709677419354839 0.033953997809419496 0.13548387096774195
0 0.47316538882803943 0.9209677419354839 0.03723986856516977 0.14516129032258066
0 0.395947426067908 0.9532258064516129 0.033953997809419496 0.13225806451612904
0 0.3253012048192771 0.9435483870967742 0.03504928806133625 0.15161290322580645
0 0.20920043811610076 0.9451612903225807 0.03723986856516977 0.13548387096774195
0 0.15060240963855423 0.932258064516129 0.038335158817086525 0.15483870967741936
0 0.2294633077765608 0.8516129032258064 0.033953997809419496 0.12903225806451613
0 0.08762322015334063 0.5951612903225807 0.03723986856516977 0.13225806451612904
0 0.1330777656078861 0.6290322580645161 0.033953997809419496 0.12903225806451613
0 0.15553121577217963 0.6 0.028477546549835708 0.12258064516129032
0 0.1949616648411829 0.6096774193548387 0.02628696604600219 0.1032258064516129
0 0.24917853231106243 0.5967741935483871 0.03176341730558598 0.10967741935483871
0 0.2897042716319825 0.5419354838709678 0.03176341730558598 0.12258064516129032
0 0.3389923329682366 0.5 0.033953997809419496 0.14193548387096774
0 0.45125958378970427 0.5419354838709678 0.03504928806133625 0.14193548387096774
0 0.5147864184008762 0.582258064516129 0.03504928806133625 0.14516129032258066
0 0.604052573932092 0.5919354838709677 0.033953997809419496 0.11935483870967742
0 0.6681270536692223 0.6 0.03504928806133625 0.12903225806451613
0 0.7283680175246441 0.6 0.03504928806133625 0.12903225806451613
0 0.7705366922234392 0.5790322580645161 0.033953997809419496 0.12580645161290321
0 0.8340635268346112 0.6096774193548387 0.03614457831325301 0.12903225806451613
0 0.9025191675794085 0.614516129032258 0.0416210295728368 0.13870967741935483
0 0.7152245345016429 0.5193548387096775 0.03504928806133625 0.12903225806451613
0 0.663198247535597 0.4435483870967742 0.029572836801752465 0.12580645161290321
0 0.6297918948521358 0.4532258064516129 0.03285870755750274 0.12580645161290321
0 0.5635268346111719 0.5177419354838709 0.029572836801752465 0.11290322580645161
0 0.4868565169769989 0.5064516129032258 0.03176341730558598 0.12258064516129032
0 0.4189485213581599 0.5032258064516129 0.038335158817086525 0.14193548387096774
0 0.37349397590361444 0.5032258064516129 0.03285870755750274 0.12258064516129032
0 0.04819277108433735 0.6129032258064516 0.02628696604600219 0.07741935483870968
