0 0.019389701207883026 1.1080980683506687 0.004026276753549481 0.017087667161961365
0 0.040262767535494806 1.187221396731055 0.008476372112735749 0.02823179791976226
0 0.05626191989828353 1.187592867756315 0.017164653528289893 0.05572065378900446
0 0.09716041534223352 1.1158989598811293 0.049798686162322525 0.12481426448736999
0 0.12640389913117187 1.1790490341753344 0.0074168255986437805 0.03714710252600297
0 0.1417673235855054 1.212481426448737 0.01652892561983471 0.06537890044576523
0 0.15140919686374232 1.1556463595839523 0.009959737232464506 0.04234769687964339
0 0.1587200678109769 1.1697622585438336 0.007204916295825386 0.033432392273402674
0 0.18203009112100021 1.1567607726597327 0.009324009324009324 0.04011887072808321
0 0.18626827717736807 1.162332838038633 0.00974782792964611 0.03937592867756315
0 0.19379105742742106 1.1630757800891531 0.009535918626827717 0.036404160475482915
0 0.19474464929010382 1.1422734026745913 0.007204916295825386 0.030460624071322436
0 0.20512820512820512 1.160846953937593 0.007204916295825386 0.02897473997028232
0 0.2162534435261708 1.1582466567607728 0.01080737444373808 0.0475482912332838
0 0.22197499470226742 1.1831352154531947 0.008264462809917356 0.034918276374442794
0 0.23172282263191354 1.162704309063893 0.009959737232464506 0.04011887072808321
0 0.23892773892773891 1.1537890044576522 0.01080737444373808 0.041604754829123326
0 0.2730451366815003 1.160104011887073 0.01250264886628523 0.046805349182763745
0 0.262131807586353 1.1586181277860328 0.016952744225471498 0.075037147102526
0 0.29550752278025005 1.1771916790490342 0.01080737444373808 0.043833580980683504
0 0.4793388429752066 0.37555720653789004 0.02542911633820725 0.10326894502228826
0 0.7143462598008052 1.2039375928677563 0.017800381436745075 0.0824665676077266
0 0.7240940877304514 1.1419019316493313 0.008476372112735749 0.0237741456166419
0 0.728756092392456 1.1214710252600297 0.008052553507098962 0.04086181277860327
0 0.7357490993854631 1.1311292719167905 0.00974782792964611 0.046805349182763745
0 0.7503708412799321 1.1411589895988112 0.009324009324009324 0.03417533432392273
0 0.7638270820089001 1.1207280832095097 0.009959737232464506 0.04234769687964339
0 0.744331426149608 1.1069836552748886 0.003178639542275906 0.01188707280832095
0 0.7543971180334816 1.0709509658246656 0.0033905488450943 0.015601783060921248
0 0.7664759482941301 1.0731797919762258 0.0029667302394575123 0.01411589895988113
0 0.777177368086459 1.0661218424962853 0.003602458147912693 0.014858841010401188
0 0.7927527018436109 1.1147845468053492 0.01144310235219326 0.043833580980683504
0 0.8059970332697606 1.12369985141159 0.02564102564102564 0.11069836552748885
0 0.8553719008264463 1.1575037147102527 0.00572155117609663 0.022288261515601784
0 0.8756092392456029 1.0326894502228827 0.003814367450731087 0.03566121842496285
0 0.8855689764780674 1.0858098068350668 0.012714558169103624 0.045319465081723624
0 0.9121635939817758 1.1166419019316494 0.01250264886628523 0.04903417533432392
0 0.9476584022038568 1.1344725111441307 0.01652892561983471 0.06537890044576523
0 0.9672600127145582 1.1300148588410104 0.00911210002119093 0.03863298662704309
0 0.9934308116126298 1.1664190193164934 0.007204916295825386 0.02526002971768202
0 1.002119093028184 1.1080980683506687 0.010171646535282899 0.043833580980683504
0 0.7565162110616656 1.1014115898959882 0.0042381860563678745 0.015601783060921248
