0 0.025196850393700787 0.8823529411764706 0.047244094488188976 0.08823529411764706
0 0.1220472440944882 0.8648897058823529 0.05826771653543307 0.07904411764705882
0 0.2622047244094488 0.8924632352941176 0.05511811023622047 0.07536764705882353
0 0.40551181102362205 0.8575367647058824 0.06456692913385827 0.0900735294117647
0 0.4220472440944882 0.8841911764705882 0.050393700787401574 0.06985294117647059
0 0.5582677165354331 0.8676470588235294 0.03937007874015748 0.058823529411764705
0 0.5897637795275591 0.8547794117647058 0.029921259842519685 0.04044117647058824
0 0.6480314960629922 0.8428308823529411 0.03307086614173228 0.042279411764705885
0 0.6834645669291338 0.8547794117647058 0.028346456692913385 0.04044117647058824
0 0.7692913385826772 0.9126838235294118 0.10551181102362205 0.13786764705882354
0 0.9448818897637795 0.8639705882352942 0.11338582677165354 0.16544117647058823
