0 0.6153717905968656 0.871021377672209 0.04101367122374125 0.07933491686460807
0 0.26558852950983663 0.9135391923990499 0.0383461153717906 0.05130641330166271
0 0.06635545181727243 0.931353919239905 0.025341780593531177 0.03657957244655582
0 0.022507502500833613 0.8933491686460807 0.01567189063021007 0.022327790973871733
0 0.13337779259753252 0.8795724465558195 0.017339113037679228 0.028028503562945367
0 0.1920640213404468 0.8432304038004751 0.019339779926642216 0.030403800475059382
0 0.9908302767589197 0.866270783847981 0.01833944648216072 0.08788598574821853
0 0.9869956652217405 0.8299287410926366 0.008002667555851951 0.012351543942992874
0 0.9401467155718572 0.8707838479809976 0.028342780926975657 0.1016627078384798
0 0.9264754918306102 0.868646080760095 0.020340113371123708 0.1021377672209026
