0 0.5294438386041439 1.0773109243697478 0.1515812431842966 0.22857142857142856
0 0.6919302071973827 1.0470588235294118 0.10141766630316248 0.18823529411764706
0 0.7557251908396947 1.1613445378151261 0.07633587786259542 0.11764705882352941
0 0.9083969465648855 1.2042016806722688 0.07851690294438386 0.14285714285714285
0 0.8533260632497274 1.5403361344537816 0.12540894220283533 0.2134453781512605
0 0.9721919302071974 1.7521008403361344 0.11450381679389313 0.35798319327731093
0 0.12540894220283533 1.7680672268907562 0.17448200654307525 0.3697478991596639
0 0.27099236641221375 1.515126050420168 0.14285714285714285 0.21008403361344538
0 0.2159214830970556 1.3605042016806723 0.08942202835332606 0.146218487394958
0 0.2208287895310796 1.1907563025210084 0.08178844056706652 0.11260504201680673
0 0.3260632497273719 1.115126050420168 0.05234460196292257 0.10588235294117647
0 0.4416575790621592 1.107563025210084 0.08942202835332606 0.15798319327731092
0 0.4089422028353326 1.1302521008403361 0.04798255179934569 0.0957983193277311
0 0.9367502726281353 1.453781512605042 0.08942202835332606 0.16470588235294117
