0 0.9958471760797342 9.71951219512195 0.014950166112956811 0.21951219512195122
0 0.882890365448505 9.987804878048781 0.008305647840531562 0.12195121951219512
0 0.8098006644518272 9.670731707317072 0.008305647840531562 0.12195121951219512
0 0.8313953488372093 9.670731707317072 0.008305647840531562 0.12195121951219512
0 0.7998338870431894 9.646341463414634 0.008305647840531562 0.12195121951219512
0 0.6470099667774086 9.817073170731707 0.011627906976744186 0.17073170731707318
0 0.6004983388704319 9.78048780487805 0.008305647840531562 0.14634146341463414
0 0.5083056478405316 9.914634146341463 0.013289036544850499 0.21951219512195122
0 0.4676079734219269 9.865853658536585 0.008305647840531562 0.12195121951219512
0 0.16029900332225913 9.914634146341463 0.008305647840531562 0.12195121951219512
0 0.18604651162790697 9.829268292682928 0.009966777408637873 0.14634146341463414
