0 0.00797373358348968 0.9150779896013865 0.04409005628517824 0.09358752166377816
0 0.11679174484052533 0.9341421143847487 0.04409005628517824 0.09012131715771231
0 0.15900562851782363 0.9272097053726169 0.05909943714821764 0.13518197573656845
0 0.19324577861163228 1.0 0.06941838649155722 0.1386481802426343
0 0.22326454033771106 0.9462738301559792 0.03564727954971857 0.07972270363951472
0 0.32035647279549717 1.0424610051993068 0.04784240150093809 0.09532062391681109
0 0.3888367729831144 0.915944540727903 0.055347091932457786 0.12305025996533796
0 0.44043151969981237 0.9722703639514731 0.051594746716697934 0.11091854419410745
0 0.4831144465290807 0.9610051993067591 0.0450281425891182 0.0779896013864818
0 0.5576923076923077 0.9168110918544194 0.04971857410881801 0.10398613518197573
0 0.5924015009380863 0.9055459272097054 0.04784240150093809 0.09532062391681109
0 0.7110694183864915 0.8812824956672444 0.07317073170731707 0.1265164644714038
0 0.8602251407129456 0.9298093587521664 0.054409005628517824 0.11611785095320624
0 0.8832082551594747 1.0537261698440208 0.06285178236397748 0.1317157712305026
