0 0.9566373728029602 0.4119601328903654 0.05296022201665125 0.11295681063122924
0 0.6435013876040703 0.4370847176079734 0.0807123034227567 0.14908637873754152
0 0.43975485661424607 0.4379152823920266 0.08302497687326549 0.18064784053156147
0 0.5247456059204441 0.48567275747508304 0.06614246068455135 0.13911960132890366
0 0.21692876965772434 0.4732142857142857 0.09851988899167438 0.16403654485049834
0 0.15969010175763182 0.4051079734219269 0.07793709528214617 0.151578073089701
0 0.5647548566142461 0.42005813953488375 0.05874190564292322 0.12333887043189369
0 0.3442414431082331 0.4258720930232558 0.07284921369102683 0.15988372093023256
0 0.12349676225716928 0.43417774086378735 0.041628122109158186 0.08679401993355482
0 0.010522664199814987 0.4161129568106312 0.05481036077705828 0.13704318936877077
