0 0.19289340101522842 0.3686868686868687 0.09898477157360407 0.2727272727272727
0 0.25 0.4663299663299663 0.06852791878172589 0.2053872053872054
0 0.48984771573604063 0.44612794612794615 0.05583756345177665 0.16498316498316498
0 0.6053299492385786 0.5033670033670034 0.04060913705583756 0.1447811447811448
0 0.7398477157360406 0.5858585858585859 0.050761421319796954 0.16161616161616163
0 0.8534263959390863 0.5252525252525253 0.07487309644670051 0.20875420875420875
0 0.9765228426395939 0.569023569023569 0.05203045685279188 0.18181818181818182
0 0.43908629441624364 1.0572390572390573 0.11421319796954314 0.3501683501683502
0 0.8185279187817259 0.835016835016835 0.09898477157360407 0.24915824915824916
0 0.037436548223350255 0.4225589225589226 0.008883248730964468 0.02356902356902357
0 0.06789340101522842 0.44276094276094274 0.008883248730964468 0.02356902356902357
0 0.06218274111675127 0.4292929292929293 0.015228426395939087 0.1111111111111111
0 0.04251269035532995 0.39057239057239057 0.008883248730964468 0.026936026936026935
0 0.44923857868020306 0.4663299663299663 0.005076142131979695 0.016835016835016835
