0 0.20510835913312694 1.0405405405405406 0.020123839009287926 0.05791505791505792
0 0.22561919504643962 1.0106177606177607 0.014705882352941176 0.04054054054054054
0 0.4214396284829721 1.0752895752895753 0.02089783281733746 0.06563706563706563
0 0.46710526315789475 1.079150579150579 0.023993808049535603 0.07335907335907337
0 0.6397058823529411 1.08011583011583 0.03173374613003096 0.10617760617760617
0 0.8742260061919505 1.0511583011583012 0.03173374613003096 0.07915057915057915
0 1.0046439628482973 1.0202702702702702 0.03560371517027864 0.12162162162162163
0 0.9825851393188855 1.0434362934362935 0.02244582043343653 0.059845559845559844
0 0.8734520123839009 0.9932432432432432 0.03018575851393189 0.059845559845559844
0 0.7759287925696594 1.0164092664092663 0.01934984520123839 0.0444015444015444
0 0.8169504643962848 1.028957528957529 0.01934984520123839 0.03861003861003861
0 0.9164086687306502 1.000965250965251 0.01393188854489164 0.0444015444015444
0 0.7105263157894737 1.027027027027027 0.010835913312693499 0.03088803088803089
0 0.6458978328173375 1.028957528957529 0.013157894736842105 0.03474903474903475
0 0.5746904024767802 1.0492277992277992 0.010061919504643963 0.032818532818532815
0 0.6056501547987616 1.0212355212355213 0.011609907120743035 0.03088803088803089
0 0.5626934984520123 1.0212355212355213 0.009287925696594427 0.02702702702702703
0 0.5274767801857585 1.0154440154440154 0.008513931888544891 0.023166023166023165
0 0.5518575851393189 1.0357142857142858 0.010835913312693499 0.025096525096525095
0 0.4996130030959752 1.0482625482625483 0.00696594427244582 0.019305019305019305
0 0.48374613003095973 1.0347490347490347 0.007739938080495356 0.023166023166023165
0 0.45859133126934987 1.026061776061776 0.010061919504643963 0.021235521235521235
0 0.46904024767801855 1.026061776061776 0.006191950464396285 0.021235521235521235
0 0.4419504643962848 1.031853281853282 0.007739938080495356 0.021235521235521235
0 0.3993808049535604 1.0347490347490347 0.009287925696594427 0.023166023166023165
0 0.37267801857585137 1.0357142857142858 0.008513931888544891 0.025096525096525095
0 0.3413312693498452 1.0193050193050193 0.009287925696594427 0.02702702702702703
0 0.35990712074303405 1.0183397683397684 0.007739938080495356 0.025096525096525095
0 0.30379256965944273 1.027027027027027 0.00696594427244582 0.019305019305019305
0 0.38235294117647056 1.0154440154440154 0.006191950464396285 0.015444015444015444
0 0.42260061919504643 1.0231660231660231 0.007739938080495356 0.023166023166023165
0 0.5367647058823529 1.0308880308880308 0.005417956656346749 0.015444015444015444
0 0.5162538699690402 1.0772200772200773 0.018575851393188854 0.138996138996139
0 0.5804953560371517 1.026061776061776 0.006191950464396285 0.017374517374517374
0 0.6280959752321982 1.0164092664092663 0.008513931888544891 0.021235521235521235
0 0.5979102167182663 1.0250965250965252 0.008513931888544891 0.023166023166023165
0 0.41099071207430343 1.0772200772200773 0.01238390092879257 0.10038610038610038
0 0.40479876160990713 1.0608108108108107 0.010835913312693499 0.08301158301158301
0 0.43343653250773995 1.0212355212355213 0.006191950464396285 0.019305019305019305
