0 0.8714001986097318 1.0443686006825939 0.06256206554121152 0.20477815699658702
0 0.8753723932472691 1.1945392491467577 0.03475670307845084 0.14334470989761092
0 0.8207547169811321 1.2832764505119454 0.030784508440913606 0.10921501706484642
0 0.7507447864945382 1.3071672354948805 0.033763654419066536 0.11604095563139932
0 0.7219463753723933 1.3600682593856654 0.025819265143992055 0.09897610921501707
0 0.6519364448857994 1.3890784982935154 0.022840119165839126 0.10238907849829351
0 0.6077457795431976 1.4129692832764504 0.023833167825223437 0.08873720136518772
0 0.6355511420059583 1.4573378839590443 0.01787487586891758 0.06825938566552901
0 0.5526315789473685 1.506825938566553 0.020854021847070508 0.08532423208191127
0 0.5958291956305859 1.5102389078498293 0.015888778550148957 0.05802047781569966
0 0.45531281032770604 1.1023890784982935 0.05461767626613704 0.21843003412969283
0 0.2770605759682224 1.3020477815699658 0.033763654419066536 0.13993174061433447
0 0.34409136047666333 1.431740614334471 0.024826216484607744 0.10580204778156997
0 0.4141012909632572 1.5716723549488054 0.011916583912611719 0.04436860068259386
0 0.3927507447864945 1.5921501706484642 0.010923535253227408 0.04436860068259386
0 0.25521350546176763 1.5546075085324231 0.015888778550148957 0.04436860068259386
0 0.2080436941410129 1.6126279863481228 0.00893743793445879 0.030716723549488054
0 0.17378351539225423 1.5784982935153584 0.013902681231380337 0.04436860068259386
0 0.16881827209533268 1.5631399317406143 0.01787487586891758 0.05460750853242321
0 0.15392254220456802 1.575085324232082 0.015888778550148957 0.051194539249146756
0 0.13406156901688182 1.6177474402730376 0.011916583912611719 0.040955631399317405
0 0.10228401191658391 1.5972696245733788 0.015888778550148957 0.040955631399317405
0 0.0804369414101291 1.6228668941979523 0.013902681231380337 0.04436860068259386
0 0.03574975173783516 1.5665529010238908 0.015888778550148957 0.04778156996587031
0 0.0004965243296921549 1.523890784982935 0.016881827209533268 0.07167235494880546
0 0.7030784508440914 1.522184300341297 0.011916583912611719 0.04778156996587031
0 0.4399205561072492 1.7286689419795223 0.029791459781529295 0.3242320819112628
0 0.42452830188679247 1.5716723549488054 0.012909632571996028 0.03754266211604096
0 0.3887785501489573 1.5938566552901023 0.012909632571996028 0.04778156996587031
0 0.23833167825223436 1.621160409556314 0.007944389275074478 0.034129692832764506
