0 1.1027811366384523 0.8166666666666667 0.03869407496977025 0.13703703703703704
0 1.058645707376058 1.0925925925925926 0.04232164449818621 0.18518518518518517
0 1.0006045949214026 1.3925925925925926 0.05199516324062878 0.2
0 0.9933494558645707 0.9425925925925925 0.03506650544135429 0.12222222222222222
0 0.9836759371221282 0.6481481481481481 0.030229746070133012 0.1111111111111111
0 0.9455864570737605 0.7944444444444444 0.041112454655380895 0.14444444444444443
0 0.898428053204353 1.098148148148148 0.03869407496977025 0.13703703703703704
0 0.875453446191052 1.4296296296296296 0.05562273276904474 0.2222222222222222
0 0.8712212817412334 0.6148148148148148 0.032648125755743655 0.11851851851851852
0 0.8089480048367593 0.7722222222222223 0.03869407496977025 0.13703703703703704
0 0.7587666263603385 1.0814814814814815 0.03506650544135429 0.14814814814814814
0 0.7333736396614269 1.3574074074074074 0.04232164449818621 0.18888888888888888
0 0.6166868198307134 1.3555555555555556 0.05078597339782346 0.2
0 0.6396614268440145 1.0611111111111111 0.036275695284159616 0.15185185185185185
0 0.7315598548972189 0.7333333333333333 0.03143893591293833 0.1259259259259259
0 0.7007255139056832 0.8555555555555555 0.030229746070133012 0.13333333333333333
0 0.6408706166868199 0.7648148148148148 0.03143893591293833 0.13703703703703704
0 0.5785973397823458 0.825925925925926 0.03506650544135429 0.13333333333333333
0 0.5344619105199516 1.1 0.04353083434099154 0.16296296296296298
0 0.5084643288996372 0.8425925925925926 0.032648125755743655 0.14444444444444443
0 0.4860943168077388 0.7555555555555555 0.03143893591293833 0.1111111111111111
0 0.46856106408706166 1.3685185185185185 0.05199516324062878 0.2037037037037037
0 0.4062877871825877 0.7925925925925926 0.03869407496977025 0.14074074074074075
0 0.37424425634824665 0.9185185185185185 0.03990326481257558 0.14814814814814814
0 0.407496977025393 1.1074074074074074 0.04353083434099154 0.16296296296296298
0 0.35489721886336156 0.6055555555555555 0.03506650544135429 0.12962962962962962
0 0.3089480048367594 0.8055555555555556 0.03990326481257558 0.13703703703703704
0 0.25755743651753327 0.6481481481481481 0.03385731559854897 0.11851851851851852
0 0.22853688029020555 0.8314814814814815 0.045949214026602174 0.17407407407407408
0 0.24909310761789602 1.1277777777777778 0.04836759371221282 0.1962962962962963
0 0.14389359129383314 0.8092592592592592 0.04353083434099154 0.15185185185185185
