0 0.8217979315831344 0.7430939226519337 0.04455051710421639 0.1878453038674033
0 0.7903739061256961 0.7348066298342542 0.03739061256961018 0.15469613259668508
0 0.9005568814638027 0.4530386740331492 0.028639618138424822 0.11602209944751381
0 0.8257756563245824 0.468232044198895 0.027048528241845664 0.09668508287292818
0 0.7907716785998409 0.6229281767955801 0.02386634844868735 0.10220994475138122
0 0.7947494033412887 0.44751381215469616 0.020684168655529037 0.08839779005524862
0 0.733890214797136 0.35911602209944754 0.03261734287987271 0.16022099447513813
0 0.6813842482100239 0.6795580110497238 0.03739061256961018 0.16574585635359115
0 0.6173428798727129 0.7817679558011049 0.04455051710421639 0.17679558011049723
0 0.5533015115354017 0.6464088397790055 0.042163882259347654 0.14917127071823205
0 0.5751789976133651 0.4889502762430939 0.02545743834526651 0.12154696132596685
0 0.5186953062848051 0.4861878453038674 0.028639618138424822 0.13259668508287292
0 0.48488464598249803 0.8107734806629834 0.024661893396976928 0.09668508287292818
0 0.4383452665075577 0.6919889502762431 0.03977724741447892 0.1685082872928177
0 0.35441527446300713 0.7928176795580111 0.03579952267303103 0.15469613259668508
0 0.39737470167064437 0.6325966850828729 0.03261734287987271 0.1270718232044199
0 0.36674622116149563 0.5842541436464088 0.027048528241845664 0.12430939226519337
0 0.30071599045346065 0.4861878453038674 0.02386634844868735 0.10497237569060773
0 0.2680986475735879 0.6685082872928176 0.028639618138424822 0.12154696132596685
0 0.2454256165473349 0.6546961325966851 0.02784407319013524 0.11049723756906077
0 0.2553699284009546 0.830110497237569 0.027048528241845664 0.12430939226519337
0 0.22673031026252982 0.8397790055248618 0.035003977724741446 0.143646408839779
0 0.1865552903739061 0.638121546961326 0.024661893396976928 0.10497237569060773
0 0.11654733492442323 0.7803867403314917 0.03739061256961018 0.1408839779005525
0 0.06364359586316627 0.7983425414364641 0.030230708035003977 0.10497237569060773
0 0.04455051710421639 0.649171270718232 0.020684168655529037 0.09392265193370165
0 0.011535401750198886 0.5718232044198895 0.023070803500397773 0.09944751381215469
0 0.11177406523468576 0.5483425414364641 0.0294351630867144 0.12430939226519337
0 0.7016706443914081 0.569060773480663 0.017501988862370723 0.11049723756906077
0 0.07875894988066826 0.4889502762430939 0.020684168655529037 0.07734806629834254
0 0.1249005568814638 0.462707182320442 0.014319809069212411 0.058011049723756904
0 0.13961813842482101 0.5828729281767956 0.02784407319013524 0.11602209944751381
0 0.14041368337311058 0.8107734806629834 0.026252983293556086 0.10773480662983426
0 0.03261734287987271 0.6795580110497238 0.022275258552108195 0.09392265193370165
0 0.18496420047732698 0.5400552486187845 0.018297533810660304 0.07458563535911603
0 0.22911694510739858 0.4972375690607735 0.020684168655529037 0.0718232044198895
0 0.22155926809864757 0.48342541436464087 0.010342084327764518 0.049723756906077346
0 0.21559268098647574 0.45027624309392267 0.011137629276054098 0.04419889502762431
0 0.2637231503579952 0.5552486187845304 0.015115354017501989 0.06077348066298342
0 0.3011137629276054 0.48204419889502764 0.023070803500397773 0.10220994475138122
0 0.24781225139220367 0.5069060773480663 0.010342084327764518 0.04143646408839779
0 0.46499602227525855 0.5096685082872928 0.023070803500397773 0.10773480662983426
0 0.4498806682577566 0.68646408839779 0.03739061256961018 0.16298342541436464
0 0.594272076372315 0.5096685082872928 0.017501988862370723 0.07458563535911603
0 0.6559268098647574 0.5303867403314917 0.023070803500397773 0.11049723756906077
0 0.8969769291964996 0.4861878453038674 0.021479713603818614 0.07734806629834254
0 0.850835322195704 0.4613259668508287 0.024661893396976928 0.09944751381215469
0 0.9813046937151949 0.48756906077348067 0.03739061256961018 0.13535911602209943
0 0.8524264120922832 0.457182320441989 0.021479713603818614 0.09116022099447514
0 0.5536992840095465 0.5041436464088398 0.017501988862370723 0.06906077348066299
