0 0.24422187981510016 0.7183098591549296 0.07550077041602465 0.29107981220657275
0 0.3790446841294299 0.903755868544601 0.07087827426810478 0.27699530516431925
0 0.4591679506933744 0.9765258215962441 0.07395993836671803 0.26291079812206575
0 0.5778120184899846 0.8708920187793427 0.07395993836671803 0.27699530516431925
0 0.7234206471494607 0.8802816901408451 0.0662557781201849 0.24882629107981222
0 0.8420647149460708 0.9107981220657277 0.06933744221879815 0.27230046948356806
0 0.9191063174114021 0.8333333333333334 0.0662557781201849 0.24882629107981222
0 1.0593220338983051 0.9084507042253521 0.0724191063174114 0.24882629107981222
0 1.1671802773497688 0.9342723004694836 0.07858243451463791 0.3474178403755869
0 0.9291217257318952 1.267605633802817 0.08012326656394453 0.30985915492957744
0 0.8050847457627118 1.42018779342723 0.07858243451463791 0.29577464788732394
0 0.6764252696456087 1.3849765258215962 0.07704160246533127 0.3004694835680751
0 0.536979969183359 1.42018779342723 0.07550077041602465 0.3051643192488263
