0 0.01682287911559721 1.0121863799283155 0.034126411920211486 0.11469534050179211
0 0.0878394616678683 1.014336917562724 0.03628935352078827 0.12759856630824373
0 0.12809420812304734 0.8390681003584229 0.027877913962989664 0.0967741935483871
0 0.22158135063686613 0.9724014336917562 0.03028118240807498 0.10967741935483871
0 0.1366258111031002 1.3795698924731183 0.07426099495313626 0.26021505376344084
0 0.22770968517183368 1.1333333333333333 0.06320596010574381 0.15913978494623657
0 0.2533044941119923 1.0810035842293906 0.039894256188416244 0.12186379928315412
0 0.2972843066570536 0.9663082437275986 0.027877913962989664 0.0931899641577061
0 0.32516222062004324 0.9469534050179211 0.023071377072819033 0.08028673835125448
0 0.3562845469838981 1.0462365591397849 0.03436673876472002 0.13548387096774195
0 0.39125210285988943 0.9508960573476702 0.028358567652006728 0.11254480286738351
0 0.3667387647200192 0.8910394265232975 0.019226147560682527 0.06594982078853047
0 0.3964191300168229 0.7896057347670251 0.01802451333813987 0.06810035842293907
0 0.42874309060322036 0.710752688172043 0.017784186493631338 0.07240143369175628
0 0.4578226387887527 0.7075268817204301 0.020668108627733717 0.07885304659498207
0 0.4726027397260274 0.7580645161290323 0.01946647440519106 0.08673835125448029
0 0.48281663061763996 0.7462365591397849 0.015380918048546022 0.05734767025089606
0 0.5666906993511175 0.7211469534050179 0.018745493871665464 0.06594982078853047
0 0.6091083874068733 0.8874551971326164 0.01658255227108868 0.060215053763440864
0 0.6463590483056958 0.7727598566308244 0.0319634703196347 0.0931899641577061
0 0.5549146839701995 0.9842293906810036 0.035568372987262675 0.12473118279569892
0 0.54337899543379 1.0483870967741935 0.05575582792597933 0.15985663082437276
0 0.523071377072819 1.2659498207885305 0.07041576544099976 0.22365591397849463
0 0.7053592886325403 1.1265232974910395 0.04710406152367219 0.14838709677419354
0 0.7388848834414804 0.9304659498207886 0.02715693342946407 0.0931899641577061
0 0.7952415284787311 1.0 0.031242489786109107 0.11756272401433691
0 0.8210766642633982 0.9982078853046595 0.04253785147801009 0.12401433691756272
0 0.8781542898341744 1.039426523297491 0.05191059841384282 0.15770609318996415
0 0.8715453016101898 1.1028673835125449 0.03773131458783946 0.12831541218637993
0 0.8768324921893775 1.0304659498207884 0.050708964191300165 0.13835125448028673
0 0.9659937515020428 0.9182795698924732 0.06560922855082912 0.22652329749103942
0 0.3548425859168469 1.0086021505376344 0.031002162941600575 0.11182795698924732
