0 0.7446483180428135 0.7293882978723404 0.05532388101195441 0.14361702127659576
0 0.6702807895468446 0.7350398936170213 0.06783430636641646 0.16954787234042554
0 0.563108145676953 0.7363696808510638 0.06533222129552405 0.18550531914893617
0 0.07075340561579094 1.090093085106383 0.10258548790658882 0.269281914893617
0 0.22463163747567416 0.8789893617021277 0.0750625521267723 0.1875
0 0.272588268001112 0.729720744680851 0.05198776758409786 0.13763297872340424
0 0.1620795107033639 0.7992021276595744 0.0567139282735613 0.16622340425531915
0 0.04309146510981374 0.7952127659574468 0.08062274117319988 0.1768617021276596
0 0.3886572143452877 0.6173537234042553 0.02835696413678065 0.07247340425531915
0 0.4424520433694746 0.8188164893617021 0.05421184320266889 0.14029255319148937
0 0.6006394217403391 0.6552526595744681 0.0475396163469558 0.15093085106382978
0 0.5088963024742841 0.7170877659574468 0.0514317486794551 0.12034574468085106
0 0.9443981095357242 0.6279920212765957 0.03892132332499305 0.09109042553191489
0 0.794551014734501 0.6565824468085106 0.03836530442035029 0.09242021276595745
0 0.24492632749513482 0.4777260638297872 0.012788434806783431 0.03789893617021277
0 0.29482902418682233 0.488031914893617 0.013622463163747567 0.0398936170212766
0 0.2850986933555741 0.44680851063829785 0.0030581039755351682 0.007978723404255319
0 0.30136224631637476 0.4498005319148936 0.003336113427856547 0.008643617021276596
0 0.3072004448151237 0.4478058510638298 0.0027800945232137894 0.008643617021276596
0 0.4852654990269669 0.44381648936170215 0.003614122880177926 0.00997340425531915
0 0.48109535724214625 0.4451462765957447 0.0030581039755351682 0.008643617021276596
0 0.44106199610786767 0.4444813829787234 0.003614122880177926 0.00997340425531915
0 0.43369474562135113 0.4454787234042553 0.003892132332499305 0.010638297872340425
0 0.534473172087851 0.4640957446808511 0.014734500973033082 0.03723404255319149
0 0.5668612732832916 0.4634308510638298 0.009452321378926884 0.027925531914893616
0 0.6431748679455102 0.5066489361702128 0.01751459549624687 0.0398936170212766
0 0.6747289407839867 0.4428191489361702 0.003892132332499305 0.010638297872340425
0 0.5036141228801779 0.5093085106382979 0.014178482068390326 0.03723404255319149
0 0.4524603836530442 0.5093085106382979 0.014178482068390326 0.04654255319148936
0 0.8897692521545733 0.5834441489361702 0.03864331387267167 0.10172872340425532
0 0.7427022518765638 0.4365026595744681 0.0025020850708924102 0.005984042553191489
0 0.7212955240478176 0.4351728723404255 0.0019460661662496525 0.004654255319148936
0 0.7162913539060328 0.43351063829787234 0.0025020850708924102 0.006648936170212766
0 0.7089241034195163 0.4351728723404255 0.0022240756185710315 0.005984042553191489
0 0.7022518765638032 0.43617021276595747 0.0022240756185710315 0.005319148936170213
0 0.6840422574367528 0.43550531914893614 0.0030581039755351682 0.009308510638297872
0 0.6352515985543509 0.45179521276595747 0.0105643591882124 0.028590425531914893
0 0.45565749235474007 0.47938829787234044 0.015012510425354461 0.03856382978723404
0 0.3769808173477898 0.4478058510638298 0.003892132332499305 0.00997340425531915
0 0.3035863219349458 0.5458776595744681 0.021684737281067557 0.0625
0 0.3080344731720879 0.4956781914893617 0.017792604948568252 0.04321808510638298
0 0.21948846260772867 0.4953457446808511 0.013622463163747567 0.0398936170212766
0 0.2057269947178204 0.5023271276595744 0.017792604948568252 0.049867021276595744
0 0.19641367806505422 0.5182845744680851 0.01807061440088963 0.04454787234042553
0 0.10661662496524882 0.5129654255319149 0.019182652210175146 0.06050531914893617
0 0.05963302752293578 0.5053191489361702 0.018626633305532388 0.0398936170212766
0 0.07700861829302197 0.5282579787234043 0.02279677509035307 0.06050531914893617
0 0.9485682513205449 1.3035239361702127 0.10619961078676675 0.25199468085106386
0 0.6109257714762302 1.137965425531915 0.21712538226299694 0.4753989361702128
0 0.13247150403113706 0.5990691489361702 0.03919933277731443 0.08776595744680851
0 0.22616068946344176 0.5771276595744681 0.036419238254100636 0.09973404255319149
0 0.05657492354740061 0.5658244680851063 0.031971087016958576 0.07712765957446809
0 0.3893522379760912 0.6173537234042553 0.029190992493744787 0.07380319148936171
0 0.80038921323325 0.43916223404255317 0.003892132332499305 0.007313829787234043
0 0.8222129552404782 0.4365026595744681 0.0030581039755351682 0.008643617021276596
0 0.7664720600500416 0.4428191489361702 0.003336113427856547 0.009308510638297872
