0 0.01992287917737789 0.29051383399209485 0.021850899742930592 0.07509881422924901
0 0.05012853470437018 0.3458498023715415 0.033419023136246784 0.11462450592885376
0 0.08611825192802057 0.2826086956521739 0.03598971722365039 0.1225296442687747
0 0.19730077120822623 0.48616600790513836 0.02699228791773779 0.20553359683794467
0 0.224293059125964 0.44466403162055335 0.019280205655526992 0.06719367588932806
0 0.2519280205655527 0.3794466403162055 0.012853470437017995 0.039525691699604744
0 0.38431876606683807 0.424901185770751 0.007712082262210797 0.019762845849802372
0 1.000642673521851 0.5770750988142292 0.016709511568123392 0.06324110671936758
0 0.9215938303341902 0.5553359683794467 0.012853470437017995 0.043478260869565216
0 0.9415167095115681 0.5276679841897233 0.014138817480719794 0.05138339920948617
0 0.9215938303341902 0.5375494071146245 0.015424164524421594 0.05533596837944664
0 0.8817480719794345 0.5632411067193676 0.015424164524421594 0.05928853754940711
0 0.8618251928020566 0.5118577075098815 0.016709511568123392 0.05928853754940711
0 0.6735218508997429 0.5217391304347826 0.05141388174807198 0.22134387351778656
0 0.4877892030848329 0.3952569169960474 0.05269922879177378 0.20553359683794467
0 0.3110539845758355 0.4031620553359684 0.05398457583547558 0.23715415019762845
0 0.537917737789203 0.5335968379446641 0.019280205655526992 0.1976284584980237
