0 0.6541471048513302 0.6963824289405685 0.02190923317683881 0.031007751937984496
0 0.9890453834115805 0.39405684754521964 0.018779342723004695 0.01808785529715762
0 0.9757433489827856 0.38436692506459946 0.017214397496087636 0.016795865633074936
0 0.9217527386541471 0.3830749354005168 0.018779342723004695 0.021963824289405683
0 0.8568075117370892 0.3766149870801034 0.02034428794992175 0.014211886304909561
0 0.8129890453834115 0.38695090439276486 0.017214397496087636 0.016795865633074936
0 0.7636932707355243 0.3733850129198966 0.018779342723004695 0.020671834625323
0 0.7237871674491393 0.3714470284237726 0.017214397496087636 0.01937984496124031
0 0.5344287949921753 0.3449612403100775 0.017214397496087636 0.01808785529715762
0 0.49139280125195617 0.3520671834625323 0.018779342723004695 0.01937984496124031
0 0.4460093896713615 0.3449612403100775 0.02190923317683881 0.01808785529715762
0 0.39123630672926446 0.34366925064599485 0.018779342723004695 0.023255813953488372
0 0.3403755868544601 0.33462532299741604 0.023474178403755867 0.020671834625323
