0 0.5999219359875098 5.103932584269663 0.03200624512099922 0.28651685393258425
0 0.8594847775175644 5.154494382022472 0.02654176424668228 0.2640449438202247
0 0.9254488680718189 5.241573033707865 0.01795472287275566 0.1348314606741573
0 0.9898516783762685 5.227528089887641 0.02654176424668228 0.24157303370786518
0 1.1510538641686183 5.230337078651686 0.0351288056206089 0.2808988764044944
0 1.2443403590944575 5.22191011235955 0.01873536299765808 0.15168539325842698
0 1.2939110070257611 5.247191011235955 0.0273224043715847 0.1797752808988764
0 0.7525370804059328 4.99438202247191 0.03278688524590164 0.2696629213483146
0 1.0733801717408276 5.073033707865169 0.03590944574551132 0.3258426966292135
0 0.3192818110850898 5.530898876404494 0.0234192037470726 0.6573033707865169
0 0.35284933645589384 5.578651685393258 0.01249024199843872 0.07865168539325842
0 0.3700234192037471 5.286516853932584 0.01405152224824356 0.12359550561797752
0 0.4129586260733802 5.27808988764045 0.01249024199843872 0.09550561797752809
0 0.4305230288836846 5.314606741573034 0.01327088212334114 0.10112359550561797
0 0.4445745511319282 5.280898876404494 0.0117096018735363 0.0898876404494382
0 0.4574551131928181 5.348314606741573 0.01092896174863388 0.07865168539325842
0 0.4679937548790008 5.342696629213483 0.01014832162373146 0.07865168539325842
0 0.4785323965651834 5.311797752808989 0.01092896174863388 0.09550561797752809
0 0.4968774395003903 5.387640449438202 0.01014832162373146 0.06741573033707865
0 0.5195160031225605 5.272471910112359 0.01327088212334114 0.10674157303370786
0 0.5394223263075723 5.292134831460674 0.01405152224824356 0.10112359550561797
0 0.5523028883684621 5.345505617977528 0.0117096018735363 0.08426966292134831
0 0.5640124902419984 5.323033707865169 0.01014832162373146 0.08426966292134831
0 0.5889929742388759 5.219101123595506 0.01639344262295082 0.1348314606741573
0 0.6206088992974239 5.283707865168539 0.01873536299765808 0.16292134831460675
0 0.6338797814207651 5.258426966292135 0.01249024199843872 0.10112359550561797
0 0.6756440281030445 5.323033707865169 0.01014832162373146 0.08426966292134831
0 0.695160031225605 5.306179775280899 0.01795472287275566 0.11797752808988764
0 0.7935206869633099 5.292134831460674 0.01639344262295082 0.14606741573033707
0 0.8208430913348946 5.098314606741573 0.01795472287275566 0.15168539325842698
