0 0.007530120481927711 0.9880382775119617 0.05120481927710843 0.20574162679425836
0 0.05647590361445783 1.0813397129186604 0.04066265060240964 0.15311004784688995
0 0.05647590361445783 1.0741626794258374 0.03765060240963856 0.13875598086124402
0 0.08433734939759036 1.0239234449760766 0.02710843373493976 0.10526315789473684
0 0.12951807228915663 1.0598086124401913 0.030120481927710843 0.11961722488038277
0 0.18373493975903615 1.1004784688995215 0.045180722891566265 0.15311004784688995
0 0.21310240963855423 1.0837320574162679 0.03765060240963856 0.13875598086124402
0 0.24322289156626506 1.0119617224880382 0.007530120481927711 0.023923444976076555
0 0.2552710843373494 1.0358851674641147 0.01957831325301205 0.10047846889952153
0 0.2816265060240964 1.0167464114832536 0.012048192771084338 0.05263157894736842
0 0.31099397590361444 1.0023923444976077 0.01355421686746988 0.05263157894736842
0 0.3207831325301205 1.1028708133971292 0.030120481927710843 0.11961722488038277
0 0.4118975903614458 0.9569377990430622 0.04969879518072289 0.1722488038277512
0 0.6445783132530121 1.1004784688995215 0.04216867469879518 0.14354066985645933
0 0.3509036144578313 1.0119617224880382 0.012048192771084338 0.03349282296650718
0 0.3561746987951807 1.0023923444976077 0.010542168674698794 0.03349282296650718
