0 0.02875399361022364 0.09577114427860696 0.04792332268370607 0.09701492537313433
0 0.09424920127795527 0.07587064676616916 0.04792332268370607 0.09701492537313433
0 0.13498402555910544 0.07338308457711443 0.0463258785942492 0.09203980099502487
0 0.18130990415335463 0.09203980099502487 0.04313099041533546 0.0945273631840796
0 0.23242811501597443 0.09328358208955224 0.04952076677316294 0.09203980099502487
0 0.34105431309904155 0.10323383084577115 0.04313099041533546 0.08706467661691543
0 0.305111821086262 0.16417910447761194 0.06070287539936102 0.12935323383084577
0 0.3801916932907348 0.16417910447761194 0.051118210862619806 0.1044776119402985
0 0.46246006389776356 0.13432835820895522 0.052715654952076675 0.12437810945273632
0 0.579073482428115 0.16293532338308458 0.0463258785942492 0.10199004975124377
0 0.6261980830670927 0.1455223880597015 0.0670926517571885 0.14676616915422885
0 0.7300319488817891 0.17661691542288557 0.05750798722044728 0.1044776119402985
0 0.7779552715654952 0.17537313432835822 0.0670926517571885 0.12686567164179105
0 0.9001597444089456 0.15422885572139303 0.07188498402555911 0.11940298507462686
0 0.9696485623003195 0.17288557213930347 0.05750798722044728 0.11691542288557213
0 0.8035143769968051 0.3756218905472637 0.08945686900958466 0.15920398009950248
0 0.536741214057508 0.3656716417910448 0.07667731629392971 0.1691542288557214
0 0.3769968051118211 0.3333333333333333 0.06389776357827476 0.13930348258706468
0 0.16613418530351437 0.39552238805970147 0.08626198083067092 0.17412935323383086
0 0.06389776357827476 0.4601990049751244 0.0670926517571885 0.12437810945273632
0 0.7891373801916933 0.7835820895522388 0.13099041533546327 0.1890547263681592
