0 0.5525 0.5317919075144508 0.017 0.06936416184971098
0 0.6585 0.5375722543352601 0.021 0.06936416184971098
0 0.452 1.222543352601156 0.124 0.34104046242774566
0 0.137 1.245664739884393 0.16 0.5028901734104047
0 0.8895 1.0852601156069364 0.097 0.2745664739884393
0 0.697 1.0245664739884393 0.09 0.29190751445086704
0 0.8925 1.079479768786127 0.093 0.26878612716763006
0 0.199 0.9797687861271677 0.076 0.24277456647398843
0 0.393 0.8627167630057804 0.074 0.18208092485549132
0 0.05 0.8641618497109826 0.052 0.17341040462427745
0 0.137 0.8078034682080925 0.03 0.11849710982658959
0 0.3275 0.8540462427745664 0.035 0.11271676300578035
0 0.4765 0.8424855491329479 0.041 0.11849710982658959
0 0.592 0.8121387283236994 0.038 0.10982658959537572
0 0.6435 0.8106936416184971 0.047 0.16473988439306358
0 0.8 0.7933526011560693 0.052 0.1531791907514451
0 0.938 0.9132947976878613 0.062 0.17341040462427745
0 0.904 0.7760115606936416 0.032 0.11271676300578035
0 0.96 0.7557803468208093 0.028 0.07803468208092486
0 0.345 0.7716763005780347 0.036 0.10982658959537572
0 0.5065 0.8092485549132948 0.033 0.11560693641618497
0 0.232 0.796242774566474 0.034 0.11849710982658959
0 0.5405 0.7630057803468208 0.031 0.09826589595375723
0 0.679 0.8106936416184971 0.034 0.10115606936416185
0 0.1365 0.8106936416184971 0.033 0.11849710982658959
