0 0.6723300970873787 1.412820512820513 0.03398058252427184 0.1282051282051282
0 0.7621359223300971 1.5102564102564102 0.03559870550161812 0.15897435897435896
0 0.9571197411003236 1.4487179487179487 0.03398058252427184 0.13846153846153847
0 1.0153721682847896 1.2230769230769232 0.03398058252427184 0.1282051282051282
0 0.9724919093851133 1.1153846153846154 0.032362459546925564 0.1282051282051282
0 0.8915857605177994 1.0743589743589743 0.038834951456310676 0.1282051282051282
0 0.8033980582524272 1.1512820512820512 0.03398058252427184 0.13846153846153847
0 0.7402912621359223 1.2512820512820513 0.03398058252427184 0.13333333333333333
0 0.6003236245954693 1.412820512820513 0.032362459546925564 0.15897435897435896
0 0.5388349514563107 1.2615384615384615 0.03559870550161812 0.14358974358974358
0 0.41585760517799353 1.3743589743589744 0.032362459546925564 0.13333333333333333
0 0.28398058252427183 1.5256410256410255 0.03398058252427184 0.14871794871794872
0 0.16019417475728157 1.1717948717948719 0.038834951456310676 0.1282051282051282
0 0.3017799352750809 1.353846153846154 0.03398058252427184 0.13333333333333333
0 0.2621359223300971 1.023076923076923 0.032362459546925564 0.1282051282051282
0 0.1982200647249191 1.1205128205128205 0.03398058252427184 0.13846153846153847
0 0.46601941747572817 1.182051282051282 0.02912621359223301 0.11794871794871795
0 0.39724919093851135 1.1205128205128205 0.030744336569579287 0.1076923076923077
0 0.6383495145631068 1.0897435897435896 0.03398058252427184 0.1282051282051282
0 0.7046925566343042 1.094871794871795 0.030744336569579287 0.11794871794871795
0 0.9943365695792881 0.9256410256410257 0.030744336569579287 0.11794871794871795
0 0.0412621359223301 0.8538461538461538 0.01779935275080906 0.06666666666666667
0 0.16181229773462782 0.9769230769230769 0.016181229773462782 0.05641025641025641
0 0.2127831715210356 0.9743589743589743 0.01779935275080906 0.06153846153846154
0 0.3179611650485437 0.8743589743589744 0.02750809061488673 0.13846153846153847
0 0.37297734627831713 0.9307692307692308 0.030744336569579287 0.11794871794871795
0 0.34870550161812297 0.7102564102564103 0.030744336569579287 0.11794871794871795
0 0.5647249190938511 0.9743589743589743 0.02912621359223301 0.12307692307692308
0 0.4053398058252427 0.7974358974358975 0.030744336569579287 0.11794871794871795
0 0.48705501618122976 0.8179487179487179 0.032362459546925564 0.11794871794871795
0 0.837378640776699 1.0076923076923077 0.03398058252427184 0.1282051282051282
0 0.9611650485436893 0.8333333333333334 0.032362459546925564 0.11794871794871795
0 0.8220064724919094 0.8256410256410256 0.02912621359223301 0.11282051282051282
0 0.7807443365695793 0.782051282051282 0.02750809061488673 0.11794871794871795
0 0.6270226537216829 0.8051282051282052 0.02750809061488673 0.11282051282051282
0 0.6262135922330098 0.6384615384615384 0.022653721682847898 0.07692307692307693
0 0.48705501618122976 1.094871794871795 0.032362459546925564 0.11794871794871795
0 0.38996763754045305 0.6897435897435897 0.025889967637540454 0.09743589743589744
0 0.42961165048543687 0.7717948717948718 0.02750809061488673 0.1076923076923077
0 0.4919093851132686 0.7615384615384615 0.025889967637540454 0.1076923076923077
0 0.529126213592233 0.6974358974358974 0.025889967637540454 0.09230769230769231
0 0.5461165048543689 0.7615384615384615 0.02750809061488673 0.09743589743589744
0 0.5444983818770227 0.8564102564102564 0.030744336569579287 0.12307692307692308
0 0.7176375404530745 0.8641025641025641 0.030744336569579287 0.11794871794871795
0 0.6974110032362459 0.8102564102564103 0.025889967637540454 0.11282051282051282
0 0.7694174757281553 0.9897435897435898 0.02750809061488673 0.11282051282051282
0 0.8964401294498382 0.8871794871794871 0.032362459546925564 0.12307692307692308
0 0.9239482200647249 0.9897435897435898 0.032362459546925564 0.12307692307692308
0 0.8470873786407767 0.7692307692307693 0.030744336569579287 0.10256410256410256
0 0.4603559870550162 0.9871794871794872 0.02750809061488673 0.11794871794871795
0 0.6343042071197411 0.9564102564102565 0.032362459546925564 0.1282051282051282
0 0.7022653721682848 0.9743589743589743 0.025889967637540454 0.11282051282051282
0 0.5663430420711975 1.1923076923076923 0.032362459546925564 0.1282051282051282
