0 0.06612184249628529 0.7902439024390244 0.02823179791976226 0.0975609756097561
0 0.08395245170876671 0.7829268292682927 0.01634472511144131 0.07317073170731707
0 0.199851411589896 0.802439024390244 0.022288261515601784 0.07317073170731707
0 0.23699851411589895 0.8 0.019316493313521546 0.06829268292682927
0 0.18945022288261515 0.6682926829268293 0.019316493313521546 0.05853658536585366
0 0.2555720653789004 0.5951219512195122 0.014858841010401188 0.04878048780487805
0 0.31054977711738485 0.6048780487804878 0.014858841010401188 0.04878048780487805
0 0.38781575037147104 0.5926829268292683 0.014858841010401188 0.05365853658536585
0 0.41679049034175336 0.6170731707317073 0.01337295690936107 0.04390243902439024
0 0.44205052005943535 0.6073170731707317 0.01337295690936107 0.05365853658536585
0 0.6775631500742942 0.7195121951219512 0.017830609212481426 0.06341463414634146
0 0.43833580980683506 0.9292682926829269 0.029717682020802376 0.12195121951219512
0 0.34695393759286774 1.0414634146341464 0.06686478454680535 0.25853658536585367
0 0.2578008915304606 1.1780487804878048 0.1411589895988113 0.5219512195121951
0 0.9762258543833581 1.2317073170731707 0.1515601783060921 0.48292682926829267
0 0.888558692421991 1.1926829268292682 0.09212481426448738 0.33658536585365856
0 0.787518573551263 1.1 0.06537890044576523 0.2682926829268293
