0 0.5303720577069096 1.0918803418803418 0.032649962034927864 0.11538461538461539
0 0.7972665148063781 1.0064102564102564 0.024297646165527716 0.08547008547008547
0 0.9832953682611997 1.047008547008547 0.03189066059225513 0.11538461538461539
0 0.9335611237661352 1.0854700854700854 0.009870918754745633 0.021367521367521368
0 0.8887623386484435 1.079059829059829 0.008352315869400152 0.02564102564102564
0 0.8253606681852695 1.0534188034188035 0.02126044039483675 0.0641025641025641
0 0.7023538344722855 1.0865384615384615 0.006074411541381929 0.019230769230769232
0 0.693621867881549 1.0822649572649572 0.011389521640091117 0.03205128205128205
0 0.6742596810933941 1.0587606837606838 0.01366742596810934 0.0405982905982906
0 0.6108580106302202 1.0737179487179487 0.011389521640091117 0.03632478632478633
0 0.6211085801063022 1.0694444444444444 0.009111617312072893 0.027777777777777776
0 0.6279422930903569 1.060897435897436 0.009111617312072893 0.027777777777777776
0 0.5641609719058466 1.079059829059829 0.010630220197418374 0.03418803418803419
0 0.5842824601366743 1.0747863247863247 0.009870918754745633 0.03418803418803419
0 0.595292331055429 1.079059829059829 0.010630220197418374 0.03418803418803419
0 0.49012908124525434 1.0480769230769231 0.009870918754745633 0.03632478632478633
0 0.4563401670463174 1.0277777777777777 0.015186028853454821 0.05555555555555555
0 0.4312832194381169 1.0512820512820513 0.016704631738800303 0.06837606837606838
0 0.4176157934700076 1.047008547008547 0.010630220197418374 0.03418803418803419
0 0.36294608959757024 1.0598290598290598 0.01366742596810934 0.04700854700854701
0 0.3348519362186788 1.0587606837606838 0.019741837509491267 0.07478632478632478
0 0.3120728929384966 1.0405982905982907 0.01366742596810934 0.05128205128205128
0 0.26993166287015946 1.0064102564102564 0.025056947608200455 0.0811965811965812
0 0.23690205011389523 1.045940170940171 0.010630220197418374 0.03632478632478633
0 0.17615793470007593 0.9529914529914529 0.03492786636294609 0.1111111111111111
0 0.025436598329536826 1.0405982905982907 0.012908124525436599 0.03418803418803419
0 0.04403948367501898 1.0363247863247864 0.01366742596810934 0.042735042735042736
0 0.08390280941533788 1.014957264957265 0.02201974183750949 0.05982905982905983
0 0.11199696279422931 0.9807692307692307 0.029612756264236904 0.08974358974358974
0 0.3561123766135156 1.0566239316239316 0.009111617312072893 0.03205128205128205
