0 0.0125 1.0587557603686637 0.05384615384615385 0.14055299539170507
0 0.15913461538461537 1.1428571428571428 0.058653846153846154 0.14285714285714285
0 0.5413461538461538 1.0714285714285714 0.046153846153846156 0.1382488479262673
0 0.6519230769230769 1.0483870967741935 0.04038461538461539 0.10599078341013825
0 0.9370192307692308 1.4182027649769586 0.09711538461538462 0.6428571428571429
0 0.9201923076923076 1.012672811059908 0.05576923076923077 0.1774193548387097
0 0.09375 0.8006912442396313 0.006730769230769231 0.04838709677419355
0 0.09567307692307692 0.7903225806451613 0.004807692307692308 0.041474654377880185
0 0.09903846153846153 0.7891705069124424 0.0038461538461538464 0.01152073732718894
0 0.11153846153846154 0.8122119815668203 0.015384615384615385 0.0576036866359447
0 0.09326923076923077 0.8110599078341014 0.0057692307692307696 0.013824884792626729
0 0.1076923076923077 0.8214285714285714 0.007692307692307693 0.02534562211981567
0 0.10240384615384615 0.8237327188940092 0.010576923076923078 0.029953917050691243
0 0.09807692307692308 0.8917050691244239 0.019230769230769232 0.05069124423963134
0 0.03942307692307692 0.9112903225806451 0.026923076923076925 0.06682027649769585
0 0.10576923076923077 0.9815668202764977 0.032692307692307694 0.09216589861751152
0 0.20384615384615384 1.0092165898617511 0.05 0.1336405529953917
0 0.30480769230769234 1.0345622119815667 0.03461538461538462 0.10138248847926268
0 0.4341346153846154 0.8974654377880185 0.02980769230769231 0.07603686635944701
0 0.37932692307692306 0.8870967741935484 0.022115384615384617 0.06451612903225806
0 0.44711538461538464 0.868663594470046 0.013461538461538462 0.041474654377880185
0 0.4028846153846154 0.8905529953917051 0.015384615384615385 0.04838709677419355
0 0.36201923076923076 0.8341013824884793 0.010576923076923078 0.027649769585253458
0 0.35384615384615387 0.8652073732718893 0.013461538461538462 0.03917050691244239
0 0.3350961538461538 0.8237327188940092 0.008653846153846154 0.02534562211981567
0 0.3110576923076923 0.880184331797235 0.0125 0.03686635944700461
0 0.2865384615384615 0.826036866359447 0.013461538461538462 0.03456221198156682
0 0.3019230769230769 0.8225806451612904 0.011538461538461539 0.03686635944700461
0 0.29086538461538464 0.8513824884792627 0.014423076923076924 0.03917050691244239
0 0.2605769230769231 0.8490783410138248 0.015384615384615385 0.04838709677419355
0 0.24807692307692308 0.8847926267281107 0.019230769230769232 0.05069124423963134
0 0.23461538461538461 0.8824884792626728 0.015384615384615385 0.04608294930875576
0 0.23557692307692307 0.804147465437788 0.013461538461538462 0.041474654377880185
0 0.17067307692307693 0.9631336405529954 0.025961538461538463 0.07373271889400922
0 0.1283653846153846 0.869815668202765 0.020192307692307693 0.04377880184331797
0 0.1283653846153846 0.8433179723502304 0.01826923076923077 0.04608294930875576
0 0.1658653846153846 0.8202764976958525 0.016346153846153847 0.041474654377880185
0 0.19230769230769232 0.869815668202765 0.021153846153846155 0.052995391705069124
0 0.4793269230769231 0.8836405529953917 0.020192307692307693 0.0576036866359447
0 0.5014423076923077 0.8721198156682027 0.014423076923076924 0.03917050691244239
0 0.5076923076923077 0.9089861751152074 0.025 0.06221198156682028
0 0.5350961538461538 0.8790322580645161 0.0125 0.04377880184331797
0 0.5629807692307692 0.8836405529953917 0.014423076923076924 0.03917050691244239
0 0.5774038461538461 0.880184331797235 0.016346153846153847 0.055299539170506916
0 0.5461538461538461 0.9124423963133641 0.023076923076923078 0.06912442396313365
0 0.5711538461538461 0.9262672811059908 0.023076923076923078 0.06912442396313365
0 0.6076923076923076 0.8721198156682027 0.01730769230769231 0.04377880184331797
0 0.6336538461538461 0.8951612903225806 0.021153846153846155 0.052995391705069124
0 0.6326923076923077 0.8974654377880185 0.021153846153846155 0.0576036866359447
0 0.70625 0.8675115207373272 0.020192307692307693 0.0576036866359447
0 0.7019230769230769 0.8836405529953917 0.01730769230769231 0.04838709677419355
0 0.6879807692307692 0.9412442396313364 0.02403846153846154 0.07603686635944701
0 0.6875 0.9412442396313364 0.025 0.07603686635944701
0 0.7004807692307692 0.966589861751152 0.014423076923076924 0.06221198156682028
0 0.7173076923076923 0.9170506912442397 0.025 0.059907834101382486
0 0.7552884615384615 0.8870967741935484 0.020192307692307693 0.055299539170506916
0 0.7975961538461539 0.8836405529953917 0.020192307692307693 0.04838709677419355
0 0.8471153846153846 0.9930875576036866 0.03653846153846154 0.08294930875576037
0 0.8971153846153846 0.9400921658986175 0.028846153846153848 0.07834101382488479
0 0.9173076923076923 0.8894009216589862 0.026923076923076925 0.06912442396313365
0 0.9552884615384616 0.8605990783410138 0.02403846153846154 0.06221198156682028
