0 0.13764940239043824 0.17540322580645162 0.07928286852589642 0.13306451612903225
0 0.2972111553784861 0.20110887096774194 0.07649402390438247 0.1310483870967742
0 0.4693227091633466 0.14415322580645162 0.07569721115537849 0.12701612903225806
0 0.6350597609561753 0.19632056451612903 0.0804780876494024 0.1345766129032258
0 0.7109561752988047 0.12953629032258066 0.0800796812749004 0.13911290322580644
0 0.29422310756972114 0.7006048387096774 0.09840637450199204 0.15221774193548387
0 0.47549800796812747 0.6287802419354839 0.07131474103585657 0.13860887096774194
0 0.6786852589641434 0.6058467741935484 0.08247011952191236 0.14818548387096775
0 0.7306772908366533 0.9664818548387096 0.1099601593625498 0.18699596774193547
0 0.9758964143426295 0.4319556451612903 0.0450199203187251 0.07056451612903226
0 0.9681274900398407 0.2908266129032258 0.015139442231075698 0.021169354838709676
0 0.9587649402390438 0.2920866935483871 0.011553784860557768 0.014616935483870967
0 0.9268924302788845 0.2860383064516129 0.014741035856573706 0.018649193548387098
0 0.9095617529880478 0.2890625 0.015139442231075698 0.01965725806451613
0 0.8756972111553785 0.30317540322580644 0.010358565737051793 0.017641129032258066
0 0.8539840637450199 0.2933467741935484 0.007569721115537849 0.010080645161290322
0 0.8464143426294821 0.2890625 0.009163346613545816 0.014616935483870967
