0 0.06246514221974345 0.7152509652509652 0.020078081427774678 0.07142857142857142
0 0.3120468488566648 0.6911196911196911 0.018404907975460124 0.06563706563706563
0 0.2189068600111545 1.109073359073359 0.04071388733965421 0.13320463320463322
0 0.6369213608477412 0.555984555984556 0.024539877300613498 0.08494208494208494
0 0.7359174567763525 1.0762548262548262 0.03290574456218628 0.14864864864864866
0 0.7275515895147797 0.5762548262548263 0.016174010039040714 0.0637065637065637
0 0.8363078639152258 0.6303088803088803 0.021751254880089235 0.07142857142857142
0 0.975738984941439 0.8156370656370656 0.03290574456218628 0.07915057915057915
0 0.4581706636921361 0.2084942084942085 0.012827663134411601 0.06563706563706563
0 0.0025097601784718347 0.48455598455598453 0.010596765197992191 0.05019305019305019
0 0.03234802007808143 0.4777992277992278 0.013385387618516454 0.052123552123552123
0 0.09035136642498606 0.40057915057915056 0.008923591745677636 0.02895752895752896
0 0.09537088678192973 0.43822393822393824 0.010039040713887339 0.03861003861003861
0 0.13664249860568878 0.42084942084942084 0.010039040713887339 0.03861003861003861
0 0.14221974344673732 0.49324324324324326 0.011154489682097044 0.0444015444015444
0 0.12214166201896264 0.4874517374517375 0.013385387618516454 0.052123552123552123
0 0.10931399888455103 0.5965250965250966 0.014500836586726157 0.04633204633204633
0 0.1335750139431121 0.6438223938223938 0.013943112102621304 0.059845559845559844
0 0.1709425543781372 0.6177606177606177 0.011712214166201896 0.05019305019305019
0 0.1996653653095371 0.612934362934363 0.013385387618516454 0.04826254826254826
0 0.23284997211377578 0.6264478764478765 0.012827663134411601 0.055984555984555984
0 0.25683212493028446 0.6003861003861004 0.010596765197992191 0.04633204633204633
0 0.2331288343558282 0.4768339768339768 0.013385387618516454 0.05405405405405406
0 0.18851087562744004 0.4642857142857143 0.013385387618516454 0.052123552123552123
0 0.17066369213608476 0.47876447876447875 0.011154489682097044 0.03861003861003861
0 0.16620189626324597 0.42567567567567566 0.010039040713887339 0.04054054054054054
0 0.2169548243167875 0.35135135135135137 0.005577244841048522 0.023166023166023165
0 0.30842163970998326 0.4613899613899614 0.012269938650306749 0.04633204633204633
0 0.3594534300055772 0.44884169884169883 0.012827663134411601 0.052123552123552123
0 0.32849972113775794 0.35231660231660233 0.005577244841048522 0.025096525096525095
0 0.39598438371444505 0.3764478764478765 0.004461795872838818 0.019305019305019305
0 0.4166201896263246 0.3484555984555985 0.006692693809258227 0.025096525096525095
0 0.4063022866703848 0.3185328185328185 0.0050195203569436695 0.019305019305019305
0 0.4233128834355828 0.3185328185328185 0.004461795872838818 0.015444015444015444
0 0.47908533184606805 0.3967181467181467 0.005577244841048522 0.025096525096525095
0 0.4796430563301729 0.34555984555984554 0.005577244841048522 0.023166023166023165
0 0.4966536530953709 0.3185328185328185 0.0039040713887339654 0.015444015444015444
0 0.5022308979364194 0.3088803088803089 0.0039040713887339654 0.015444015444015444
0 0.5114333519241495 0.37258687258687256 0.005577244841048522 0.02702702702702703
0 0.5660903513664249 0.3803088803088803 0.005577244841048522 0.023166023166023165
0 0.6023424428332403 0.30694980694980695 0.004461795872838818 0.015444015444015444
0 0.6073619631901841 0.333976833976834 0.004461795872838818 0.015444015444015444
0 0.6143335192414947 0.333011583011583 0.0039040713887339654 0.017374517374517374
0 0.622420524261015 0.33687258687258687 0.004461795872838818 0.013513513513513514
0 0.6383156720580033 0.33687258687258687 0.0050195203569436695 0.021235521235521235
0 0.6544896820970441 0.33494208494208494 0.0050195203569436695 0.021235521235521235
0 0.6673173452314557 0.3484555984555985 0.0050195203569436695 0.021235521235521235
0 0.6873954266592304 0.3223938223938224 0.0039040713887339654 0.015444015444015444
0 0.7615727830451757 0.3233590733590734 0.0050195203569436695 0.021235521235521235
0 0.800334634690463 0.33494208494208494 0.005577244841048522 0.021235521235521235
0 0.8061907417735639 0.3909266409266409 0.007250418293363078 0.025096525096525095
0 0.8123257110987172 0.388996138996139 0.0050195203569436695 0.021235521235521235
0 0.8201338538761852 0.38996138996138996 0.006134969325153374 0.023166023166023165
0 0.8268265476854434 0.39768339768339767 0.007250418293363078 0.023166023166023165
0 0.8349135527049637 0.3552123552123552 0.006692693809258227 0.02702702702702703
0 0.841606246514222 0.34555984555984554 0.006692693809258227 0.023166023166023165
0 0.5142219743446738 0.4613899613899614 0.006692693809258227 0.023166023166023165
0 0.535973229224763 0.4594594594594595 0.008923591745677636 0.03088803088803089
0 0.5605131065253764 0.42277992277992277 0.010039040713887339 0.03861003861003861
0 0.5733407696597881 0.4092664092664093 0.008923591745677636 0.04247104247104247
0 0.5973229224762967 0.39575289575289574 0.011154489682097044 0.04247104247104247
0 0.6126603457891802 0.4642857142857143 0.008365867261572783 0.03667953667953668
0 0.6330172894590073 0.39864864864864863 0.005577244841048522 0.025096525096525095
0 0.6363636363636364 0.40733590733590735 0.007808142777467931 0.03474903474903475
0 0.664249860568879 0.4517374517374517 0.010039040713887339 0.03474903474903475
0 0.677356385945343 0.416988416988417 0.010596765197992191 0.03861003861003861
0 0.7038482989403235 0.46621621621621623 0.007808142777467931 0.032818532818532815
0 0.7200223089793641 0.4584942084942085 0.010039040713887339 0.032818532818532815
0 0.7353597322922476 0.44787644787644787 0.010596765197992191 0.03861003861003861
0 0.7897378694924707 0.44305019305019305 0.010039040713887339 0.04054054054054054
0 0.7802565532626883 0.4517374517374517 0.010039040713887339 0.04633204633204633
0 0.8390964863357502 0.47586872586872586 0.011712214166201896 0.04826254826254826
0 0.8078639152258784 0.4700772200772201 0.009481316229782488 0.032818532818532815
0 0.824595649749024 0.4594594594594595 0.009481316229782488 0.03474903474903475
0 0.8611266034578918 0.4671814671814672 0.010039040713887339 0.03088803088803089
0 0.8948689347462354 0.4806949806949807 0.011712214166201896 0.05019305019305019
0 0.9333519241494702 0.4768339768339768 0.012827663134411601 0.04633204633204633
0 0.920803123257111 0.40733590733590735 0.007808142777467931 0.03088803088803089
0 0.6606246514221974 0.5936293436293436 0.010596765197992191 0.04826254826254826
0 0.7197434467373117 0.5878378378378378 0.011712214166201896 0.055984555984555984
0 0.7470719464584495 0.6003861003861004 0.011712214166201896 0.05019305019305019
0 0.7732849972113776 0.5936293436293436 0.011712214166201896 0.052123552123552123
0 0.8020078081427775 0.5781853281853282 0.013385387618516454 0.059845559845559844
0 0.8282208588957055 0.5916988416988417 0.011154489682097044 0.04826254826254826
0 0.8580591187953152 0.5974903474903475 0.012827663134411601 0.052123552123552123
0 0.8892916899051868 0.5897683397683398 0.013943112102621304 0.055984555984555984
0 0.9506413831567205 0.6341698841698842 0.012827663134411601 0.052123552123552123
0 0.9894032348020078 0.5801158301158301 0.015616285554935862 0.055984555984555984
0 0.4099274958170664 0.527992277992278 0.024539877300613498 0.08687258687258688
0 0.9910764082543224 0.4671814671814672 0.010039040713887339 0.03088803088803089
0 0.029001673173452314 0.6351351351351351 0.012269938650306749 0.05405405405405406
