0 0.377471383975026 1.2917261055634808 0.05359001040582726 0.15549215406562053
0 0.24349635796045785 1.3573466476462197 0.05202913631633715 0.14407988587731813
0 0.4838709677419355 0.8145506419400856 0.02497398543184183 0.06562054208273894
0 0.5949531737773153 0.797432239657632 0.022372528616024973 0.07703281027104136
0 0.6495837669094693 0.7717546362339515 0.02029136316337149 0.06847360912981455
0 0.808792924037461 0.5164051355206848 0.006763787721123829 0.02282453637660485
0 0.9203954214360042 0.6626248216833096 0.013527575442247659 0.04136947218259629
0 0.8649843912591051 0.47289586305278175 0.0036420395421436005 0.009985734664764621
0 0.7502601456815817 0.4985734664764622 0.004162330905306972 0.012838801711840228
0 0.676378772112383 0.5563480741797432 0.005202913631633715 0.014265335235378032
0 0.605098855359001 0.5420827389443652 0.005202913631633715 0.017118402282453638
0 0.5507284079084287 0.5242510699001427 0.0036420395421436005 0.012838801711840228
0 0.4396462018730489 0.6241084165477889 0.009365244536940686 0.024251069900142655
0 0.42247658688865763 0.6241084165477889 0.009365244536940686 0.024251069900142655
0 0.381633714880333 0.5741797432239658 0.011966701352757543 0.029957203994293864
0 0.36992715920915714 0.5656205420827389 0.011446409989594173 0.03281027104136947
0 0.27887617065556713 0.7218259629101283 0.02809573361082206 0.10271041369472182
0 0.25572320499479706 0.6932952924393724 0.008844953173777315 0.028530670470756064
0 0.2187825182101977 0.6982881597717546 0.009885535900104058 0.02710413694721826
0 0.21279916753381894 0.6219686162624821 0.009365244536940686 0.025677603423680456
0 0.1969302809573361 0.6119828815977175 0.007804370447450572 0.025677603423680456
0 0.1532258064516129 0.6126961483594865 0.005723204994797087 0.015691868758915834
0 0.140738813735692 0.6162624821683309 0.005723204994797087 0.014265335235378032
0 0.12356919875130074 0.6248216833095578 0.005723204994797087 0.017118402282453638
0 0.2942247658688866 0.5763195435092725 0.006763787721123829 0.019971469329529243
0 0.3400104058272633 0.572753209700428 0.004682622268470343 0.015691868758915834
