0 0.16171328671328672 0.3931203931203931 0.04895104895104895 0.14742014742014742
0 0.1770104895104895 0.3746928746928747 0.016608391608391608 0.056511056511056514
0 0.22115384615384615 0.3525798525798526 0.013986013986013986 0.051597051597051594
0 0.26354895104895104 0.3574938574938575 0.009615384615384616 0.03194103194103194
0 0.2923951048951049 0.3525798525798526 0.018356643356643356 0.056511056511056514
0 0.3076923076923077 0.35626535626535627 0.019230769230769232 0.0687960687960688
0 0.35795454545454547 0.33415233415233414 0.030594405594405596 0.09828009828009827
0 0.3763111888111888 0.2751842751842752 0.05332167832167832 0.18673218673218672
0 0.8199300699300699 0.457002457002457 0.0979020979020979 0.2751842751842752
0 0.9007867132867133 0.3464373464373464 0.07604895104895106 0.3194103194103194
0 0.9938811188811189 0.36609336609336607 0.06643356643356643 0.23587223587223588
0 1.0249125874125875 0.36732186732186733 0.06031468531468531 0.20884520884520885
0 1.0590034965034965 0.35135135135135137 0.049825174825174824 0.16216216216216217
0 1.0874125874125875 0.29238329238329236 0.045454545454545456 0.14742014742014742
