0 0.03136531365313653 0.34798534798534797 0.06273062730627306 0.18315018315018314
0 0.12453874538745388 0.3553113553113553 0.06088560885608856 0.18315018315018314
0 0.23985239852398524 0.2783882783882784 0.06642066420664207 0.18315018315018314
0 0.35608856088560886 0.40293040293040294 0.05166051660516605 0.13186813186813187
0 0.47601476014760147 0.30036630036630035 0.07380073800738007 0.18315018315018314
0 0.6088560885608856 0.358974358974359 0.07380073800738007 0.14652014652014653
0 0.7333948339483395 0.3553113553113553 0.07195571955719557 0.15384615384615385
0 0.8634686346863468 0.4981684981684982 0.06642066420664207 0.16117216117216118
0 0.9640221402214022 0.3974358974358974 0.07195571955719557 0.19413919413919414
0 0.24538745387453875 0.6336996336996337 0.07749077490774908 0.1684981684981685
0 0.35424354243542433 0.6538461538461539 0.06273062730627306 0.17216117216117216
0 0.4566420664206642 0.7783882783882784 0.06457564575645756 0.14285714285714285
0 0.5488929889298892 0.7106227106227107 0.06457564575645756 0.1978021978021978
0 0.6328413284132841 0.7417582417582418 0.08856088560885608 0.22344322344322345
0 0.7564575645756457 0.7564102564102564 0.06642066420664207 0.18681318681318682
0 0.3016605166051661 1.098901098901099 0.08671586715867159 0.17582417582417584
