0 0.5925880626223092 1.3392045454545454 0.10445205479452055 0.5806818181818182
0 0.5063600782778865 1.419318181818182 0.08414872798434442 0.5863636363636363
0 0.43872309197651665 1.0102272727272728 0.09368884540117417 0.5954545454545455
0 0.28326810176125244 1.1113636363636363 0.09833659491193737 0.5954545454545455
0 0.004525440313111546 1.365909090909091 0.039383561643835614 0.2431818181818182
0 0.8850293542074364 1.0545454545454545 0.045499021526418784 0.24772727272727274
0 0.7843688845401174 1.0772727272727274 0.0702054794520548 0.3431818181818182
0 0.5242172211350293 1.1102272727272726 0.06604696673189824 0.32272727272727275
0 0.7657778864970646 1.225 0.03595890410958904 0.16363636363636364
0 0.6687866927592955 1.1988636363636365 0.031800391389432484 0.14772727272727273
0 0.12035225048923678 1.3806818181818181 0.03669275929549902 0.17727272727272728
0 0.03412426614481409 1.3136363636363637 0.015410958904109588 0.07954545454545454
0 0.9510763209393346 1.3517045454545455 0.0675146771037182 0.2897727272727273
0 0.08035714285714286 1.2823863636363637 0.01296477495107632 0.05795454545454545
0 0.04659980430528376 1.3181818181818181 0.010518590998043052 0.05454545454545454
0 0.02629647749510763 1.34375 0.013454011741682974 0.07613636363636364
0 0.10139432485322897 1.3477272727272727 0.00611545988258317 0.02727272727272727
0 0.262720156555773 1.3380681818181819 0.03424657534246575 0.16704545454545455
