0 0.9753676470588235 1.282340862422998 0.04044117647058824 0.10061601642710473
0 0.89375 1.1930184804928132 0.0375 0.11909650924024641
0 0.8363970588235294 1.0451745379876796 0.013970588235294118 0.045174537987679675
0 0.7875 1.0338809034907597 0.011764705882352941 0.03490759753593429
0 0.7911764705882353 1.1273100616016427 0.022058823529411766 0.06570841889117043
0 0.7455882352941177 1.0944558521560575 0.03529411764705882 0.11498973305954825
0 0.6786764705882353 1.0770020533880904 0.023529411764705882 0.08418891170431211
0 0.7290441176470588 1.0882956878850103 0.013970588235294118 0.049281314168377825
0 0.7242647058823529 1.053388090349076 0.010294117647058823 0.03285420944558522
0 0.6386029411764705 1.068788501026694 0.015441176470588236 0.0513347022587269
0 0.6235294117647059 1.0595482546201231 0.020588235294117647 0.06570841889117043
0 0.5985294117647059 1.0852156057494866 0.016176470588235296 0.055441478439425054
0 0.5922794117647059 1.051334702258727 0.008088235294117648 0.02053388090349076
0 0.5698529411764706 1.0605749486652978 0.007352941176470588 0.022587268993839837
0 0.5610294117647059 1.0564681724845997 0.007352941176470588 0.022587268993839837
0 0.55 1.1016427104722792 0.01911764705882353 0.14168377823408623
0 0.5400735294117647 1.042094455852156 0.028676470588235293 0.08008213552361396
0 0.4852941176470588 1.1016427104722792 0.027941176470588237 0.08008213552361396
0 0.5253676470588236 1.0728952772073923 0.011029411764705883 0.09240246406570841
0 0.5202205882352942 1.040041067761807 0.005147058823529412 0.018480492813141684
0 0.5080882352941176 1.0369609856262834 0.004411764705882353 0.012320328542094456
0 0.5121323529411764 1.0472279260780288 0.003676470588235294 0.012320328542094456
0 0.5128676470588235 1.0308008213552362 0.003676470588235294 0.012320328542094456
0 0.4948529411764706 1.0595482546201231 0.011764705882352941 0.08213552361396304
0 0.45955882352941174 1.037987679671458 0.007352941176470588 0.026694045174537988
0 0.4426470588235294 1.055441478439425 0.007352941176470588 0.028747433264887063
0 0.4349264705882353 1.0349075975359343 0.005147058823529412 0.01642710472279261
0 0.43014705882352944 1.0410677618069815 0.004411764705882353 0.012320328542094456
0 0.4172794117647059 1.0328542094455853 0.003676470588235294 0.012320328542094456
0 0.40955882352941175 1.0287474332648872 0.004411764705882353 0.012320328542094456
0 0.3683823529411765 1.0503080082135523 0.007352941176470588 0.022587268993839837
0 0.38823529411764707 1.0975359342915811 0.026470588235294117 0.08829568788501027
0 0.32794117647058824 1.211498973305955 0.033823529411764704 0.11088295687885011
0 0.30625 1.2525667351129364 0.027205882352941177 0.09856262833675565
0 0.2852941176470588 1.1540041067761806 0.01764705882352941 0.053388090349075976
0 0.31948529411764703 1.1591375770020533 0.019852941176470587 0.04722792607802875
0 0.16213235294117648 1.3059548254620124 0.03161764705882353 0.10677618069815195
0 0.11580882352941177 1.1848049281314168 0.019852941176470587 0.057494866529774126
0 0.24080882352941177 1.1375770020533882 0.016911764705882352 0.049281314168377825
0 0.16323529411764706 1.0595482546201231 0.008823529411764706 0.03285420944558522
0 0.08014705882352942 1.0503080082135523 0.011764705882352941 0.039014373716632446
0 0.21470588235294116 1.0359342915811087 0.004411764705882353 0.014373716632443531
0 0.2301470588235294 1.040041067761807 0.004411764705882353 0.014373716632443531
0 0.2426470588235294 1.0441478439425051 0.007352941176470588 0.018480492813141684
0 0.2650735294117647 1.042094455852156 0.006617647058823529 0.018480492813141684
0 0.25330882352941175 1.0359342915811087 0.005147058823529412 0.014373716632443531
0 0.30367647058823527 1.055441478439425 0.008823529411764706 0.024640657084188913
0 0.37058823529411766 1.1036960985626283 0.010294117647058823 0.030800821355236138
0 0.04448529411764706 1.066735112936345 0.0125 0.030800821355236138
0 0.006617647058823529 1.2402464065708418 0.022058823529411766 0.08213552361396304
0 0.0058823529411764705 1.1016427104722792 0.013235294117647059 0.043121149897330596
0 0.16397058823529412 1.158110882956879 0.013235294117647059 0.049281314168377825
0 0.2051470588235294 1.1909650924024642 0.014705882352941176 0.045174537987679675
0 0.7040441176470589 1.0780287474332648 0.04191176470588235 0.1601642710472279
