0 0.1380890052356021 1.2732558139534884 0.07198952879581152 0.28294573643410853
0 0.2892670157068063 1.3604651162790697 0.07329842931937172 0.29457364341085274
0 0.3900523560209424 1.2868217054263567 0.06806282722513089 0.27906976744186046
0 0.5791884816753927 0.9670542635658915 0.08507853403141362 0.3062015503875969
0 0.7382198952879581 0.9883720930232558 0.07853403141361257 0.24031007751937986
0 0.8606020942408377 1.2596899224806202 0.058900523560209424 0.20930232558139536
0 0.9325916230366492 1.2713178294573644 0.056282722513089 0.23255813953488372
0 0.9849476439790575 1.310077519379845 0.06675392670157068 0.24031007751937986
0 1.0713350785340314 1.001937984496124 0.061518324607329845 0.2441860465116279
0 0.9908376963350786 0.8585271317829457 0.06806282722513089 0.2751937984496124
0 0.9227748691099477 0.7073643410852714 0.060209424083769635 0.2131782945736434
0 0.8154450261780105 0.7034883720930233 0.060209424083769635 0.22868217054263565
0 0.6727748691099477 0.6724806201550387 0.060209424083769635 0.18992248062015504
0 0.49607329842931935 0.7015503875968992 0.06544502617801047 0.24031007751937986
0 0.39725130890052357 0.6182170542635659 0.058900523560209424 0.22093023255813954
0 0.29581151832460734 0.7403100775193798 0.06282722513089005 0.24806201550387597
0 0.25392670157068065 0.6627906976744186 0.060209424083769635 0.1937984496124031
