0 0.027160493827160494 0.7875399361022364 0.06666666666666667 0.2012779552715655
0 0.05802469135802469 0.707667731629393 0.06419753086419754 0.16932907348242812
0 0.08580246913580247 0.7060702875399361 0.04567901234567901 0.14057507987220447
0 0.19382716049382717 0.670926517571885 0.037037037037037035 0.09584664536741214
0 0.17962962962962964 0.670926517571885 0.030864197530864196 0.08306709265175719
0 0.1469135802469136 0.6677316293929713 0.03209876543209877 0.08306709265175719
0 0.12407407407407407 0.7028753993610224 0.02345679012345679 0.07028753993610223
0 0.09691358024691359 0.6533546325878594 0.025925925925925925 0.07987220447284345
0 0.22469135802469137 0.7044728434504792 0.022222222222222223 0.07348242811501597
0 0.21790123456790123 0.65814696485623 0.02345679012345679 0.06389776357827476
0 0.2623456790123457 0.646964856230032 0.025925925925925925 0.07348242811501597
0 0.29259259259259257 0.6309904153354633 0.02962962962962963 0.07987220447284345
0 0.29259259259259257 0.6325878594249201 0.03209876543209877 0.08306709265175719
0 0.341358024691358 0.7587859424920128 0.06790123456790123 0.19488817891373802
0 0.37222222222222223 0.7364217252396166 0.04567901234567901 0.12460063897763578
0 0.45493827160493827 0.939297124600639 0.050617283950617285 0.12140575079872204
0 0.44074074074074077 0.7539936102236422 0.04197530864197531 0.12140575079872204
0 0.5074074074074074 0.7140575079872205 0.044444444444444446 0.13099041533546327
0 0.44753086419753085 0.6070287539936102 0.04567901234567901 0.11501597444089456
0 0.4080246913580247 0.6725239616613419 0.03827160493827161 0.10543130990415335
0 0.3475308641975309 0.7044728434504792 0.050617283950617285 0.16932907348242812
0 0.6141975308641975 0.7268370607028753 0.05802469135802469 0.14376996805111822
0 0.5944444444444444 0.6996805111821086 0.030864197530864196 0.09584664536741214
0 0.6271604938271605 0.7060702875399361 0.03950617283950617 0.12779552715654952
0 0.5376543209876543 0.6198083067092651 0.02345679012345679 0.05750798722044728
0 0.6925925925925925 0.7460063897763578 0.03950617283950617 0.12460063897763578
0 0.8660493827160494 0.7284345047923323 0.09753086419753086 0.28753993610223644
0 0.7932098765432098 0.645367412140575 0.06296296296296296 0.20447284345047922
0 0.7358024691358025 0.6789137380191693 0.04197530864197531 0.13099041533546327
0 0.9314814814814815 0.6853035143769968 0.03827160493827161 0.10543130990415335
0 0.9037037037037037 0.6182108626198083 0.027160493827160494 0.07348242811501597
0 0.9839506172839506 0.7268370607028753 0.019753086419753086 0.054313099041533544
0 0.9722222222222222 0.7092651757188498 0.018518518518518517 0.051118210862619806
0 0.5691358024691358 0.6821086261980831 0.014814814814814815 0.054313099041533544
