0 0.5716268739589118 0.41834862385321103 0.06607440310938367 0.3192660550458716
0 0.32648528595224874 0.7440366972477064 0.16324264297612437 0.5779816513761468
0 0.1776790671848973 0.8366972477064221 0.12326485285952249 0.3779816513761468
0 0.1396446418656302 0.6633027522935779 0.08828428650749584 0.29174311926605506
0 0.6107717934480844 0.9027522935779817 0.03886729594669628 0.13577981651376148
0 0.7851193781232648 0.9532110091743119 0.05885619100499723 0.1889908256880734
0 0.7382009994447529 0.9119266055045872 0.02609661299278179 0.08440366972477065
0 0.7018323153803443 0.9642201834862385 0.036646307606885066 0.14495412844036698
0 0.7681843420322043 0.865137614678899 0.020544142143253747 0.08256880733944955
0 0.42337590227651306 0.8642201834862385 0.021654636313159357 0.06972477064220184
0 0.45086063298167683 0.8880733944954129 0.01776790671848973 0.07339449541284404
0 0.4819544697390339 0.9064220183486239 0.013325930038867296 0.05137614678899083
0 0.46585230427540253 0.789908256880734 0.013325930038867296 0.05688073394495413
0 0.4483620210993892 0.7495412844036697 0.018323153803442533 0.07155963302752294
0 0.39922265408106605 0.9293577981651376 0.043309272626318715 0.1559633027522936
