0 0.5400291120815138 0.44366197183098594 0.011644832605531296 0.02535211267605634
0 0.27438136826783116 0.5084507042253521 0.013100436681222707 0.030985915492957747
0 0.22998544395924309 0.5169014084507042 0.011644832605531296 0.02535211267605634
0 0.13682678311499272 0.5014084507042254 0.011644832605531296 0.022535211267605635
0 0.11135371179039301 0.5830985915492958 0.01601164483260553 0.03380281690140845
0 0.18777292576419213 0.5422535211267606 0.01455604075691412 0.030985915492957747
0 0.15211062590975255 0.49859154929577465 0.010189228529839884 0.028169014084507043
0 0.040756914119359534 0.6281690140845071 0.01455604075691412 0.03380281690140845
0 0.017467248908296942 0.7549295774647887 0.020378457059679767 0.03943661971830986
0 0.15283842794759825 0.7098591549295775 0.020378457059679767 0.03380281690140845
0 0.16084425036390101 0.6774647887323944 0.018922852983988356 0.04225352112676056
0 0.16302765647743814 0.6295774647887324 0.01455604075691412 0.030985915492957747
0 0.2066957787481805 0.6253521126760564 0.01455604075691412 0.03380281690140845
0 0.2059679767103348 0.5154929577464789 0.010189228529839884 0.022535211267605635
0 0.1324599708879185 0.8422535211267606 0.017467248908296942 0.03943661971830986
0 0.15356622998544395 0.8774647887323944 0.018922852983988356 0.04225352112676056
0 0.2554585152838428 0.8845070422535212 0.021834061135371178 0.04507042253521127
0 0.27365356622998543 0.9309859154929577 0.023289665211062592 0.04788732394366197
0 0.31368267831149926 1.1042253521126761 0.021834061135371178 0.04507042253521127
0 0.32096069868995636 1.0464788732394366 0.024745269286754003 0.059154929577464786
0 0.363901018922853 0.8915492957746479 0.020378457059679767 0.04788732394366197
0 0.3398835516739447 0.8859154929577465 0.018922852983988356 0.04225352112676056
0 0.33406113537117904 0.7859154929577464 0.018922852983988356 0.04507042253521127
0 0.3675400291120815 0.7774647887323943 0.01601164483260553 0.03943661971830986
0 0.44759825327510916 0.8507042253521127 0.018922852983988356 0.04507042253521127
0 0.8238719068413392 0.8915492957746479 0.017467248908296942 0.04225352112676056
0 0.9315866084425036 0.6676056338028169 0.01455604075691412 0.03380281690140845
0 0.8857350800582242 0.652112676056338 0.013100436681222707 0.030985915492957747
0 0.5109170305676856 0.5859154929577465 0.01455604075691412 0.028169014084507043
0 0.507278020378457 0.5647887323943662 0.013100436681222707 0.02535211267605634
0 0.5211062590975255 0.547887323943662 0.01455604075691412 0.030985915492957747
0 0.44759825327510916 0.37464788732394366 0.010189228529839884 0.022535211267605635
0 0.4243085880640466 0.3732394366197183 0.010189228529839884 0.01971830985915493
0 0.29694323144104806 0.24788732394366197 0.008733624454148471 0.016901408450704224
0 0.5276564774381368 0.3704225352112676 0.010189228529839884 0.01971830985915493
0 0.5560407569141194 0.37746478873239436 0.008733624454148471 0.022535211267605635
0 0.6390101892285298 0.34507042253521125 0.008733624454148471 0.014084507042253521
0 0.7467248908296943 0.3056338028169014 0.008733624454148471 0.01971830985915493
0 0.8537117903930131 0.34225352112676055 0.00727802037845706 0.014084507042253521
0 0.653566229985444 0.30985915492957744 0.008733624454148471 0.016901408450704224
0 0.6375545851528385 0.3028169014084507 0.008733624454148471 0.01971830985915493
0 0.5982532751091703 0.33380281690140845 0.011644832605531296 0.01971830985915493
0 0.586608442503639 0.3676056338028169 0.011644832605531296 0.02535211267605634
0 0.5771470160116449 0.3647887323943662 0.010189228529839884 0.02535211267605634
0 0.5363901018922853 0.252112676056338 0.00727802037845706 0.014084507042253521
0 0.9177583697234353 0.39859154929577467 0.010189228529839884 0.01971830985915493
0 0.9956331877729258 0.43661971830985913 0.011644832605531296 0.022535211267605635
0 0.9577874818049491 0.4183098591549296 0.011644832605531296 0.02535211267605634
0 0.7183406113537117 0.35774647887323946 0.00727802037845706 0.016901408450704224
0 0.8034934497816594 0.4056338028169014 0.008733624454148471 0.022535211267605635
0 0.8893740902474527 0.4197183098591549 0.026200873362445413 0.11267605633802817
0 0.3988355167394469 0.3154929577464789 0.011644832605531296 0.022535211267605635
0 0.4163027656477438 0.3154929577464789 0.008733624454148471 0.022535211267605635
0 0.23435225618631733 0.2802816901408451 0.008733624454148471 0.01971830985915493
0 0.1572052401746725 0.5492957746478874 0.011644832605531296 0.028169014084507043
0 0.8216885007278021 0.6985915492957746 0.018922852983988356 0.03380281690140845
0 0.8355167394468704 0.7253521126760564 0.01455604075691412 0.04225352112676056
0 0.3296943231441048 0.2971830985915493 0.03056768558951965 0.09295774647887324
0 0.9694323144104804 0.4352112676056338 0.011644832605531296 0.02535211267605634
0 0.21033478893740903 0.16619718309859155 0.00727802037845706 0.016901408450704224
0 0.7365356622998545 0.3845070422535211 0.008733624454148471 0.014084507042253521
0 0.8857350800582242 0.45492957746478874 0.03056768558951965 0.07605633802816901
