0 0.023689516129032258 3.7559055118110236 0.01310483870967742 0.09448818897637795
0 0.04838709677419355 3.7716535433070866 0.014112903225806451 0.11023622047244094
0 0.0690524193548387 3.720472440944882 0.011088709677419355 0.10236220472440945
0 0.1063508064516129 3.7086614173228347 0.015120967741935484 0.14173228346456693
0 0.17389112903225806 3.7440944881889764 0.011088709677419355 0.10236220472440945
0 0.19808467741935484 3.7440944881889764 0.01310483870967742 0.13385826771653545
0 0.21018145161290322 3.7559055118110236 0.015120967741935484 0.12598425196850394
0 0.2368951612903226 3.7401574803149606 0.012096774193548387 0.09448818897637795
0 0.27419354838709675 3.748031496062992 0.010080645161290322 0.09448818897637795
0 0.3482862903225806 3.795275590551181 0.019153225806451613 0.15748031496062992
0 0.4737903225806452 3.7401574803149606 0.010080645161290322 0.09448818897637795
0 0.5619959677419355 3.795275590551181 0.015120967741935484 0.12598425196850394
0 0.6013104838709677 3.7716535433070866 0.009072580645161291 0.09448818897637795
0 0.6149193548387096 3.732283464566929 0.008064516129032258 0.06299212598425197
0 0.6229838709677419 3.736220472440945 0.006048387096774193 0.05511811023622047
0 0.6542338709677419 3.7992125984251968 0.014112903225806451 0.11811023622047244
0 0.6688508064516129 3.811023622047244 0.017137096774193547 0.15748031496062992
0 0.7237903225806451 3.8031496062992125 0.010080645161290322 0.09448818897637795
0 0.7560483870967742 3.732283464566929 0.008064516129032258 0.047244094488188976
0 0.766633064516129 3.716535433070866 0.007056451612903226 0.06299212598425197
0 0.7837701612903226 3.7086614173228347 0.005040322580645161 0.047244094488188976
0 0.9092741935483871 3.7716535433070866 0.020161290322580645 0.1889763779527559
0 0.9899193548387096 3.7755905511811023 0.012096774193548387 0.10236220472440945
0 1.0005040322580645 3.7244094488188977 0.007056451612903226 0.06299212598425197
0 0.9763104838709677 3.7401574803149606 0.009072580645161291 0.06299212598425197
0 0.9390120967741935 3.7598425196850394 0.011088709677419355 0.08661417322834646
0 0.8387096774193549 3.7125984251968505 0.006048387096774193 0.03937007874015748
0 0.8528225806451613 3.7007874015748032 0.006048387096774193 0.047244094488188976
0 0.8719758064516129 3.7125984251968505 0.006048387096774193 0.05511811023622047
0 0.8765120967741935 3.732283464566929 0.007056451612903226 0.06299212598425197
0 0.5745967741935484 3.838582677165354 0.010080645161290322 0.08661417322834646
0 0.007056451612903226 3.7598425196850394 0.006048387096774193 0.05511811023622047
0 0.30997983870967744 3.748031496062992 0.005040322580645161 0.047244094488188976
0 0.3215725806451613 3.7401574803149606 0.006048387096774193 0.047244094488188976
0 0.5907258064516129 3.748031496062992 0.008064516129032258 0.06299212598425197
0 0.7106854838709677 3.7125984251968505 0.008064516129032258 0.05511811023622047
0 0.9652217741935484 3.736220472440945 0.005040322580645161 0.03937007874015748
