0 0.06416275430359937 0.7384751773049646 0.03129890453834116 0.030141843971631204
0 0.18153364632237873 0.6976950354609929 0.02190923317683881 0.02304964539007092
0 0.24491392801251957 0.6906028368794326 0.026604068857589983 0.030141843971631204
0 0.3286384976525822 0.6817375886524822 0.03442879499217527 0.03368794326241135
0 0.3591549295774648 0.7163120567375887 0.04538341158059468 0.04964539007092199
0 0.3826291079812207 0.7819148936170213 0.04538341158059468 0.04964539007092199
0 0.3998435054773083 0.7021276595744681 0.0297339593114241 0.03546099290780142
0 0.5586854460093896 0.7464539007092199 0.050078247261345854 0.05673758865248227
0 0.636150234741784 0.6976950354609929 0.0297339593114241 0.03723404255319149
0 0.7535211267605634 0.6790780141843972 0.023474178403755867 0.024822695035460994
0 0.8435054773082942 0.6968085106382979 0.03755868544600939 0.0425531914893617
0 0.8857589984350548 0.6737588652482269 0.028169014084507043 0.028368794326241134
0 0.9804381846635368 0.648936170212766 0.04225352112676056 0.04964539007092199
0 0.09233176838810642 0.6923758865248227 0.012519561815336464 0.015957446808510637
0 0.01643192488262911 0.6985815602836879 0.010954616588419406 0.014184397163120567
0 0.13536776212832552 0.725177304964539 0.026604068857589983 0.08156028368794327
0 0.7097026604068858 0.6684397163120568 0.017214397496087636 0.01773049645390071
0 0.672926447574335 0.6914893617021277 0.03442879499217527 0.03900709219858156
