0 0.12816091954022987 0.8316831683168316 0.07471264367816093 0.46534653465346537
0 0.2247126436781609 0.7772277227722773 0.07011494252873564 0.37623762376237624
0 0.3218390804597701 1.0915841584158417 0.07586206896551724 0.4207920792079208
0 0.31091954022988505 0.5965346534653465 0.07011494252873564 0.4207920792079208
0 0.4114942528735632 0.745049504950495 0.059770114942528735 0.3415841584158416
0 0.4051724137931034 1.2202970297029703 0.07011494252873564 0.3316831683168317
0 0.49367816091954025 0.9653465346534653 0.06091954022988506 0.37623762376237624
0 0.5862068965517241 0.801980198019802 0.06896551724137931 0.38613861386138615
0 0.6798850574712644 0.7475247524752475 0.06321839080459771 0.37623762376237624
0 0.7936781609195402 0.6683168316831684 0.07931034482758621 0.4158415841584158
0 0.9097701149425287 0.6262376237623762 0.07471264367816093 0.3910891089108911
0 1.0488505747126438 0.6336633663366337 0.0839080459770115 0.42574257425742573
