0 0.08029978586723768 6.35 0.029978586723768737 0.34444444444444444
0 0.1252676659528908 6.272222222222222 0.055674518201284794 0.8333333333333334
0 0.1841541755888651 6.205555555555556 0.034261241970021415 0.4777777777777778
0 0.22805139186295503 6.3 0.03854389721627409 0.4888888888888889
0 0.24839400428265523 6.188888888888889 0.029978586723768737 0.35555555555555557
0 0.33137044967880086 6.016666666666667 0.011777301927194861 0.14444444444444443
0 0.3881156316916488 6.0 0.011777301927194861 0.13333333333333333
0 0.55406852248394 6.122222222222222 0.016059957173447537 0.17777777777777778
0 0.6086723768736617 6.116666666666666 0.018201284796573874 0.25555555555555554
0 0.6482869379014989 6.022222222222222 0.016059957173447537 0.2
0 0.6632762312633833 6.05 0.022483940042826552 0.23333333333333334
0 0.684154175588865 6.305555555555555 0.04068522483940043 0.45555555555555555
0 0.6970021413276232 6.094444444444444 0.017130620985010708 0.2111111111111111
0 0.7596359743040685 6.233333333333333 0.031049250535331904 0.4444444444444444
0 0.8062098501070664 6.111111111111111 0.03854389721627409 0.4666666666666667
0 0.8774089935760171 6.2444444444444445 0.0417558886509636 0.4222222222222222
0 0.9293361884368309 5.977777777777778 0.032119914346895075 0.4444444444444444
0 1.025695931477516 6.144444444444445 0.03854389721627409 0.5111111111111111
0 1.0460385438972162 5.955555555555556 0.03854389721627409 0.4666666666666667
0 0.724304068522484 5.972222222222222 0.020342612419700215 0.23333333333333334
