0 0.15059445178335534 0.5432098765432098 0.09247027741083223 0.5925925925925926
0 0.4062087186261559 0.8055555555555556 0.15191545574636725 0.6604938271604939
0 0.5772787318361955 0.8209876543209876 0.10568031704095113 0.7037037037037037
0 0.9088507265521797 0.5339506172839507 0.013210039630118891 0.06790123456790123
0 0.7688243064729194 0.5308641975308642 0.007926023778071334 0.04938271604938271
0 0.7589167767503302 0.558641975308642 0.011889035667107 0.06790123456790123
0 0.7120211360634082 0.5277777777777778 0.010568031704095112 0.043209876543209874
0 0.3441215323645971 0.2191358024691358 0.019815059445178335 0.09259259259259259
0 0.3751651254953765 0.2962962962962963 0.018494055482166448 0.08641975308641975
0 0.4319682959048877 0.3425925925925926 0.013210039630118891 0.08024691358024691
0 0.4557463672391017 0.32407407407407407 0.015852047556142668 0.09259259259259259
0 1.058784676354029 0.6203703703703703 0.011889035667107 0.05555555555555555
0 0.40885072655217963 0.845679012345679 0.13870541611624834 0.5679012345679012
