0 0.5158478605388273 0.8090717299578059 0.014263074484944533 0.023206751054852322
0 0.5673534072900158 0.8111814345991561 0.012678288431061807 0.014767932489451477
0 0.5538827258320127 0.7774261603375527 0.014263074484944533 0.023206751054852322
0 0.5134706814580031 0.7710970464135021 0.01584786053882726 0.023206751054852322
0 0.5150554675118859 0.8375527426160337 0.03169572107765452 0.11814345991561181
0 0.5776545166402536 0.729957805907173 0.011093502377179081 0.016877637130801686
0 0.6291600633914421 0.7246835443037974 0.012678288431061807 0.0189873417721519
0 0.6759112519809826 0.739451476793249 0.014263074484944533 0.0189873417721519
0 0.7044374009508716 0.7025316455696202 0.014263074484944533 0.02109704641350211
0 0.6521394611727417 0.6993670886075949 0.011093502377179081 0.014767932489451477
0 0.3256735340729002 0.8881856540084389 0.017432646592709985 0.029535864978902954
0 0.34944532488114105 0.8565400843881856 0.017432646592709985 0.02531645569620253
0 0.34944532488114105 0.8333333333333334 0.014263074484944533 0.02109704641350211
0 0.3328050713153724 0.8132911392405063 0.012678288431061807 0.0189873417721519
0 0.28526148969889065 0.7784810126582279 0.012678288431061807 0.016877637130801686
0 0.3161648177496038 0.7658227848101266 0.011093502377179081 0.02109704641350211
0 0.34944532488114105 0.7383966244725738 0.014263074484944533 0.016877637130801686
0 0.37717908082408874 0.7225738396624473 0.012678288431061807 0.0189873417721519
0 0.24960380348652933 0.7616033755274262 0.011093502377179081 0.016877637130801686
0 0.2662440570522979 0.7373417721518988 0.012678288431061807 0.0189873417721519
0 0.5079239302694136 0.6476793248945147 0.00792393026941363 0.012658227848101266
0 0.5602218700475435 0.6613924050632911 0.011093502377179081 0.014767932489451477
0 0.38589540412044376 0.6888185654008439 0.014263074484944533 0.0189873417721519
0 0.42709984152139463 0.6835443037974683 0.011093502377179081 0.016877637130801686
0 0.30665610142630745 0.7194092827004219 0.011093502377179081 0.016877637130801686
0 0.3074484944532488 0.7035864978902954 0.012678288431061807 0.0189873417721519
0 0.34072900158478603 0.6708860759493671 0.012678288431061807 0.016877637130801686
0 0.3359746434231379 0.669831223628692 0.009508716323296355 0.014767932489451477
0 0.4183835182250396 0.6719409282700421 0.009508716323296355 0.014767932489451477
0 0.40253565768621236 0.6677215189873418 0.009508716323296355 0.014767932489451477
0 0.44532488114104596 0.6497890295358649 0.012678288431061807 0.016877637130801686
0 0.30269413629160064 0.6139240506329114 0.009508716323296355 0.012658227848101266
0 0.3201267828843106 0.609704641350211 0.009508716323296355 0.012658227848101266
0 0.6283676703645008 0.680379746835443 0.014263074484944533 0.0189873417721519
0 0.6133122028526149 0.6645569620253164 0.012678288431061807 0.016877637130801686
0 0.6212361331220285 0.6466244725738397 0.012678288431061807 0.0189873417721519
0 0.5832012678288431 0.6656118143459916 0.009508716323296355 0.014767932489451477
0 0.7187004754358162 0.6170886075949367 0.011093502377179081 0.014767932489451477
0 0.6846275752773375 0.5305907172995781 0.006339144215530904 0.010548523206751054
0 0.12678288431061807 0.5886075949367089 0.009508716323296355 0.016877637130801686
0 0.09984152139461172 0.6181434599156118 0.009508716323296355 0.016877637130801686
0 0.5491283676703645 0.6455696202531646 0.039619651347068144 0.08860759493670886
0 0.5871632329635499 0.6044303797468354 0.00792393026941363 0.010548523206751054
0 0.5816164817749604 0.5464135021097046 0.006339144215530904 0.008438818565400843
0 0.6006339144215531 0.5421940928270043 0.009508716323296355 0.012658227848101266
0 0.9263074484944532 0.8006329113924051 0.014263074484944533 0.023206751054852322
0 0.9730586370839936 0.7531645569620253 0.012678288431061807 0.02109704641350211
