0 0.05803921568627451 0.6767241379310345 0.0203921568627451 0.07758620689655173
0 0.04274509803921569 0.9353448275862069 0.04 0.1867816091954023
0 0.08352941176470588 0.8275862068965517 0.03215686274509804 0.1206896551724138
0 0.10588235294117647 0.9310344827586207 0.047058823529411764 0.1839080459770115
0 0.12588235294117647 0.8836206896551724 0.03686274509803922 0.16954022988505746
0 0.14627450980392157 0.8304597701149425 0.04 0.14942528735632185
0 0.1807843137254902 0.7528735632183908 0.03686274509803922 0.13218390804597702
0 0.24862745098039216 0.7859195402298851 0.03294117647058824 0.15804597701149425
0 0.24745098039215685 0.9195402298850575 0.03058823529411765 0.13218390804597702
0 0.27372549019607845 0.8979885057471264 0.04549019607843137 0.1810344827586207
0 0.31882352941176473 0.8505747126436781 0.02431372549019608 0.13793103448275862
0 0.3843137254901961 0.9956896551724138 0.05019607843137255 0.16954022988505746
0 0.4003921568627451 0.7298850574712644 0.03372549019607843 0.14367816091954022
0 0.44745098039215686 0.8577586206896551 0.038431372549019606 0.15229885057471265
0 0.48823529411764705 0.8836206896551724 0.03529411764705882 0.15804597701149425
0 0.45176470588235296 0.7385057471264368 0.02823529411764706 0.09770114942528736
0 0.4956862745098039 0.7341954022988506 0.012549019607843137 0.04885057471264368
0 0.532156862745098 0.8807471264367817 0.03215686274509804 0.13505747126436782
0 0.572156862745098 0.9080459770114943 0.03058823529411765 0.13793103448275862
0 0.6223529411764706 0.867816091954023 0.03058823529411765 0.13218390804597702
0 0.5780392156862745 0.7729885057471264 0.02666666666666667 0.09770114942528736
0 0.615686274509804 0.8247126436781609 0.023529411764705882 0.10919540229885058
0 0.5839215686274509 0.7025862068965517 0.01647058823529412 0.07183908045977011
0 0.6082352941176471 0.7040229885057471 0.0196078431372549 0.08045977011494253
0 0.6729411764705883 0.8663793103448276 0.02823529411764706 0.13505747126436782
0 0.7113725490196079 0.8620689655172413 0.02666666666666667 0.10919540229885058
0 0.7623529411764706 0.8390804597701149 0.04549019607843137 0.16091954022988506
0 0.7364705882352941 0.9066091954022989 0.03294117647058824 0.13505747126436782
0 0.7819607843137255 0.8807471264367817 0.02980392156862745 0.14080459770114942
0 0.7866666666666666 0.8850574712643678 0.02196078431372549 0.1206896551724138
0 0.8411764705882353 0.9252873563218391 0.03686274509803922 0.13793103448275862
0 0.8576470588235294 0.8850574712643678 0.02588235294117647 0.11494252873563218
0 0.8796078431372549 0.8994252873563219 0.022745098039215685 0.1206896551724138
0 0.8670588235294118 0.8232758620689655 0.02588235294117647 0.10632183908045977
0 0.9168627450980392 0.8864942528735632 0.03137254901960784 0.14655172413793102
0 0.9580392156862745 0.9367816091954023 0.03372549019607843 0.13218390804597702
0 1.0082352941176471 1.007183908045977 0.029019607843137254 0.11781609195402298
0 0.9615686274509804 0.9454022988505747 0.034509803921568626 0.13793103448275862
0 0.9670588235294117 0.8290229885057471 0.02823529411764706 0.11206896551724138
0 0.9556862745098039 0.7787356321839081 0.03215686274509804 0.10344827586206896
0 0.8274509803921568 0.8936781609195402 0.025098039215686273 0.09770114942528736
