0 0.07027649769585254 0.9505747126436782 0.07142857142857142 0.22758620689655173
0 0.25384024577572967 0.7137931034482758 0.05145929339477726 0.14482758620689656
0 0.07296466973886329 0.4586206896551724 0.01228878648233487 0.029885057471264367
0 0.07027649769585254 0.42758620689655175 0.009984639016897081 0.0367816091954023
0 0.17434715821812596 0.4149425287356322 0.01228878648233487 0.034482758620689655
0 0.13402457757296468 0.39655172413793105 0.0069124423963133645 0.02528735632183908
0 0.11059907834101383 0.3873563218390805 0.007680491551459293 0.02528735632183908
0 0.08832565284178187 0.3896551724137931 0.007680491551459293 0.02528735632183908
0 0.04377880184331797 0.4126436781609195 0.007680491551459293 0.02528735632183908
0 0.15629800307219663 0.40344827586206894 0.005376344086021506 0.016091954022988506
0 0.18778801843317972 0.41954022988505746 0.0069124423963133645 0.02528735632183908
0 0.2073732718894009 0.4114942528735632 0.006144393241167435 0.01839080459770115
0 0.2250384024577573 0.39655172413793105 0.007680491551459293 0.02528735632183908
0 0.25153609831029183 0.4149425287356322 0.009984639016897081 0.034482758620689655
0 0.2857142857142857 0.38850574712643676 0.006144393241167435 0.022988505747126436
0 0.32642089093702 0.3988505747126437 0.007680491551459293 0.029885057471264367
0 0.3421658986175115 0.4103448275862069 0.0069124423963133645 0.020689655172413793
0 0.391321044546851 0.3954022988505747 0.008448540706605223 0.027586206896551724
0 0.4308755760368664 0.39195402298850573 0.006144393241167435 0.02528735632183908
0 0.4450844854070661 0.3954022988505747 0.0069124423963133645 0.027586206896551724
0 0.47465437788018433 0.4068965517241379 0.010752688172043012 0.0367816091954023
0 0.4804147465437788 0.3873563218390805 0.0069124423963133645 0.02528735632183908
0 0.5023041474654378 0.3724137931034483 0.01228878648233487 0.0367816091954023
0 0.5264976958525346 0.4011494252873563 0.005376344086021506 0.020689655172413793
0 0.5380184331797235 0.4298850574712644 0.0069124423963133645 0.022988505747126436
0 0.5579877112135176 0.39080459770114945 0.014592933947772658 0.041379310344827586
0 0.5533794162826421 0.39655172413793105 0.01152073732718894 0.034482758620689655
0 0.5952380952380952 0.4 0.018433179723502304 0.06896551724137931
0 0.6486175115207373 0.48735632183908045 0.020737327188940093 0.05517241379310345
0 0.6129032258064516 0.3839080459770115 0.013824884792626729 0.05057471264367816
0 0.6317204301075269 0.39770114942528734 0.0069124423963133645 0.01839080459770115
0 0.640937019969278 0.4149425287356322 0.013056835637480798 0.05747126436781609
0 0.6923963133640553 0.35402298850574715 0.01152073732718894 0.041379310344827586
0 0.6881720430107527 0.3793103448275862 0.009216589861751152 0.03218390804597701
0 0.7319508448540707 0.36091954022988504 0.01228878648233487 0.0367816091954023
0 0.7530721966205837 0.34597701149425286 0.013056835637480798 0.03908045977011494
0 0.7903225806451613 0.40229885057471265 0.007680491551459293 0.022988505747126436
0 0.8310291858678955 0.3390804597701149 0.018433179723502304 0.06206896551724138
0 0.8713517665130568 0.3735632183908046 0.01152073732718894 0.03908045977011494
0 0.9013056835637481 0.40344827586206894 0.01152073732718894 0.034482758620689655
0 0.9658218125960062 0.8804597701149425 0.08678955453149001 0.2850574712643678
0 0.7269585253456221 0.5793103448275863 0.028417818740399385 0.09195402298850575
0 0.7703533026113671 0.6229885057471264 0.039938556067588324 0.09195402298850575
0 0.7158218125960062 0.6011494252873564 0.013824884792626729 0.052873563218390804
0 0.49539170506912444 0.5195402298850574 0.02457757296466974 0.09195402298850575
0 0.4665898617511521 0.5206896551724138 0.020737327188940093 0.08045977011494253
