0 0.936734693877551 1.0352697095435686 0.07755102040816327 0.4107883817427386
0 0.7994897959183673 0.9813278008298755 0.07448979591836735 0.36099585062240663
0 0.6622448979591836 1.0352697095435686 0.05510204081632653 0.34439834024896265
0 0.6198979591836735 1.1950207468879668 0.07040816326530612 0.37344398340248963
0 0.5704081632653061 0.7385892116182573 0.0653061224489796 0.34024896265560167
0 0.35408163265306125 0.7593360995850622 0.0673469387755102 0.3070539419087137
0 0.4392857142857143 0.9045643153526971 0.08061224489795918 0.3817427385892116
0 0.30459183673469387 1.0726141078838174 0.0663265306122449 0.3278008298755187
0 0.12755102040816327 1.1327800829875518 0.0653061224489796 0.3236514522821577
0 0.08469387755102041 1.1369294605809128 0.07959183673469387 0.3651452282157676
