0 0.06173780487804878 1.560483870967742 0.04420731707317073 0.25
0 0.1364329268292683 1.5483870967741935 0.038109756097560975 0.24193548387096775
0 0.2111280487804878 1.5524193548387097 0.038109756097560975 0.28225806451612906
0 0.23094512195121952 1.3870967741935485 0.028963414634146343 0.20967741935483872
0 0.2690548780487805 1.5201612903225807 0.03201219512195122 0.21774193548387097
0 0.2896341463414634 1.3991935483870968 0.027439024390243903 0.1693548387096774
0 0.3155487804878049 1.5362903225806452 0.03048780487804878 0.18548387096774194
0 0.3384146341463415 1.403225806451613 0.03048780487804878 0.20967741935483872
0 0.38185975609756095 1.5201612903225807 0.028963414634146343 0.20161290322580644
0 0.4321646341463415 1.5161290322580645 0.025914634146341462 0.1774193548387097
0 0.43902439024390244 1.3346774193548387 0.027439024390243903 0.18548387096774194
0 0.4679878048780488 1.4233870967741935 0.027439024390243903 0.18548387096774194
0 0.4817073170731707 1.5241935483870968 0.024390243902439025 0.1935483870967742
0 0.4946646341463415 1.3306451612903225 0.025914634146341462 0.1774193548387097
0 0.5167682926829268 1.4516129032258065 0.03048780487804878 0.1935483870967742
0 0.5396341463414634 1.3991935483870968 0.03353658536585366 0.18548387096774194
0 0.5670731707317073 1.3669354838709677 0.027439024390243903 0.1693548387096774
0 0.5388719512195121 1.5483870967741935 0.028963414634146343 0.1774193548387097
0 0.5914634146341463 1.5120967741935485 0.03048780487804878 0.21774193548387097
0 0.33003048780487804 2.0524193548387095 0.0350609756097561 0.20161290322580644
0 0.4329268292682927 2.0080645161290325 0.039634146341463415 0.24193548387096775
0 0.4794207317073171 2.0806451612903225 0.038109756097560975 0.25806451612903225
0 0.5472560975609756 1.9959677419354838 0.036585365853658534 0.2661290322580645
0 0.5967987804878049 2.056451612903226 0.038109756097560975 0.24193548387096775
0 0.614329268292683 1.4153225806451613 0.03048780487804878 0.21774193548387097
0 0.6432926829268293 1.4798387096774193 0.027439024390243903 0.18548387096774194
0 0.6707317073170732 1.5040322580645162 0.03048780487804878 0.18548387096774194
0 0.6966463414634146 1.4556451612903225 0.027439024390243903 0.18548387096774194
0 0.7195121951219512 1.5080645161290323 0.03353658536585366 0.22580645161290322
0 0.7454268292682927 1.5403225806451613 0.03353658536585366 0.22580645161290322
0 0.7728658536585366 1.4879032258064515 0.036585365853658534 0.21774193548387097
0 0.8208841463414634 1.528225806451613 0.03201219512195122 0.21774193548387097
0 0.8971036585365854 1.4435483870967742 0.04725609756097561 0.27419354838709675
0 0.9458841463414634 1.5524193548387097 0.0350609756097561 0.23387096774193547
0 0.9634146341463414 1.403225806451613 0.03353658536585366 0.24193548387096775
0 1.0182926829268293 1.560483870967742 0.042682926829268296 0.2661290322580645
