0 0.05733333333333333 0.5524553571428571 0.03822222222222222 0.10044642857142858
0 0.16755555555555557 0.5223214285714286 0.008 0.017857142857142856
0 0.2048888888888889 0.5234375 0.009777777777777778 0.020089285714285716
0 0.25333333333333335 0.5357142857142857 0.024888888888888887 0.07142857142857142
0 0.352 0.4955357142857143 0.02666666666666667 0.07142857142857142
0 0.37822222222222224 0.515625 0.020444444444444446 0.05803571428571429
0 0.4266666666666667 0.4921875 0.016 0.04241071428571429
0 0.46755555555555556 0.47433035714285715 0.016 0.05580357142857143
0 0.5235555555555556 0.4888392857142857 0.024888888888888887 0.0625
0 0.5693333333333334 0.48549107142857145 0.020444444444444446 0.06473214285714286
0 0.6284444444444445 0.4419642857142857 0.024888888888888887 0.06696428571428571
0 0.6595555555555556 0.38169642857142855 0.032 0.08482142857142858
0 0.7866666666666666 0.35379464285714285 0.06755555555555555 0.19419642857142858
0 0.9648888888888889 0.43973214285714285 0.072 0.19642857142857142
0 0.5786666666666667 0.44754464285714285 0.019555555555555555 0.05133928571428571
0 0.552 0.47767857142857145 0.014222222222222223 0.04017857142857143
0 0.5031111111111111 0.5122767857142857 0.014222222222222223 0.03794642857142857
0 0.4902222222222222 0.5267857142857143 0.011555555555555555 0.03571428571428571
0 0.3973333333333333 0.5178571428571429 0.008888888888888889 0.022321428571428572
0 0.7137777777777777 0.41517857142857145 0.028444444444444446 0.08035714285714286
