0 0.43475 0.23714285714285716 0.0665 0.20857142857142857
0 0.59025 0.185 0.0655 0.2042857142857143
0 0.69575 0.31142857142857144 0.0655 0.2057142857142857
0 0.889 0.3892857142857143 0.067 0.20142857142857143
0 0.033 1.0614285714285714 0.015 0.04285714285714286
0 0.15475 0.7535714285714286 0.0315 0.09857142857142857
0 0.25325 0.81 0.0335 0.10285714285714286
0 0.5015 0.8064285714285714 0.029 0.08714285714285715
0 0.807 1.0442857142857143 0.014 0.04857142857142857
0 0.96625 0.9092857142857143 0.0225 0.06428571428571428
0 1.017 1.0192857142857144 0.017 0.06428571428571428
