0 0.2867704280155642 0.1025974025974026 0.007003891050583658 0.012987012987012988
0 0.3614785992217899 0.07467532467532467 0.008560311284046693 0.014285714285714285
0 0.39455252918287936 0.1 0.020233463035019456 0.07532467532467532
0 0.611284046692607 0.045454545454545456 0.008560311284046693 0.015584415584415584
0 0.642023346303502 0.05714285714285714 0.007782101167315175 0.012987012987012988
0 0.9571984435797666 0.22272727272727272 0.06536964980544747 0.09740259740259741
0 0.8929961089494164 0.21038961038961038 0.06459143968871596 0.12727272727272726
0 0.7416342412451362 0.1318181818181818 0.04669260700389105 0.09220779220779221
0 0.6058365758754863 0.22597402597402597 0.047470817120622566 0.10649350649350649
0 0.5638132295719844 0.3077922077922078 0.058365758754863814 0.12987012987012986
0 0.5334630350194552 0.2701298701298701 0.0490272373540856 0.09090909090909091
0 0.19961089494163425 0.2519480519480519 0.0443579766536965 0.08571428571428572
0 0.18988326848249026 0.6344155844155844 0.13073929961089495 0.2662337662337662
0 0.3027237354085603 0.5811688311688312 0.10583657587548638 0.23506493506493506
0 0.43891050583657587 0.5584415584415584 0.11206225680933853 0.21558441558441557
0 0.5424124513618677 0.5694805194805195 0.07470817120622568 0.17792207792207793
0 0.5385214007782101 0.7883116883116883 0.12140077821011673 0.2779220779220779
0 0.6474708171206226 0.5422077922077922 0.10272373540856031 0.21948051948051947
0 0.6610894941634241 0.8571428571428571 0.12840466926070038 0.2883116883116883
0 0.7412451361867705 0.6831168831168831 0.12217898832684825 0.2831168831168831
0 0.8147859922178988 0.5 0.1198443579766537 0.23896103896103896
0 0.743579766536965 0.3 0.052140077821011675 0.11688311688311688
