0 -0.012380952380952381 1.5625 0.02095238095238095 0.08333333333333333
0 0.04666666666666667 1.5642361111111112 0.03238095238095238 0.12152777777777778
0 0.06523809523809523 1.4982638888888888 0.025714285714285714 0.08680555555555555
0 0.18761904761904763 1.4600694444444444 0.017142857142857144 0.07291666666666667
0 0.15571428571428572 1.4375 0.018095238095238095 0.0625
0 0.21857142857142858 1.4652777777777777 0.01619047619047619 0.0763888888888889
0 0.4038095238095238 1.21875 0.011428571428571429 0.05555555555555555
0 0.4438095238095238 1.2847222222222223 0.01904761904761905 0.06944444444444445
0 0.5090476190476191 1.265625 0.01619047619047619 0.07291666666666667
0 0.5428571428571428 1.2604166666666667 0.015238095238095238 0.0763888888888889
0 0.5804761904761905 1.2482638888888888 0.010476190476190476 0.03819444444444445
0 0.6023809523809524 1.2378472222222223 0.018095238095238095 0.07291666666666667
0 0.6357142857142857 1.2621527777777777 0.029523809523809525 0.12152777777777778
0 0.6585714285714286 1.2170138888888888 0.02 0.0798611111111111
0 0.6838095238095238 1.2743055555555556 0.015238095238095238 0.0625
0 0.7038095238095238 1.2847222222222223 0.009523809523809525 0.034722222222222224
0 0.7452380952380953 1.2708333333333333 0.018095238095238095 0.0763888888888889
0 0.8652380952380953 1.2326388888888888 0.023809523809523808 0.09722222222222222
0 0.9504761904761905 1.3871527777777777 0.017142857142857144 0.059027777777777776
0 0.9638095238095238 1.3871527777777777 0.017142857142857144 0.07291666666666667
0 0.960952380952381 1.2378472222222223 0.02666666666666667 0.10069444444444445
