0 0.268958543983822 0.7108695652173913 0.044489383215369056 0.09565217391304348
0 0.3690596562184024 0.691304347826087 0.034378159757330634 0.1
0 0.4443882709807887 0.6402173913043478 0.033367037411526794 0.08478260869565217
0 0.5419615773508595 0.7054347826086956 0.034378159757330634 0.09347826086956522
0 0.5237613751263903 0.6358695652173914 0.030333670374115267 0.08043478260869565
0 0.6466127401415571 0.7239130434782609 0.015166835187057633 0.034782608695652174
0 0.6223458038422649 0.7304347826086957 0.017189079878665317 0.0391304347826087
0 0.5819009100101112 0.5728260869565217 0.021233569261880688 0.058695652173913045
0 0.6916076845298281 0.55 0.012133468149646108 0.034782608695652174
0 0.6820020222446916 0.558695652173913 0.01314459049544995 0.030434782608695653
0 0.9514661274014156 0.6130434782608696 0.020222446916076844 0.043478260869565216
0 0.9878665318503539 0.5673913043478261 0.024266936299292215 0.043478260869565216
0 0.9590495449949444 0.46630434782608693 0.00910010111223458 0.01956521739130435
0 0.6172901921132457 0.5880434782608696 0.01314459049544995 0.03260869565217391
0 0.628412537917088 0.48478260869565215 0.007077856420626896 0.017391304347826087
0 0.5566228513650152 0.5902173913043478 0.023255813953488372 0.06304347826086956
0 0.48179979777553084 0.5728260869565217 0.021233569261880688 0.058695652173913045
0 0.3822042467138524 0.5836956521739131 0.020222446916076844 0.041304347826086954
0 0.35490394337714865 0.592391304347826 0.014155712841253791 0.03260869565217391
0 0.2775530839231547 0.5597826086956522 0.019211324570273004 0.05
0 0.24924165824064712 0.5728260869565217 0.015166835187057633 0.04565217391304348
0 0.22851365015166836 0.5695652173913044 0.012133468149646108 0.034782608695652174
0 0.20475227502527807 0.5434782608695652 0.017189079878665317 0.043478260869565216
0 0.17644084934277046 0.5510869565217391 0.021233569261880688 0.05
0 0.12335692618806876 0.6021739130434782 0.020222446916076844 0.05217391304347826
0 0.141051567239636 0.5717391304347826 0.021233569261880688 0.04782608695652174
0 0.10262891809908999 0.5608695652173913 0.015166835187057633 0.09130434782608696
0 0.051061678463094035 0.5423913043478261 0.015166835187057633 0.02826086956521739
0 0.30485338725985844 0.4923913043478261 0.007077856420626896 0.015217391304347827
0 0.32912032355915066 0.4891304347826087 0.005055611729019211 0.013043478260869565
0 0.27199191102123355 0.47934782608695653 0.012133468149646108 0.06304347826086956
