0 0.31073825503355706 1.6905737704918034 0.04697986577181208 0.15163934426229508
0 0.49261744966442955 1.805327868852459 0.04563758389261745 0.1680327868852459
0 0.6040268456375839 1.7274590163934427 0.042953020134228186 0.14344262295081966
0 0.640268456375839 1.6639344262295082 0.05100671140939597 0.1885245901639344
0 0.22684563758389262 1.7049180327868851 0.0348993288590604 0.13114754098360656
0 0.4134228187919463 1.6782786885245902 0.0348993288590604 0.12704918032786885
0 1.1604026845637583 2.3114754098360657 0.07651006711409396 0.23770491803278687
0 1.0691275167785235 1.7438524590163935 0.052348993288590606 0.20901639344262296
0 1.0221476510067113 1.598360655737705 0.036241610738255034 0.11475409836065574
0 1.1704697986577182 1.5573770491803278 0.03758389261744966 0.12295081967213115
0 1.1187919463087248 1.4692622950819672 0.025503355704697986 0.0778688524590164
