0 0.8015122873345936 0.3984018264840183 0.05860113421550094 0.17579908675799086
0 0.7292060491493384 0.4680365296803653 0.048204158790170135 0.1415525114155251
0 0.8634215500945179 0.3995433789954338 0.04064272211720227 0.1232876712328767
0 0.6706049149338374 0.4668949771689498 0.048204158790170135 0.14383561643835616
0 0.6309073724007561 0.5285388127853882 0.0444234404536862 0.13470319634703196
0 0.5689981096408318 0.4634703196347032 0.04725897920604915 0.1324200913242009
0 0.5335538752362949 0.3961187214611872 0.0500945179584121 0.14840182648401826
0 0.359640831758034 0.7363013698630136 0.0671077504725898 0.18949771689497716
0 0.2438563327032136 0.4018264840182648 0.05860113421550094 0.1689497716894977
0 0.34262759924385633 0.4349315068493151 0.05954631379962193 0.16210045662100456
0 -0.01275992438563327 0.4851598173515982 0.036862003780718335 0.09817351598173515
0 0.038752362948960305 0.4440639269406393 0.04158790170132325 0.10273972602739725
0 0.166351606805293 0.4794520547945205 0.034026465028355386 0.0821917808219178
0 0.46975425330812853 0.4372146118721461 0.043478260869565216 0.15296803652968036
0 0.43052930056710775 0.4121004566210046 0.046313799621928164 0.15296803652968036
