0 0.12883435582822086 1.9806763285024154 0.04171779141104295 0.10144927536231885
0 0.5165644171779141 2.036231884057971 0.03190184049079755 0.06763285024154589
0 0.5337423312883436 1.9891304347826086 0.0196319018404908 0.05555555555555555
0 0.6411042944785276 1.9734299516908214 0.015950920245398775 0.033816425120772944
0 0.6705521472392638 1.9903381642512077 0.025766871165644172 0.05314009661835749
0 0.6754601226993865 1.9553140096618358 0.015950920245398775 0.036231884057971016
0 0.7196319018404908 1.9565217391304348 0.011042944785276074 0.024154589371980676
0 0.7588957055214723 1.9516908212560387 0.013496932515337423 0.024154589371980676
0 0.7920245398773006 1.9420289855072463 0.006134969325153374 0.014492753623188406
0 0.7963190184049079 2.0157004830917873 0.0196319018404908 0.05555555555555555
0 0.8202453987730062 1.9758454106280192 0.018404907975460124 0.05314009661835749
0 0.8423312883435583 1.9456521739130435 0.011042944785276074 0.021739130434782608
0 0.8840490797546012 2.03743961352657 0.04539877300613497 0.11835748792270531
0 0.9809815950920245 2.0229468599033815 0.03558282208588957 0.08454106280193237
