0 0.12092534174553102 3.767543859649123 0.027339642481598318 0.2543859649122807
0 0.09200841219768664 3.776315789473684 0.028391167192429023 0.2894736842105263
0 0.12039957939011567 4.0 0.03259726603575184 0.3157894736842105
0 0.27812828601472134 3.3991228070175437 0.03470031545741325 0.34210526315789475
0 0.38801261829652994 3.5657894736842106 0.027339642481598318 0.32456140350877194
0 0.36803364879074657 3.6973684210526314 0.029442691903259727 0.30701754385964913
0 0.491062039957939 3.6491228070175437 0.033648790746582544 0.3508771929824561
0 0.4737118822292324 3.3728070175438596 0.03470031545741325 0.37719298245614036
0 0.5105152471083071 3.4078947368421053 0.03470031545741325 0.32456140350877194
0 0.5215562565720294 3.504385964912281 0.03995793901156677 0.37719298245614036
0 0.5283911671924291 3.5833333333333335 0.03890641430073607 0.41228070175438597
0 0.7003154574132492 3.6403508771929824 0.04206098843322818 0.3684210526315789
0 0.8590956887486856 3.513157894736842 0.027339642481598318 0.2894736842105263
0 0.8948475289169295 3.5964912280701755 0.031545741324921134 0.2631578947368421
0 0.9143007360672976 3.3157894736842106 0.026288117770767613 0.21052631578947367
0 1.0231335436382756 3.491228070175439 0.033648790746582544 0.2982456140350877
0 1.0578338590956888 3.3508771929824563 0.03995793901156677 0.38596491228070173
