0 0.4746932515337423 1.005586592178771 0.04447852760736196 0.18994413407821228
0 0.6234662576687117 1.1033519553072626 0.05061349693251534 0.19553072625698323
0 0.7538343558282209 1.1452513966480447 0.05061349693251534 0.18994413407821228
0 0.2960122699386503 1.1340782122905029 0.03987730061349693 0.1564245810055866
0 0.9861963190184049 1.0195530726256983 0.027607361963190184 0.09497206703910614
0 0.9294478527607362 0.994413407821229 0.027607361963190184 0.12290502793296089
0 0.88420245398773 1.0726256983240223 0.02607361963190184 0.1005586592178771
0 0.8757668711656442 1.2011173184357542 0.024539877300613498 0.1005586592178771
0 0.7630368098159509 0.9972067039106145 0.02607361963190184 0.11731843575418995
0 0.7776073619631901 1.0279329608938548 0.027607361963190184 0.11173184357541899
0 0.7829754601226994 1.1508379888268156 0.023006134969325152 0.1005586592178771
0 0.015337423312883436 1.0726256983240223 0.006134969325153374 0.0223463687150838
0 0.02530674846625767 1.1731843575418994 0.01687116564417178 0.11173184357541899
0 0.032975460122699383 1.089385474860335 0.007668711656441718 0.0335195530726257
0 0.8266871165644172 1.26536312849162 0.015337423312883436 0.061452513966480445
