0 0.0778642936596218 0.5760869565217391 0.04004449388209121 0.06521739130434782
0 0.11067853170189099 0.6431159420289855 0.04560622914349277 0.06884057971014493
0 0.15406006674082315 0.6856884057971014 0.030033370411568408 0.05253623188405797
0 0.19577308120133483 0.4855072463768116 0.035595105672969966 0.06521739130434782
0 0.228587319243604 0.08967391304347826 0.03225806451612903 0.05615942028985507
0 0.22246941045606228 0.050724637681159424 0.03114571746384872 0.04710144927536232
0 0.4032258064516129 0.04710144927536232 0.03225806451612903 0.06521739130434782
0 0.40378197997775306 0.11231884057971014 0.028921023359288096 0.06159420289855073
0 0.38876529477196886 0.1947463768115942 0.030033370411568408 0.06340579710144928
0 0.3542825361512792 0.2572463768115942 0.03670745272525028 0.06521739130434782
0 0.41434927697441604 0.37318840579710144 0.027808676307007785 0.05434782608695652
0 0.43937708565072303 0.375 0.035595105672969966 0.06521739130434782
0 0.3631813125695217 0.39945652173913043 0.03670745272525028 0.07065217391304347
0 0.45550611790878753 0.4936594202898551 0.03670745272525028 0.06702898550724638
0 0.38375973303670746 0.6721014492753623 0.03337041156840934 0.057971014492753624
0 0.3720800889877642 0.9365942028985508 0.041156840934371525 0.09057971014492754
0 0.6618464961067854 0.7056159420289855 0.04004449388209121 0.07789855072463768
0 0.7547274749721913 0.5289855072463768 0.034482758620689655 0.07246376811594203
0 0.6440489432703004 0.3242753623188406 0.035595105672969966 0.07608695652173914
0 0.6273637374860956 0.24818840579710144 0.03114571746384872 0.057971014492753624
0 1.0400444938820912 0.7047101449275363 0.035595105672969966 0.06521739130434782
0 1.0305895439377086 0.5715579710144928 0.03670745272525028 0.06340579710144928
0 1.0116796440489433 0.49728260869565216 0.03225806451612903 0.059782608695652176
0 0.921579532814238 0.4338768115942029 0.034482758620689655 0.05615942028985507
0 0.9833147942157954 0.33152173913043476 0.03337041156840934 0.06159420289855073
0 0.9810901001112347 0.24365942028985507 0.03114571746384872 0.07427536231884058
0 0.9688542825361512 0.15489130434782608 0.04004449388209121 0.059782608695652176
0 0.2274749721913237 0.09057971014492754 0.034482758620689655 0.06159420289855073
0 0.4733036707452725 0.36684782608695654 0.03225806451612903 0.059782608695652176
