0 0.023972602739726026 1.058641975308642 0.09246575342465753 0.41358024691358025
0 0.1404109589041096 0.9691358024691358 0.0958904109589041 0.41975308641975306
0 0.2551369863013699 0.7530864197530864 0.10273972602739725 0.3950617283950617
0 0.15154109589041095 0.6666666666666666 0.0976027397260274 0.43209876543209874
0 0.4246575342465753 0.8672839506172839 0.08561643835616438 0.4012345679012346
0 0.5291095890410958 0.9537037037037037 0.08561643835616438 0.3765432098765432
0 0.639554794520548 0.8641975308641975 0.09075342465753425 0.41975308641975306
0 0.7080479452054794 0.6512345679012346 0.09075342465753425 0.41358024691358025
0 0.8133561643835616 0.75 0.10273972602739725 0.47530864197530864
0 0.9289383561643836 0.6265432098765432 0.0976027397260274 0.47530864197530864
0 0.8236301369863014 0.4537037037037037 0.09246575342465753 0.3765432098765432
0 0.9272260273972602 0.6265432098765432 0.09417808219178082 0.47530864197530864
