0 0.09935064935064936 2.2891737891737893 0.07402597402597402 0.21367521367521367
0 0.4487012987012987 2.2663817663817665 0.07402597402597402 0.19658119658119658
0 0.4779220779220779 2.4074074074074074 0.06233766233766234 0.15384615384615385
0 0.698051948051948 2.5811965811965814 0.05584415584415584 0.19943019943019943
0 0.8220779220779221 2.4301994301994303 0.06493506493506493 0.20512820512820512
0 0.9863636363636363 2.2720797720797723 0.02727272727272727 0.06552706552706553
0 0.6168831168831169 2.242165242165242 0.025974025974025976 0.06837606837606838
0 0.6610389610389611 2.207977207977208 0.012987012987012988 0.03418803418803419
0 0.7357142857142858 2.1923076923076925 0.02727272727272727 0.06552706552706553
0 0.7681818181818182 2.2279202279202277 0.024675324675324677 0.05128205128205128
0 0.6831168831168831 2.2393162393162394 0.012987012987012988 0.03418803418803419
0 0.698051948051948 2.2364672364672367 0.014285714285714285 0.03418803418803419
0 0.8136363636363636 2.215099715099715 0.014285714285714285 0.037037037037037035
0 0.7785714285714286 2.240740740740741 0.011688311688311689 0.02564102564102564
0 0.8902597402597403 2.240740740740741 0.011688311688311689 0.02564102564102564
0 0.9318181818181818 2.2108262108262107 0.00909090909090909 0.022792022792022793
0 0.9116883116883117 2.2877492877492878 0.04155844155844156 0.15954415954415954
0 0.9428571428571428 2.2037037037037037 0.007792207792207792 0.019943019943019943
0 0.8558441558441559 2.2834757834757835 0.04155844155844156 0.09401709401709402
