0 1.0694643368662275 0.6703577512776832 0.04497278716700086 0.16013628620102216
0 1.0098825551417931 0.706984667802385 0.05184760813520481 0.19080068143100512
0 0.9132053852764251 1.284497444633731 0.05614437124033228 0.20442930153321975
0 0.7820108851331996 1.3722316865417377 0.04640504153537668 0.1839863713798978
0 0.6723002005156116 1.3040885860306644 0.042967631051274706 0.16695059625212946
0 0.5501289028931539 1.2772572402044293 0.04841019765110283 0.1899488926746167
0 0.39802348897164136 1.321976149914821 0.0438269836723002 0.1788756388415673
0 0.7549412775708966 1.0928449744463373 0.0438269836723002 0.19080068143100512
0 0.9041821827556574 0.7044293015332198 0.04841019765110283 0.17546848381601363
0 0.7844457175594386 0.6997444633730835 0.03752506445144658 0.15417376490630325
0 0.6871956459467201 0.8160136286201022 0.04182182755657405 0.17546848381601363
0 0.5187625322257233 0.7938671209540034 0.04239472930392438 0.17035775127768313
0 0.3890002864508737 0.7925894378194208 0.04239472930392438 0.18143100511073254
0 0.3507590948152392 0.8006814310051107 0.036379260956745915 0.16695059625212946
0 0.23016327699799485 0.7955706984667802 0.04439988541965053 0.1839863713798978
0 0.11744485820681753 0.7712947189097104 0.05098825551417932 0.20357751277683134
0 0.19922658264107707 0.7896081771720613 0.04210827843024921 0.1465076660988075
0 0.2629619020338012 0.7410562180579217 0.0389573188198224 0.14991482112436116
0 0.33156688627900316 0.7291311754684838 0.03752506445144658 0.13458262350936967
0 0.4004583213978803 0.6452299829642248 0.04010312231452306 0.16609880749574105
0 0.4889716413635062 0.6465076660988075 0.04239472930392438 0.17206132879045996
0 0.6071326267545116 0.7044293015332198 0.036379260956745915 0.15502555366269166
0 0.7036665711830421 0.6201022146507666 0.040389573188198226 0.1567291311754685
0 0.7804354053279863 0.5617546848381602 0.03752506445144658 0.14395229982964225
0 0.8769693497565167 0.5562180579216355 0.04841019765110283 0.1839863713798978
0 0.8460326553995989 0.5464224872231687 0.0340876539673446 0.14906303236797275
