0 0.02277992277992278 0.9796195652173914 0.0069498069498069494 0.024456521739130436
0 0.03474903474903475 1.0421195652173914 0.012355212355212355 0.12771739130434784
0 0.047876447876447875 0.9891304347826086 0.006177606177606178 0.021739130434782608
0 0.05714285714285714 0.9796195652173914 0.004633204633204633 0.019021739130434784
0 0.16988416988416988 1.0434782608695652 0.006177606177606178 0.021739130434782608
0 0.17335907335907336 1.0122282608695652 0.0069498069498069494 0.029891304347826088
0 0.25212355212355214 1.0298913043478262 0.005405405405405406 0.016304347826086956
0 0.21853281853281853 1.0190217391304348 0.004633204633204633 0.016304347826086956
0 0.19884169884169883 1.017663043478261 0.005405405405405406 0.019021739130434784
0 0.31583011583011583 1.0366847826086956 0.009266409266409266 0.035326086956521736
0 0.34015444015444013 1.0394021739130435 0.005405405405405406 0.024456521739130436
0 0.3752895752895753 1.0244565217391304 0.009266409266409266 0.03804347826086957
0 0.7397683397683398 1.1630434782608696 0.012355212355212355 0.05434782608695652
0 0.37104247104247107 1.3709239130434783 0.051737451737451735 0.1875
0 0.46872586872586874 1.4945652173913044 0.050965250965250966 0.21195652173913043
0 0.6247104247104247 1.4361413043478262 0.05714285714285714 0.20923913043478262
0 0.6548262548262548 1.809782608695652 0.09420849420849421 0.31521739130434784
0 0.9482625482625483 1.1494565217391304 0.015444015444015444 0.05434782608695652
0 0.9899613899613899 1.1372282608695652 0.021621621621621623 0.10054347826086957
0 0.9401544401544402 1.5869565217391304 0.0918918918918919 0.45108695652173914
0 0.8799227799227799 1.5855978260869565 0.04864864864864865 0.19293478260869565
0 0.9123552123552123 1.3070652173913044 0.025482625482625483 0.10869565217391304
