0 0.8707627118644068 0.8444444444444444 0.025423728813559324 0.08333333333333333
0 0.8432203389830508 0.7680555555555556 0.02754237288135593 0.08055555555555556
0 0.7759533898305084 0.7708333333333334 0.024364406779661018 0.08055555555555556
0 0.6986228813559322 0.775 0.028601694915254237 0.1
0 0.6054025423728814 0.7972222222222223 0.026483050847457626 0.09444444444444444
0 0.5323093220338984 0.8027777777777778 0.022245762711864406 0.07222222222222222
0 0.4989406779661017 0.7541666666666667 0.019067796610169493 0.06388888888888888
0 0.461864406779661 0.725 0.019067796610169493 0.05555555555555555
0 0.4322033898305085 0.7486111111111111 0.0211864406779661 0.075
0 0.4020127118644068 0.8111111111111111 0.022245762711864406 0.06111111111111111
0 0.368114406779661 0.8361111111111111 0.022245762711864406 0.07222222222222222
0 0.3066737288135593 0.8347222222222223 0.024364406779661018 0.08055555555555556
0 0.2770127118644068 0.7736111111111111 0.020127118644067795 0.06944444444444445
0 0.2356991525423729 0.7930555555555555 0.020127118644067795 0.075
0 0.1742584745762712 0.7583333333333333 0.024364406779661018 0.07222222222222222
0 0.13135593220338984 0.7902777777777777 0.023305084745762712 0.075
0 0.057733050847457626 0.6930555555555555 0.022245762711864406 0.06944444444444445
0 0.1059322033898305 0.7069444444444445 0.0211864406779661 0.06944444444444445
0 0.1684322033898305 0.6472222222222223 0.025423728813559324 0.07777777777777778
0 0.2065677966101695 0.6486111111111111 0.0211864406779661 0.06388888888888888
0 0.23040254237288135 0.6569444444444444 0.020127118644067795 0.06388888888888888
0 0.2542372881355932 0.6472222222222223 0.019067796610169493 0.06111111111111111
0 0.2801906779661017 0.6388888888888888 0.022245762711864406 0.06666666666666667
0 0.3082627118644068 0.5944444444444444 0.023305084745762712 0.07222222222222222
0 0.3522245762711864 0.5819444444444445 0.022245762711864406 0.06944444444444445
0 0.3898305084745763 0.6 0.0211864406779661 0.06666666666666667
0 0.4290254237288136 0.5791666666666667 0.0211864406779661 0.06388888888888888
0 0.4565677966101695 0.6125 0.019067796610169493 0.05277777777777778
0 0.4814618644067797 0.6041666666666666 0.018008474576271187 0.06388888888888888
0 0.5047669491525424 0.6083333333333333 0.020127118644067795 0.07222222222222222
0 0.5323093220338984 0.6277777777777778 0.018008474576271187 0.05555555555555555
0 0.5619703389830508 0.5916666666666667 0.018008474576271187 0.06111111111111111
0 0.5842161016949152 0.6375 0.020127118644067795 0.06388888888888888
0 0.6223516949152542 0.6097222222222223 0.022245762711864406 0.075
0 0.6588983050847458 0.6583333333333333 0.0211864406779661 0.07222222222222222
0 0.7346398305084746 0.6333333333333333 0.022245762711864406 0.07222222222222222
0 0.7738347457627118 0.6138888888888889 0.024364406779661018 0.07222222222222222
0 0.8257415254237288 0.6041666666666666 0.022245762711864406 0.075
0 0.878177966101695 0.6236111111111111 0.025423728813559324 0.075
0 0.9332627118644068 0.5291666666666667 0.03177966101694915 0.09166666666666666
0 0.903072033898305 0.5236111111111111 0.022245762711864406 0.06388888888888888
0 0.8702330508474576 0.5652777777777778 0.024364406779661018 0.06944444444444445
0 0.8146186440677966 0.5583333333333333 0.023305084745762712 0.07777777777777778
0 0.6927966101694916 0.5861111111111111 0.023305084745762712 0.07777777777777778
0 0.7203389830508474 0.5430555555555555 0.0211864406779661 0.06944444444444445
0 0.6663135593220338 0.5638888888888889 0.019067796610169493 0.06111111111111111
0 0.638771186440678 0.5583333333333333 0.023305084745762712 0.07777777777777778
0 0.607521186440678 0.5694444444444444 0.022245762711864406 0.06666666666666667
0 0.7521186440677966 0.5486111111111112 0.0211864406779661 0.058333333333333334
0 0.5826271186440678 0.5472222222222223 0.01694915254237288 0.05555555555555555
0 0.5444915254237288 0.5597222222222222 0.019067796610169493 0.06388888888888888
0 0.5084745762711864 0.5680555555555555 0.01694915254237288 0.05277777777777778
0 0.4724576271186441 0.5194444444444445 0.019067796610169493 0.06111111111111111
0 0.4073093220338983 0.5402777777777777 0.020127118644067795 0.06388888888888888
0 0.4216101694915254 0.5277777777777778 0.01694915254237288 0.05
0 0.3744703389830508 0.5513888888888889 0.020127118644067795 0.06388888888888888
0 0.3283898305084746 0.5888888888888889 0.01694915254237288 0.05555555555555555
0 0.2923728813559322 0.5861111111111111 0.014830508474576272 0.044444444444444446
0 0.2711864406779661 0.5958333333333333 0.019067796610169493 0.05277777777777778
0 0.2510593220338983 0.5444444444444444 0.019067796610169493 0.05555555555555555
0 0.1965042372881356 0.5958333333333333 0.022245762711864406 0.06388888888888888
0 0.13771186440677965 0.6236111111111111 0.025423728813559324 0.06388888888888888
0 0.10116525423728813 0.6527777777777778 0.022245762711864406 0.06666666666666667
0 0.08421610169491525 0.5972222222222222 0.022245762711864406 0.06666666666666667
0 0.2759533898305085 0.5430555555555555 0.015889830508474576 0.058333333333333334
0 0.3098516949152542 0.5263888888888889 0.018008474576271187 0.04722222222222222
0 0.3342161016949153 0.5291666666666667 0.018008474576271187 0.05277777777777778
0 0.3559322033898305 0.5361111111111111 0.01694915254237288 0.044444444444444446
0 0.3728813559322034 0.5111111111111111 0.014830508474576272 0.044444444444444446
0 0.4041313559322034 0.46944444444444444 0.018008474576271187 0.05
0 0.4422669491525424 0.47638888888888886 0.015889830508474576 0.04722222222222222
0 0.5084745762711864 0.49722222222222223 0.019067796610169493 0.05555555555555555
0 0.528072033898305 0.5305555555555556 0.018008474576271187 0.05555555555555555
0 0.5307203389830508 0.4875 0.01694915254237288 0.058333333333333334
0 0.4841101694915254 0.4597222222222222 0.01694915254237288 0.05277777777777778
0 0.5058262711864406 0.4513888888888889 0.015889830508474576 0.04722222222222222
0 0.5677966101694916 0.5041666666666667 0.01694915254237288 0.05277777777777778
0 0.59375 0.4777777777777778 0.018008474576271187 0.05555555555555555
0 0.6080508474576272 0.5055555555555555 0.01694915254237288 0.05555555555555555
0 0.6366525423728814 0.5013888888888889 0.01694915254237288 0.058333333333333334
0 0.6710805084745762 0.5027777777777778 0.018008474576271187 0.05555555555555555
0 0.649364406779661 0.4652777777777778 0.01694915254237288 0.058333333333333334
0 0.7076271186440678 0.4986111111111111 0.019067796610169493 0.058333333333333334
0 0.6970338983050848 0.4708333333333333 0.019067796610169493 0.05277777777777778
0 0.7441737288135594 0.4986111111111111 0.015889830508474576 0.058333333333333334
0 0.7929025423728814 0.49583333333333335 0.022245762711864406 0.06944444444444445
0 0.840572033898305 0.46805555555555556 0.024364406779661018 0.06944444444444445
0 0.9057203389830508 0.45555555555555555 0.023305084745762712 0.06666666666666667
0 0.8628177966101694 0.4263888888888889 0.018008474576271187 0.05277777777777778
0 0.7960805084745762 0.44027777777777777 0.015889830508474576 0.058333333333333334
0 0.7621822033898306 0.4666666666666667 0.020127118644067795 0.05555555555555555
0 0.7489406779661016 0.4375 0.01694915254237288 0.058333333333333334
0 0.826271186440678 0.4708333333333333 0.0211864406779661 0.06388888888888888
0 0.8479872881355932 0.3958333333333333 0.018008474576271187 0.058333333333333334
0 0.8352754237288136 0.3527777777777778 0.020127118644067795 0.05555555555555555
0 0.8061440677966102 0.4027777777777778 0.01694915254237288 0.05
0 0.7939618644067796 0.37916666666666665 0.015889830508474576 0.058333333333333334
0 0.7828389830508474 0.36527777777777776 0.014830508474576272 0.04722222222222222
0 0.7526483050847458 0.38472222222222224 0.020127118644067795 0.058333333333333334
0 0.7245762711864406 0.34444444444444444 0.01694915254237288 0.05
0 0.698093220338983 0.35138888888888886 0.019067796610169493 0.05277777777777778
0 0.6896186440677966 0.4236111111111111 0.019067796610169493 0.05277777777777778
0 0.6731991525423728 0.3458333333333333 0.015889830508474576 0.05277777777777778
0 0.5810381355932204 0.40694444444444444 0.015889830508474576 0.05277777777777778
0 0.538135593220339 0.3888888888888889 0.01694915254237288 0.05555555555555555
0 0.5074152542372882 0.4111111111111111 0.01059322033898305 0.03888888888888889
0 0.4682203389830508 0.4361111111111111 0.01694915254237288 0.05
0 0.4274364406779661 0.45416666666666666 0.015889830508474576 0.05277777777777778
0 0.4157838983050847 0.4513888888888889 0.013771186440677966 0.04722222222222222
0 0.3797669491525424 0.45 0.015889830508474576 0.05555555555555555
0 0.3421610169491525 0.44166666666666665 0.01694915254237288 0.05555555555555555
0 0.3850635593220339 0.40555555555555556 0.015889830508474576 0.044444444444444446
0 0.3416313559322034 0.3819444444444444 0.011652542372881356 0.03611111111111111
0 0.3448093220338983 0.48055555555555557 0.013771186440677966 0.044444444444444446
0 0.3342161016949153 0.5013888888888889 0.015889830508474576 0.04722222222222222
0 0.3114406779661017 0.49166666666666664 0.014830508474576272 0.044444444444444446
0 0.8564618644067796 0.6152777777777778 0.022245762711864406 0.075
