0 0.6194690265486725 6.514469453376206 0.03816371681415929 0.5273311897106109
0 0.6393805309734514 6.520900321543408 0.016592920353982302 0.26366559485530544
0 0.667450221238938 6.747588424437299 0.010232300884955753 0.1382636655948553
0 0.6728429203539823 6.660771704180064 0.0055309734513274336 0.08038585209003216
0 0.6944137168141593 6.736334405144695 0.00497787610619469 0.06430868167202572
0 0.7104535398230089 6.67524115755627 0.006084070796460177 0.09003215434083602
0 0.7237278761061947 6.67524115755627 0.013827433628318585 0.18006430868167203
0 0.7452986725663717 6.65112540192926 0.016592920353982302 0.24758842443729903
0 0.8154037610619469 6.709003215434084 0.017422566371681415 0.2604501607717042
0 0.8639380530973452 6.739549839228296 0.014933628318584071 0.24437299035369775
0 1.0558628318584071 6.657556270096463 0.048672566371681415 0.7684887459807074
0 1.0934734513274336 6.805466237942122 0.05752212389380531 0.7556270096463023
0 1.1023230088495575 6.554662379421222 0.035398230088495575 0.4533762057877814
