0 0.09590766002098636 1.1123474515434315 0.02602308499475341 0.1198851399856425
0 0.0813221406086044 1.0423546302943287 0.02455403987408185 0.09475951184493898
0 0.18058761804826862 0.6033740129217516 0.04763903462749213 0.1873653984206748
0 0.22507869884575027 1.0488155061019382 0.025813221406086044 0.11629576453697056
0 0.257292759706191 1.0050251256281406 0.025603357817418678 0.10768126346015794
0 0.2862539349422875 0.9820531227566404 0.02266526757607555 0.11486001435750179
0 0.35550891920251837 0.9285714285714286 0.023504721930745015 0.09834888729361091
0 0.43315844700944384 0.8905240488155061 0.02224554039874082 0.08399138549892318
0 0.508604407135362 0.7954055994256999 0.022455403987408185 0.09475951184493898
0 0.6047219307450158 0.8388370423546303 0.01993704092339979 0.05958363244795405
0 0.6707240293809024 0.7706389088298636 0.06715634837355719 0.18592964824120603
0 0.7935991605456453 0.7038765254845657 0.015320041972717734 0.0681981335247667
0 0.8363064008394544 0.7060301507537688 0.014690451206715634 0.05527638190954774
0 0.8842602308499475 0.5656855707106964 0.02833158447009444 0.12778176597272076
0 0.9898216159496327 0.5165111270638909 0.015739769150052464 0.0624551328068916
