0 0.17758484609313338 -0.01167192429022082 0.07103393843725335 0.04605678233438486
0 0.0367008681925809 0.2561514195583596 0.04025256511444357 0.03406940063091483
0 0.9534333070244673 -0.5091482649842272 0.12628255722178375 0.10977917981072555
0 0.9743488555643252 0.08990536277602523 0.06393054459352802 0.05110410094637224
0 0.595895816890292 0.24921135646687698 0.03314917127071823 0.029022082018927444
0 0.7426992896606156 0.32965299684542587 0.020520915548539857 0.015772870662460567
0 0.6842936069455406 0.3473186119873817 0.017363851617995266 0.014511041009463722
0 0.6661404893449092 0.3495268138801262 0.018942383583267563 0.012618296529968454
0 0.7261247040252565 0.3637223974763407 0.012628255722178374 0.010725552050473186
0 0.5836621941594318 0.34321766561514194 0.01973164956590371 0.015141955835962145
0 0.5568271507498027 0.3561514195583596 0.013417521704814523 0.010725552050473186
0 0.526440410418311 0.361198738170347 0.012628255722178374 0.013249211356466877
0 0.4980268350434096 0.37318611987381706 0.009471191791633781 0.00946372239747634
0 0.4723756906077348 0.3659305993690852 0.011838989739542225 0.011356466876971609
0 0.4538279400157853 0.34794952681388014 0.01578531965272297 0.011987381703470032
0 0.43528018942383584 0.35141955835962146 0.013417521704814523 0.011356466876971609
0 0.39384372533543804 0.350788643533123 0.014206787687450671 0.0138801261829653
0 0.40568271507498027 0.3646687697160883 0.009471191791633781 0.008832807570977918
0 0.35438042620363064 0.3271293375394322 0.01578531965272297 0.015772870662460567
0 0.3346487766377269 0.3451104100946372 0.01578531965272297 0.015141955835962145
0 0.32202052091554856 0.3473186119873817 0.012628255722178374 0.011987381703470032
0 0.2884767166535122 0.35141955835962146 0.016574585635359115 0.0138801261829653
0 0.250197316495659 0.3637223974763407 0.011049723756906077 0.010725552050473186
0 0.1866614048934491 0.33533123028391165 0.01499605367008682 0.014511041009463722
0 0.16258879242304658 0.34542586750788645 0.017363851617995266 0.013249211356466877
0 0.5094711917916338 0.3861198738170347 0.008681925808997633 0.010094637223974764
0 0.5130228887134964 0.3810725552050473 0.007892659826361484 0.007570977917981073
0 0.7920284135753749 0.3586750788643533 0.011838989739542225 0.011987381703470032
0 0.9648776637726914 0.3126182965299685 0.021310181531176007 0.01829652996845426
0 0.9656669297553275 0.31230283911671924 0.01973164956590371 0.02018927444794953
0 0.03196527229676401 0.38201892744479493 0.013417521704814523 0.011987381703470032
0 0.034333070244672456 0.3419558359621451 0.016574585635359115 0.017665615141955835
0 0.26361483820047354 0.40788643533123026 0.02367797947908445 0.04227129337539432
0 0.48737174427782165 0.38958990536277605 0.008681925808997633 0.00694006309148265
0 0.6136543014996053 0.36056782334384857 0.010260457774269928 0.010725552050473186
