0 -0.04075 0.9971875 0.0875 0.114375
0 0.3705 0.965625 0.091 0.1275
0 0.63925 0.99375 0.0305 0.04875
0 0.389 0.9415625 0.057 0.074375
0 0.59725 0.948125 0.0135 0.0225
0 0.62875 0.9409375 0.0135 0.019375
0 0.6565 0.9325 0.009 0.01125
0 0.55475 0.94125 0.0045 0.005
0 0.53425 0.941875 0.0035 0.005
0 0.5745 0.9471875 0.005 0.006875
0 0.03725 0.9578125 0.0055 0.008125
0 0.069 0.9509375 0.005 0.006875
0 0.79925 0.9203125 0.0075 0.010625
0 0.767 0.9275 0.01 0.0175
0 0.7535 0.93625 0.009 0.01375
0 0.72275 0.9653125 0.0295 0.083125
0 0.82425 0.9203125 0.0145 0.016875
0 0.57825 0.9415625 0.0045 0.005625
