0 0.8418604651162791 0.7876288659793814 0.023255813953488372 0.041237113402061855
0 0.8755813953488372 0.7319587628865979 0.018604651162790697 0.032989690721649485
0 0.9558139534883721 0.7402061855670103 0.01627906976744186 0.032989690721649485
0 0.8965116279069767 0.6989690721649484 0.011627906976744186 0.024742268041237112
0 0.8697674418604651 0.6979381443298969 0.011627906976744186 0.02268041237113402
0 0.8505813953488373 0.688659793814433 0.010465116279069767 0.020618556701030927
0 0.8093023255813954 0.702061855670103 0.018604651162790697 0.03505154639175258
0 0.7610465116279069 0.7175257731958763 0.012790697674418604 0.03711340206185567
0 0.7610465116279069 0.6814432989690722 0.010465116279069767 0.02268041237113402
0 0.7959302325581395 0.668041237113402 0.00813953488372093 0.016494845360824743
0 0.725 0.7010309278350515 0.019767441860465116 0.03711340206185567
0 0.7680232558139535 0.7185567010309278 0.012790697674418604 0.030927835051546393
0 0.6895348837209302 0.7381443298969073 0.02558139534883721 0.05360824742268041
0 0.6116279069767442 0.7865979381443299 0.02558139534883721 0.05154639175257732
0 0.5784883720930233 0.797938144329897 0.022093023255813953 0.041237113402061855
0 0.5453488372093023 0.7494845360824742 0.01627906976744186 0.03505154639175258
0 0.4744186046511628 0.7329896907216494 0.018604651162790697 0.03505154639175258
0 0.40755813953488373 0.7103092783505155 0.01744186046511628 0.03505154639175258
0 0.3697674418604651 0.7216494845360825 0.01627906976744186 0.032989690721649485
0 0.3412790697674419 0.7144329896907217 0.01744186046511628 0.030927835051546393
0 0.30290697674418604 0.6958762886597938 0.01744186046511628 0.030927835051546393
0 0.27151162790697675 0.7103092783505155 0.01744186046511628 0.030927835051546393
0 0.23488372093023255 0.7288659793814433 0.027906976744186046 0.05567010309278351
0 0.2186046511627907 0.7381443298969073 0.018604651162790697 0.032989690721649485
0 0.04127906976744186 0.6948453608247422 0.019767441860465116 0.03711340206185567
0 0.012209302325581395 0.7041237113402062 0.022093023255813953 0.03917525773195876
0 0.09825581395348837 0.7030927835051546 0.01744186046511628 0.032989690721649485
0 0.08895348837209302 0.6835051546391753 0.01744186046511628 0.030927835051546393
0 0.14186046511627906 0.6876288659793814 0.018604651162790697 0.030927835051546393
0 0.16744186046511628 0.7 0.018604651162790697 0.03505154639175258
0 0.20116279069767443 0.6917525773195876 0.01627906976744186 0.030927835051546393
0 0.24883720930232558 0.6907216494845361 0.020930232558139535 0.041237113402061855
0 0.040697674418604654 0.6711340206185566 0.01627906976744186 0.03505154639175258
0 0.3186046511627907 0.6783505154639176 0.01627906976744186 0.0288659793814433
0 0.36627906976744184 0.6711340206185566 0.01627906976744186 0.030927835051546393
0 0.4377906976744186 0.7041237113402062 0.015116279069767442 0.03505154639175258
0 0.4941860465116279 0.7061855670103093 0.01627906976744186 0.030927835051546393
0 0.461046511627907 0.6969072164948453 0.015116279069767442 0.024742268041237112
0 0.5180232558139535 0.6845360824742268 0.01744186046511628 0.032989690721649485
0 0.5703488372093023 0.6907216494845361 0.015116279069767442 0.032989690721649485
0 0.6215116279069768 0.6938144329896907 0.012790697674418604 0.02268041237113402
0 0.6040697674418605 0.709278350515464 0.012790697674418604 0.024742268041237112
0 0.686046511627907 0.6587628865979381 0.0069767441860465115 0.01443298969072165
0 0.8029069767441861 0.6927835051546392 0.015116279069767442 0.0288659793814433
0 0.3436046511627907 0.6721649484536083 0.015116279069767442 0.032989690721649485
0 0.3883720930232558 0.6783505154639176 0.01627906976744186 0.03711340206185567
0 0.4 0.6690721649484536 0.013953488372093023 0.026804123711340205
0 0.425 0.677319587628866 0.015116279069767442 0.026804123711340205
0 0.4761627906976744 0.7030927835051546 0.015116279069767442 0.024742268041237112
0 0.9895348837209302 0.7876288659793814 0.018604651162790697 0.03711340206185567
0 0.5587209302325581 0.7371134020618557 0.015116279069767442 0.030927835051546393
0 0.6796511627906977 0.7051546391752578 0.012790697674418604 0.024742268041237112
