0 0.5137820512820512 0.4631675874769797 0.14551282051282052 0.425414364640884
0 0.6798076923076923 0.921731123388582 0.08397435897435897 0.24493554327808473
0 0.892948717948718 0.42173112338858193 0.057692307692307696 0.26519337016574585
0 0.8926282051282052 0.42357274401473294 0.06602564102564103 0.26151012891344383
0 0.7387820512820513 0.2504604051565378 0.08012820512820513 0.3388581952117864
0 0.8003205128205129 0.3839779005524862 0.06602564102564103 0.26703499079189685
0 0.8272435897435897 0.20994475138121546 0.07243589743589744 0.2541436464088398
0 0.8794871794871795 0.20257826887661143 0.05641025641025641 0.2283609576427256
0 0.6381410256410256 0.2550644567219153 0.0685897435897436 0.26335174953959484
0 0.5496794871794872 0.16482504604051565 0.0685897435897436 0.24125230202578268
0 0.44487179487179485 0.27532228360957645 0.07179487179487179 0.2265193370165746
0 0.3836538461538462 0.3314917127071823 0.06217948717948718 0.2136279926335175
0 0.32211538461538464 0.43462246777163904 0.060897435897435896 0.2136279926335175
0 0.25416666666666665 0.3839779005524862 0.07243589743589744 0.24125230202578268
0 0.19166666666666668 0.3996316758747698 0.07051282051282051 0.27624309392265195
0 0.05032051282051282 0.3011049723756906 0.0685897435897436 0.2523020257826888
0 0.07724358974358975 0.3388581952117864 0.0673076923076923 0.27624309392265195
0 -0.038461538461538464 0.35267034990791896 0.07179487179487179 0.20810313075506445
0 0.1519230769230769 0.30386740331491713 0.04358974358974359 0.18047882136279927
