0 0.11266908611019466 0.7440063931806074 0.061695809963708347 0.12519978689397976
0 0.33850214450676347 0.7120404901438465 0.058726492906631476 0.11134789557805008
0 0.5590564170240845 0.7218966435801811 0.11580336522599802 0.2685135855087906
0 0.7695480039590894 0.7360149174214171 0.03926096997690531 0.07725093233883858
0 0.8157373804025074 0.7783697389451252 0.03794127350709337 0.07778369738945125
0 0.9940613658858463 0.7725093233883857 0.04816892114813593 0.08524240809802877
0 0.9028373474100957 0.8201917954182205 0.08083140877598152 0.16249334043686733
0 0.46783239854833386 0.7996803409696324 0.022434839986803037 0.04581779435269046
0 0.1839326954800396 0.8260522109749601 0.01022764764104256 0.02077783697389451
0 0.19696469811943254 0.8116675546084177 0.010557571758495546 0.018646776771443795
0 0.23474100956779942 0.8220564730953649 0.01022764764104256 0.017048481619605753
