0 0.9660397074190178 0.9872389791183295 0.06792058516196448 0.16473317865429235
0 0.8469174503657262 0.9176334106728539 0.05329153605015674 0.14153132250580047
0 0.7690700104493208 0.9802784222737819 0.054336468129571575 0.13225058004640372
0 0.9555903866248694 0.7691415313225058 0.04911180773249739 0.1368909512761021
0 0.8605015673981191 0.8503480278422274 0.04911180773249739 0.12761020881670534
0 0.9383490073145245 0.6368909512761021 0.035527690700104496 0.08584686774941995
0 0.8897596656217346 0.6044083526682135 0.04493207941483804 0.1136890951276102
0 0.8495297805642633 0.7053364269141531 0.0438871473354232 0.10208816705336426
0 0.7758620689655172 0.7389791183294664 0.042842215256008356 0.1136890951276102
0 0.8197492163009404 0.6078886310904872 0.030303030303030304 0.08352668213457076
0 0.6745036572622779 0.8004640371229699 0.05329153605015674 0.14385150812064965
0 0.6389759665621735 0.7482598607888631 0.047021943573667714 0.1368909512761021
0 0.5381400208986415 0.7378190255220418 0.04597701149425287 0.1345707656612529
0 0.46342737722048066 0.6774941995359629 0.04075235109717868 0.12064965197215777
0 0.4221525600835946 0.7111368909512761 0.03343782654127482 0.10440835266821345
0 0.3223615464994775 0.548723897911833 0.03657262277951933 0.10904872389791183
0 0.9561128526645768 0.5278422273781903 0.03134796238244514 0.08120649651972157
0 0.9179728317659352 0.4779582366589327 0.02821316614420063 0.060324825986078884
0 0.7429467084639498 0.6519721577726219 0.03970741901776385 0.09280742459396751
0 0.690700104493208 0.6438515081206496 0.03970741901776385 0.09976798143851508
0 0.6844305120167189 0.5556844547563805 0.03134796238244514 0.08584686774941995
0 0.7330198537095088 0.5301624129930395 0.03239289446185998 0.08120649651972157
0 0.8072100313479624 0.5417633410672854 0.030303030303030304 0.08584686774941995
0 0.8375130616509927 0.5348027842227379 0.02821316614420063 0.09048723897911833
0 0.7936259143155695 0.4709976798143852 0.0219435736677116 0.06496519721577726
0 0.841692789968652 0.41879350348027844 0.024033437826541274 0.06728538283062645
0 0.8887147335423198 0.4466357308584687 0.024033437826541274 0.058004640371229696
0 0.9461859979101358 0.4408352668213457 0.02612330198537095 0.06960556844547564
0 0.8620689655172413 0.3225058004640371 0.014629049111807733 0.04176334106728538
0 0.9132706374085684 0.33178654292343385 0.01671891327063741 0.05104408352668213
0 0.9749216300940439 0.34454756380510443 0.018808777429467086 0.048723897911832945
0 0.6332288401253918 0.6206496519721578 0.03343782654127482 0.09048723897911833
0 0.5867293625914316 0.6519721577726219 0.03657262277951933 0.09280742459396751
0 0.6071055381400209 0.5870069605568445 0.027168234064785787 0.07888631090487239
0 0.6248693834900731 0.5533642691415314 0.025078369905956112 0.07192575406032482
0 0.5804597701149425 0.5266821345707656 0.02612330198537095 0.06960556844547564
0 0.6656217345872518 0.49071925754060325 0.022988505747126436 0.07192575406032482
0 0.6828631138975967 0.4431554524361949 0.02612330198537095 0.07424593967517401
0 0.6410658307210031 0.4582366589327146 0.019853709508881923 0.058004640371229696
0 0.6410658307210031 0.4593967517401392 0.019853709508881923 0.05568445475638051
0 0.6201671891327064 0.39791183294663574 0.019853709508881923 0.05336426914153132
0 0.6677115987460815 0.3723897911832947 0.014629049111807733 0.04408352668213457
0 0.699582027168234 0.41531322505800466 0.017763845350052248 0.04640371229698376
0 0.6985370950888192 0.3665893271461717 0.017763845350052248 0.04640371229698376
0 0.7345872518286312 0.4443155452436195 0.022988505747126436 0.06264501160092807
0 0.654649947753396 0.3329466357308585 0.013584117032392894 0.03480278422273782
0 0.6248693834900731 0.2853828306264501 0.012539184952978056 0.03248259860788863
0 0.7042842215256009 0.3236658932714617 0.012539184952978056 0.030162412993039442
0 0.7298850574712644 0.3236658932714617 0.013584117032392894 0.03480278422273782
0 0.7748171368861024 0.38979118329466356 0.0219435736677116 0.06960556844547564
0 0.790491118077325 0.4234338747099768 0.02612330198537095 0.06264501160092807
0 0.7836990595611285 0.3109048723897912 0.014629049111807733 0.04176334106728538
0 0.8296760710553814 0.3561484918793503 0.01671891327063741 0.03944315545243619
0 0.8025078369905956 0.3294663573085847 0.014629049111807733 0.037122969837587005
0 0.812957157784744 0.35962877030162416 0.014629049111807733 0.037122969837587005
0 0.4785788923719958 0.6136890951276102 0.03343782654127482 0.0951276102088167
0 0.384012539184953 0.6252900232018561 0.03239289446185998 0.09976798143851508
0 0.40856844305120166 0.5475638051044084 0.03134796238244514 0.09280742459396751
0 0.4346917450365726 0.5603248259860789 0.022988505747126436 0.06728538283062645
0 0.5616509926854755 0.5034802784222738 0.024033437826541274 0.06496519721577726
0 0.5193312434691745 0.5139211136890951 0.022988505747126436 0.06264501160092807
0 0.5015673981191222 0.531322505800464 0.03343782654127482 0.08352668213457076
0 0.46342737722048066 0.5023201856148491 0.02612330198537095 0.06728538283062645
0 0.5344827586206896 0.44895591647331784 0.024033437826541274 0.06728538283062645
0 0.461337513061651 0.462877030162413 0.0219435736677116 0.05336426914153132
0 0.41901776384535006 0.45127610208816704 0.02089864158829676 0.05336426914153132
0 0.5177638453500523 0.4211136890951276 0.0219435736677116 0.058004640371229696
0 0.5658307210031348 0.36078886310904873 0.01567398119122257 0.04408352668213457
0 0.5903866248693835 0.3306264501160093 0.012539184952978056 0.03480278422273782
0 0.5919540229885057 0.3062645011600928 0.011494252873563218 0.03248259860788863
0 0.5527690700104493 0.36078886310904873 0.014629049111807733 0.04408352668213457
0 0.5475444096133751 0.302784222737819 0.01044932079414838 0.030162412993039442
0 0.4947753396029258 0.40023201856148494 0.01567398119122257 0.04408352668213457
0 0.5188087774294671 0.3665893271461717 0.01567398119122257 0.04176334106728538
0 0.5527690700104493 0.3642691415313225 0.012539184952978056 0.037122969837587005
0 0.5553814002089864 0.3225058004640371 0.011494252873563218 0.03248259860788863
0 0.5193312434691745 0.3062645011600928 0.01044932079414838 0.027842227378190254
0 0.47910135841170326 0.3039443155452436 0.013584117032392894 0.027842227378190254
0 0.47910135841170326 0.3642691415313225 0.01567398119122257 0.04176334106728538
0 0.4717868338557994 0.41647331786542924 0.01567398119122257 0.048723897911832945
0 0.445141065830721 0.4222737819025522 0.018808777429467086 0.04640371229698376
0 0.4555903866248694 0.3874709976798144 0.014629049111807733 0.04176334106728538
0 0.4315569487983281 0.4037122969837587 0.018808777429467086 0.04640371229698376
0 0.44723092998955066 0.35266821345707655 0.014629049111807733 0.037122969837587005
0 0.43051201671891326 0.3642691415313225 0.012539184952978056 0.03248259860788863
0 0.4101358411703239 0.382830626450116 0.013584117032392894 0.04176334106728538
0 0.45768025078369906 0.2877030162412993 0.01044932079414838 0.027842227378190254
0 0.43625914315569486 0.29582366589327147 0.009404388714733543 0.025522041763341066
0 0.4258098223615465 0.2900232018561485 0.009404388714733543 0.027842227378190254
0 0.390282131661442 0.3236658932714617 0.011494252873563218 0.03480278422273782
0 0.3437826541274817 0.31206496519721577 0.01044932079414838 0.030162412993039442
0 0.3557993730407524 0.34454756380510443 0.01567398119122257 0.04408352668213457
0 0.3432601880877743 0.339907192575406 0.011494252873563218 0.030162412993039442
0 0.35214211076280044 0.5510440835266821 0.022988505747126436 0.06728538283062645
0 0.28474399164054337 0.5904872389791184 0.03239289446185998 0.09048723897911833
0 0.24033437826541273 0.5533642691415314 0.03134796238244514 0.0951276102088167
0 0.3155694879832811 0.40835266821345706 0.01671891327063741 0.04176334106728538
0 0.31922675026123304 0.3538283062645012 0.013584117032392894 0.03480278422273782
0 0.2988505747126437 0.35846867749419953 0.018808777429467086 0.048723897911832945
0 0.3160919540229885 0.3074245939675174 0.011494252873563218 0.030162412993039442
0 0.28213166144200624 0.3248259860788863 0.014629049111807733 0.037122969837587005
0 0.27011494252873564 0.33874709976798145 0.013584117032392894 0.03248259860788863
0 0.27638453500522464 0.4037122969837587 0.019853709508881923 0.05104408352668213
0 0.24921630094043887 0.39327146171693733 0.013584117032392894 0.03944315545243619
0 0.2309299895506792 0.3491879350348028 0.014629049111807733 0.03480278422273782
0 0.2607105538140021 0.4895591647331787 0.024033437826541274 0.06960556844547564
0 0.2612330198537095 0.39559164733178653 0.014629049111807733 0.03480278422273782
0 0.19853709508881923 0.5719257540603249 0.025078369905956112 0.07192575406032482
0 0.21577847439916406 0.4582366589327146 0.024033437826541274 0.06728538283062645
0 0.17920585161964472 0.41879350348027844 0.019853709508881923 0.048723897911832945
0 0.1206896551724138 0.21809744779582366 0.12225705329153605 0.29698375870069604
0 0.22100313479623823 0.5452436194895591 0.030303030303030304 0.08816705336426914
0 0.6065830721003135 0.7389791183294664 0.04075235109717868 0.10440835266821345
0 0.6698014629049112 0.703016241299304 0.03343782654127482 0.09744779582366589
