0 0.8766163793103449 0.43908629441624364 0.11530172413793104 0.26903553299492383
0 1.0177801724137931 0.30710659898477155 0.08297413793103449 0.1844331641285956
0 1.1632543103448276 0.3426395939086294 0.10237068965517242 0.19458544839255498
0 1.1605603448275863 0.34348561759729274 0.10129310344827586 0.18612521150592218
0 1.5414870689655173 0.37225042301184436 0.12392241379310345 0.2571912013536379
0 1.7688577586206897 0.4957698815566836 0.10021551724137931 0.1895093062605753
0 1.6158405172413792 0.3409475465313029 0.10021551724137931 0.24873096446700507
0 1.4558189655172413 0.33248730964467005 0.11422413793103449 0.22165820642978004
0 1.0183189655172413 0.3062605752961083 0.08836206896551724 0.19627749576988154
0 1.7192887931034482 0.31218274111675126 0.09590517241379311 0.19458544839255498
0 1.2957974137931034 0.2859560067681895 0.08728448275862069 0.1658206429780034
