0 0.27802944507361266 1.0228426395939085 0.0056625141562853904 0.015228426395939087
0 0.29614949037372595 1.013959390862944 0.0056625141562853904 0.012690355329949238
0 0.3063420158550396 1.0406091370558375 0.01698754246885617 0.1218274111675127
0 0.32163080407701017 1.0 0.004530011325028313 0.01015228426395939
0 0.3318233295583239 0.9974619289340102 0.004530011325028313 0.01015228426395939
0 0.3505096262740657 1.0 0.0056625141562853904 0.015228426395939087
0 0.35617214043035106 1.016497461928934 0.0056625141562853904 0.012690355329949238
0 0.3652321630804077 1.016497461928934 0.0056625141562853904 0.012690355329949238
0 0.3782559456398641 1.017766497461929 0.004530011325028313 0.01015228426395939
0 0.3912797281993205 1.0101522842639594 0.0033975084937712344 0.01015228426395939
0 0.40090600226500567 1.0291878172588833 0.006795016987542469 0.017766497461928935
0 0.420158550396376 1.031725888324873 0.004530011325028313 0.012690355329949238
0 0.43997734994337484 1.0507614213197969 0.0056625141562853904 0.01015228426395939
0 0.48471121177802945 1.0076142131979695 0.006795016987542469 0.015228426395939087
0 0.4898074745186863 1.0291878172588833 0.0056625141562853904 0.012690355329949238
0 0.5039637599093998 1.0583756345177664 0.01812004530011325 0.06598984771573604
0 0.515855039637599 1.0621827411167513 0.021517553793884484 0.048223350253807105
0 0.5130237825594564 1.0634517766497462 0.006795016987542469 0.015228426395939087
0 0.5062287655719139 1.0685279187817258 0.006795016987542469 0.015228426395939087
0 0.5503963759909399 1.0253807106598984 0.006795016987542469 0.015228426395939087
0 0.5775764439411099 1.0431472081218274 0.004530011325028313 0.01015228426395939
0 0.6534541336353341 1.0406091370558375 0.027180067950169876 0.13705583756345177
0 0.6789354473386183 0.9911167512690355 0.007927519818799546 0.017766497461928935
0 0.7055492638731596 1.0114213197969544 0.01812004530011325 0.13451776649746192
0 0.04813137032842582 1.1548223350253808 0.02378255945639864 0.1319796954314721
0 0.021517553793884484 1.1637055837563453 0.02944507361268403 0.14974619289340102
0 0.08154020385050963 1.0761421319796953 0.006795016987542469 0.015228426395939087
0 0.11098527746319366 1.114213197969543 0.01812004530011325 0.1065989847715736
0 0.20385050962627407 1.1687817258883249 0.027180067950169876 0.12436548223350254
0 0.267836919592299 1.1459390862944163 0.028312570781426953 0.12436548223350254
0 0.332955832389581 1.1751269035532994 0.009060022650056626 0.02030456852791878
0 0.34824462061155154 1.16751269035533 0.007927519818799546 0.02030456852791878
0 0.3737259343148358 1.148477157360406 0.009060022650056626 0.017766497461928935
0 0.4178935447338618 1.148477157360406 0.006795016987542469 0.017766497461928935
0 0.4110985277463194 1.1218274111675126 0.006795016987542469 0.02030456852791878
0 0.42412231030577574 1.0761421319796953 0.0056625141562853904 0.015228426395939087
0 0.43997734994337484 1.0926395939086295 0.007927519818799546 0.017766497461928935
0 0.4416761041902605 1.1040609137055837 0.006795016987542469 0.02030456852791878
0 0.45300113250283125 1.0951776649746192 0.006795016987542469 0.017766497461928935
0 0.46602491506228766 1.1116751269035532 0.0056625141562853904 0.015228426395939087
0 0.464326160815402 1.1408629441624365 0.006795016987542469 0.017766497461928935
0 0.4909399773499434 1.1091370558375635 0.0056625141562853904 0.015228426395939087
0 0.5033975084937712 1.1218274111675126 0.0056625141562853904 0.015228426395939087
0 0.5821064552661381 1.1776649746192893 0.011325028312570781 0.025380710659898477
0 0.6194790486976217 1.1560913705583757 0.006795016987542469 0.017766497461928935
0 0.6494903737259343 1.135786802030457 0.026047565118912798 0.11928934010152284
0 0.739524348810872 1.1129441624365481 0.01812004530011325 0.11421319796954314
0 0.7519818799546999 1.1078680203045685 0.02491506228765572 0.10406091370558376
0 0.753114382785957 1.0862944162436547 0.009060022650056626 0.02030456852791878
0 0.8691959229898075 1.1522842639593909 0.007927519818799546 0.02030456852791878
0 0.8856172140430351 1.1548223350253808 0.006795016987542469 0.015228426395939087
0 0.8912797281993206 1.1751269035532994 0.006795016987542469 0.015228426395939087
0 0.9745186862967158 1.2017766497461928 0.010192525481313703 0.02284263959390863
0 0.9411098527746319 1.1205583756345177 0.020385050962627407 0.11421319796954314
0 0.9790486976217441 1.0799492385786802 0.021517553793884484 0.09390862944162437
0 0.08210645526613816 1.1573604060913705 0.007927519818799546 0.02030456852791878
0 0.079841449603624 1.1802030456852792 0.007927519818799546 0.02030456852791878
0 0.11778029445073612 1.1802030456852792 0.009060022650056626 0.025380710659898477
0 0.17044167610419025 1.1395939086294415 0.007927519818799546 0.015228426395939087
0 0.1591166477916195 1.200507614213198 0.007927519818799546 0.02030456852791878
0 0.022083805209513023 1.3020304568527918 0.026047565118912798 0.14213197969543148
0 0.014156285390713477 1.3350253807106598 0.026047565118912798 0.14213197969543148
0 0.0232163080407701 1.3401015228426396 0.01245753114382786 0.025380710659898477
0 0.037938844847112116 1.3565989847715736 0.01698754246885617 0.03807106598984772
0 0.12684031710079274 1.3299492385786802 0.011325028312570781 0.03553299492385787
0 0.16930917327293318 1.3794416243654823 0.01245753114382786 0.03299492385786802
0 0.14609286523216308 1.486040609137056 0.04983012457531144 0.20558375634517767
0 0.14099660249150622 1.467005076142132 0.014722536806342015 0.03553299492385787
0 0.030577576443941108 1.5 0.013590033975084938 0.030456852791878174
0 0.08776896942242356 1.6065989847715736 0.01925254813137033 0.04060913705583756
0 0.12061155152887883 1.5520304568527918 0.01698754246885617 0.04314720812182741
0 0.18629671574178935 1.517766497461929 0.01698754246885617 0.04060913705583756
0 0.2146092865232163 1.498730964467005 0.01245753114382786 0.03807106598984772
0 0.210079275198188 1.75 0.03737259343148358 0.2715736040609137
0 0.27746319365798416 1.5697969543147208 0.01812004530011325 0.04314720812182741
0 0.3103057757644394 1.5634517766497462 0.015855039637599093 0.03553299492385787
0 0.3924122310305776 1.4289340101522843 0.014722536806342015 0.03553299492385787
0 0.4563986409966025 1.6395939086294415 0.015855039637599093 0.04060913705583756
0 0.5016987542468856 1.3096446700507614 0.009060022650056626 0.025380710659898477
