0 0.32087227414330216 0.5695701357466063 0.027414330218068536 0.053167420814479636
0 0.5968847352024922 0.6052036199095022 0.02367601246105919 0.05656108597285068
0 0.7598130841121495 0.6459276018099548 0.01806853582554517 0.033936651583710405
0 0.4940809968847352 1.3981900452488687 0.1059190031152648 0.2149321266968326
0 0.7327102803738318 1.1131221719457014 0.0735202492211838 0.16063348416289594
0 0.6713395638629284 1.0503393665158371 0.06043613707165109 0.11877828054298642
0 0.8825545171339564 1.0164027149321266 0.05794392523364486 0.1165158371040724
0 0.7993769470404984 0.8823529411764706 0.04361370716510903 0.09728506787330317
0 0.7975077881619937 0.8817873303167421 0.04236760124610592 0.0916289592760181
0 0.9601246105919004 0.8280542986425339 0.037383177570093455 0.07918552036199095
0 1.2841121495327104 0.6691176470588235 0.04610591900311527 0.08710407239819004
