0 0.0733160621761658 0.8517241379310345 0.01606217616580311 0.05172413793103448
0 0.23264248704663212 0.8853448275862069 0.00932642487046632 0.04310344827586207
0 0.031606217616580314 1.1525862068965518 0.02072538860103627 0.07413793103448275
0 0.11139896373056994 1.1120689655172413 0.015544041450777202 0.05862068965517241
0 0.1922279792746114 1.1172413793103448 0.013471502590673576 0.04827586206896552
0 0.015803108808290157 1.193103448275862 0.030569948186528497 0.10689655172413794
0 0.06295336787564766 1.2051724137931035 0.026424870466321245 0.0896551724137931
0 0.09715025906735751 1.1905172413793104 0.029533678756476684 0.11551724137931034
0 0.14145077720207253 1.1706896551724137 0.02383419689119171 0.08620689655172414
0 0.17797927461139895 1.1439655172413794 0.02227979274611399 0.08793103448275862
0 0.20880829015544042 1.164655172413793 0.02383419689119171 0.06379310344827586
0 0.09922279792746114 1.2551724137931035 0.03782383419689119 0.14482758620689656
0 0.17797927461139895 1.1879310344827587 0.030569948186528497 0.09310344827586207
0 0.23056994818652848 1.1974137931034483 0.025906735751295335 0.10172413793103448
0 0.2935233160621762 1.1448275862068966 0.02538860103626943 0.0896551724137931
0 0.32357512953367873 1.1801724137931036 0.026424870466321245 0.09137931034482759
0 0.32590673575129536 1.1413793103448275 0.02072538860103627 0.07586206896551724
0 0.13756476683937824 1.2991379310344828 0.04196891191709844 0.16034482758620688
0 0.28782383419689117 1.285344827586207 0.029533678756476684 0.1396551724137931
0 0.3038860103626943 1.2655172413793103 0.043005181347150256 0.16206896551724137
0 0.36580310880829014 1.2129310344827586 0.03419689119170984 0.12931034482758622
0 0.3917098445595855 1.1939655172413792 0.022797927461139896 0.08793103448275862
0 0.4461139896373057 1.1724137931034482 0.025906735751295335 0.10344827586206896
0 0.5031088082901555 1.2198275862068966 0.027979274611398965 0.11206896551724138
0 0.47461139896373056 1.264655172413793 0.039378238341968914 0.15689655172413794
0 0.17150259067357512 1.396551724137931 0.04870466321243523 0.17586206896551723
0 0.2683937823834197 1.5043103448275863 0.054922279792746116 0.22241379310344828
0 0.37901554404145077 1.389655172413793 0.043005181347150256 0.19655172413793104
0 0.47150259067357514 1.6655172413793105 0.07772020725388601 0.32068965517241377
0 0.5730569948186528 1.5301724137931034 0.06839378238341969 0.2913793103448276
0 0.7655440414507773 1.403448275862069 0.06580310880829016 0.1793103448275862
0 0.805440414507772 1.3853448275862068 0.05336787564766839 0.18448275862068966
0 0.8795336787564767 1.3103448275862069 0.05854922279792746 0.15862068965517243
0 0.6963730569948187 1.2724137931034483 0.04041450777202073 0.12413793103448276
0 0.7341968911917098 1.2422413793103448 0.04041450777202073 0.12241379310344827
0 0.5805699481865285 1.2448275862068965 0.030569948186528497 0.1103448275862069
0 0.5818652849740933 1.2474137931034484 0.035233160621761656 0.11551724137931034
0 0.9707253886010363 1.231896551724138 0.035751295336787565 0.11206896551724138
0 0.9867875647668394 1.178448275862069 0.027461139896373058 0.10862068965517241
0 0.905958549222798 0.9896551724137931 0.009844559585492229 0.03793103448275862
0 0.7326424870466322 0.9862068965517241 0.017616580310880828 0.06551724137931035
0 0.6702072538860103 1.157758620689655 0.02538860103626943 0.08793103448275862
0 0.3474093264248705 1.0775862068965518 0.01606217616580311 0.041379310344827586
0 0.3733160621761658 1.0879310344827586 0.015025906735751295 0.04482758620689655
0 0.3893782383419689 1.0879310344827586 0.015025906735751295 0.06206896551724138
0 0.41450777202072536 1.1129310344827585 0.016580310880829015 0.05344827586206897
0 0.4505181347150259 1.0775862068965518 0.013989637305699482 0.04482758620689655
0 0.5588082901554404 1.1172413793103448 0.02227979274611399 0.06896551724137931
0 0.6233160621761658 1.1482758620689655 0.02072538860103627 0.08620689655172414
0 0.6481865284974093 1.1422413793103448 0.02072538860103627 0.0706896551724138
0 0.47642487046632126 1.0931034482758621 0.013989637305699482 0.04827586206896552
0 0.5689119170984456 1.1 0.014507772020725389 0.05517241379310345
0 0.9505181347150259 1.1637931034482758 0.021243523316062177 0.06896551724137931
0 0.7756476683937824 1.1698275862068965 0.02694300518134715 0.08793103448275862
0 0.794300518134715 1.181896551724138 0.02072538860103627 0.08103448275862069
0 0.7650259067357513 1.1474137931034483 0.021243523316062177 0.06724137931034482
0 0.8196891191709844 1.1172413793103448 0.014507772020725389 0.05517241379310345
0 0.8489637305699482 1.1637931034482758 0.020207253886010364 0.08275862068965517
0 0.8683937823834197 1.2017241379310344 0.02694300518134715 0.1
0 0.8865284974093264 1.1896551724137931 0.02694300518134715 0.09655172413793103
0 0.9044041450777202 1.1724137931034482 0.02538860103626943 0.08620689655172414
0 0.9222797927461139 1.168103448275862 0.021761658031088083 0.07413793103448275
0 0.95 1.1655172413793105 0.021243523316062177 0.07241379310344828
