0 0.9190082644628099 0.9166666666666666 0.13884297520661157 0.6222222222222222
0 0.7024793388429752 0.8638888888888889 0.13884297520661157 0.49444444444444446
0 0.3768595041322314 0.9416666666666667 0.11900826446280992 0.46111111111111114
0 0.12727272727272726 0.9611111111111111 0.14214876033057852 0.6
0 0.5198347107438016 0.7416666666666667 0.11735537190082644 0.48333333333333334
0 0.13388429752066117 0.475 0.09586776859504133 0.42777777777777776
0 0.8603305785123967 0.7944444444444444 0.1305785123966942 0.4777777777777778
0 0.9793388429752066 0.5222222222222223 0.03140495867768595 0.12222222222222222
0 0.8752066115702479 0.49444444444444446 0.03140495867768595 0.12222222222222222
0 0.7644628099173554 0.49166666666666664 0.03140495867768595 0.11666666666666667
0 0.6776859504132231 0.5611111111111111 0.07603305785123966 0.3111111111111111
0 0.6223140495867768 0.6277777777777778 0.03140495867768595 0.12222222222222222
0 0.32727272727272727 0.5166666666666667 0.03305785123966942 0.1111111111111111
0 0.4644628099173554 0.55 0.0628099173553719 0.24444444444444444
0 0.011570247933884297 0.5416666666666666 0.03305785123966942 0.12777777777777777
