0 0.7610410094637224 0.21693735498839908 0.083596214511041 0.18329466357308585
0 0.7957413249211357 0.14501160092807425 0.06782334384858044 0.12761020881670534
0 0.6269716088328076 0.19837587006960558 0.06466876971608833 0.12761020881670534
0 0.693217665615142 0.17633410672853828 0.0583596214511041 0.08352668213457076
0 0.4692429022082019 0.12180974477958237 0.0804416403785489 0.16937354988399073
0 0.34858044164037855 0.16821345707656613 0.06624605678233439 0.13225058004640372
0 0.221608832807571 0.17633410672853828 0.09621451104100946 0.19953596287703015
0 -0.006309148264984227 0.04756380510440835 0.08832807570977919 0.16937354988399073
0 0.03785488958990536 0.11136890951276102 0.0694006309148265 0.14849187935034802
0 0.18690851735015773 0.12064965197215777 0.07097791798107256 0.13921113689095127
0 0.1167192429022082 0.1357308584686775 0.0473186119873817 0.08584686774941995
