0 0.07961538461538462 1.013011152416357 0.006923076923076923 0.01486988847583643
0 0.03076923076923077 1.20817843866171 0.010769230769230769 0.026022304832713755
0 0.054615384615384614 1.1821561338289963 0.009230769230769232 0.022304832713754646
0 0.07384615384615385 1.2109665427509293 0.010769230769230769 0.024163568773234202
0 0.02923076923076923 1.2853159851301115 0.012307692307692308 0.024163568773234202
0 0.04846153846153846 1.2973977695167287 0.012307692307692308 0.03345724907063197
0 0.031538461538461536 1.3475836431226766 0.012307692307692308 0.026022304832713755
0 0.040769230769230766 1.4693308550185873 0.016923076923076923 0.046468401486988845
0 0.11076923076923077 1.1366171003717471 0.007692307692307693 0.016728624535315983
0 0.1426923076923077 1.145910780669145 0.016153846153846154 0.09479553903345725
0 0.17307692307692307 1.3364312267657992 0.010769230769230769 0.02973977695167286
0 0.18346153846153845 1.2146840148698885 0.01 0.024163568773234202
0 0.1773076923076923 1.2444237918215613 0.008461538461538461 0.024163568773234202
0 0.19230769230769232 1.253717472118959 0.010769230769230769 0.027881040892193308
0 0.20576923076923076 1.3903345724907064 0.014615384615384615 0.03345724907063197
0 0.22076923076923077 1.4405204460966543 0.013846153846153847 0.02973977695167286
0 0.24153846153846154 1.3568773234200744 0.010769230769230769 0.02973977695167286
0 0.23615384615384616 1.2648698884758365 0.009230769230769232 0.024163568773234202
0 0.24653846153846154 1.1775092936802973 0.008461538461538461 0.024163568773234202
0 0.26576923076923076 1.254646840148699 0.008461538461538461 0.022304832713754646
0 0.2803846153846154 1.270446096654275 0.01 0.027881040892193308
0 0.2953846153846154 1.1338289962825279 0.007692307692307693 0.01858736059479554
0 0.3126923076923077 1.2323420074349443 0.01 0.02973977695167286
0 0.34884615384615386 1.1421933085501859 0.008461538461538461 0.016728624535315983
0 0.3457692307692308 1.1672862453531598 0.006923076923076923 0.01858736059479554
0 0.3496153846153846 1.2351301115241635 0.008461538461538461 0.027881040892193308
0 0.36153846153846153 1.3327137546468402 0.010769230769230769 0.02973977695167286
0 0.38153846153846155 1.161710037174721 0.007692307692307693 0.01858736059479554
0 0.3853846153846154 1.2072490706319703 0.007692307692307693 0.020446096654275093
0 0.4157692307692308 1.063197026022305 0.005384615384615384 0.01486988847583643
0 0.4411538461538462 1.0408921933085502 0.005384615384615384 0.01486988847583643
0 0.42923076923076925 1.2908921933085502 0.010769230769230769 0.027881040892193308
0 0.4519230769230769 1.287174721189591 0.008461538461538461 0.027881040892193308
0 0.5096153846153846 1.1644981412639406 0.008461538461538461 0.020446096654275093
0 0.51 1.246282527881041 0.007692307692307693 0.020446096654275093
0 0.5057692307692307 1.275092936802974 0.013076923076923076 0.02973977695167286
0 0.495 1.6143122676579926 0.026923076923076925 0.20260223048327136
0 0.5315384615384615 1.5185873605947955 0.013846153846153847 0.03717472118959108
0 0.5926923076923077 1.520446096654275 0.036153846153846154 0.16356877323420074
0 0.5769230769230769 1.3986988847583643 0.013846153846153847 0.03531598513011153
0 0.5823076923076923 1.3224907063197027 0.010769230769230769 0.031598513011152414
0 0.46923076923076923 1.0353159851301115 0.006153846153846154 0.01486988847583643
0 0.47846153846153844 1.037174721189591 0.006153846153846154 0.01858736059479554
0 0.49230769230769234 1.0390334572490707 0.006153846153846154 0.01486988847583643
0 0.49923076923076926 1.0446096654275092 0.004615384615384616 0.011152416356877323
0 0.5234615384615384 1.0613382899628252 0.005384615384615384 0.01486988847583643
0 0.5334615384615384 1.1059479553903346 0.006923076923076923 0.01858736059479554
0 0.5438461538461539 1.141263940520446 0.009230769230769232 0.022304832713754646
0 0.6203846153846154 1.2769516728624535 0.008461538461538461 0.022304832713754646
0 0.6311538461538462 1.2676579925650557 0.011538461538461539 0.026022304832713755
0 0.6211538461538462 1.3438661710037174 0.013076923076923076 0.03345724907063197
0 0.6742307692307692 1.3485130111524164 0.011538461538461539 0.031598513011152414
0 0.6419230769230769 1.174721189591078 0.006923076923076923 0.01858736059479554
0 0.6573076923076923 1.1682156133828996 0.008461538461538461 0.024163568773234202
0 0.7380769230769231 1.4767657992565055 0.014615384615384615 0.03903345724907063
0 0.7473076923076923 1.4488847583643123 0.013076923076923076 0.031598513011152414
0 0.8442307692307692 1.5278810408921932 0.014615384615384615 0.040892193308550186
0 0.8930769230769231 1.487918215613383 0.015384615384615385 0.03903345724907063
0 0.7234615384615385 1.149628252788104 0.006923076923076923 0.020446096654275093
0 0.7569230769230769 1.171003717472119 0.009230769230769232 0.026022304832713755
0 0.76 1.2490706319702602 0.009230769230769232 0.022304832713754646
0 0.8023076923076923 1.3364312267657992 0.010769230769230769 0.03345724907063197
0 0.8088461538461539 1.3773234200743494 0.011538461538461539 0.03345724907063197
0 0.8319230769230769 1.3745353159851301 0.01 0.024163568773234202
0 0.8434615384615385 1.3355018587360594 0.006923076923076923 0.016728624535315983
0 0.8719230769230769 1.3178438661710037 0.01 0.02973977695167286
0 0.9096153846153846 1.313197026022305 0.011538461538461539 0.031598513011152414
0 0.9203846153846154 1.2843866171003717 0.008461538461538461 0.022304832713754646
0 0.9315384615384615 1.2899628252788105 0.010769230769230769 0.026022304832713755
0 0.9953846153846154 1.1189591078066914 0.010769230769230769 0.026022304832713755
0 0.8734615384615385 1.1171003717472119 0.008461538461538461 0.022304832713754646
0 0.8880769230769231 1.1217472118959109 0.008461538461538461 0.020446096654275093
0 0.9019230769230769 1.1180297397769516 0.008461538461538461 0.020446096654275093
0 0.5753846153846154 0.8940520446096655 0.003076923076923077 0.007434944237918215
0 0.5738461538461539 1.04182156133829 0.004615384615384616 0.013011152416356878
0 0.571923076923077 1.1059479553903346 0.006923076923076923 0.01486988847583643
0 0.5434615384615384 1.046468401486989 0.005384615384615384 0.01486988847583643
0 0.5642307692307692 1.0176579925650557 0.0038461538461538464 0.00929368029739777
