0 0.7900886381950041 0.5599022004889975 0.0862207896857373 0.33251833740831294
0 0.9524576954069299 0.5134474327628362 0.07735697018533441 0.22982885085574573
0 0.6192586623690572 0.9816625916870416 0.0781627719580983 0.2762836185819071
0 0.5390813859790492 0.8141809290953546 0.05640612409347301 0.18092909535452323
0 0.7131345688960515 0.6894865525672371 0.0789685737308622 0.2200488997555012
0 0.8436744560838034 0.5819070904645477 0.0757453666398066 0.22982885085574573
0 0.42143432715551976 0.27506112469437655 0.08702659145850121 0.3105134474327628
0 0.46333601933924257 0.6943765281173594 0.0531829170024174 0.18581907090464547
0 0.3021756647864625 1.0061124694376529 0.040290088638195005 0.1491442542787286
0 0.21152296535052378 0.8618581907090465 0.053988718775181306 0.1784841075794621
0 0.14544721998388396 0.687041564792176 0.055600322320709106 0.16625916870415647
0 0.016518936341659952 0.6772616136919315 0.04754230459307011 0.19070904645476772
0 0.0862207896857373 0.7775061124694377 0.043513295729250605 0.14180929095354522
0 0.1716357775987107 0.5024449877750611 0.045124899274778404 0.16381418092909536
0 0.5253827558420628 0.7200488997555012 0.0531829170024174 0.15403422982885084
0 0.22401289282836423 0.4070904645476773 0.045124899274778404 0.15403422982885084
0 0.2506043513295729 0.4572127139364303 0.0515713134568896 0.16625916870415647
0 0.24294923448831587 0.7420537897310513 0.052377115229653506 0.1784841075794621
0 0.21152296535052378 0.656479217603912 0.057211925866236905 0.19315403422982885
