0 0.9228855721393034 0.6666666666666666 0.09054726368159204 0.23582766439909297
0 0.8044776119402985 0.5396825396825397 0.0626865671641791 0.12244897959183673
0 0.7487562189054726 0.518140589569161 0.04477611940298507 0.12471655328798185
0 0.6373134328358209 0.2947845804988662 0.028855721393034824 0.09523809523809523
0 0.056716417910447764 0.8582766439909297 0.13930348258706468 0.2834467120181406
0 0.049253731343283584 0.37188208616780044 0.024875621890547265 0.06802721088435375
0 0.10646766169154229 0.699546485260771 0.10149253731343283 0.2653061224489796
0 0.2606965174129353 0.5068027210884354 0.04378109452736319 0.14285714285714285
0 0.4701492537313433 0.30952380952380953 0.01691542288557214 0.047619047619047616
0 0.4243781094527363 0.3287981859410431 0.014925373134328358 0.045351473922902494
0 0.43532338308457713 0.3333333333333333 0.014925373134328358 0.045351473922902494
