0 0.061248073959938365 0.7832699619771863 0.016178736517719568 0.04182509505703422
0 0.023112480739599383 0.7956273764258555 0.02465331278890601 0.055133079847908745
0 0.046224961479198766 0.782319391634981 0.026194144838212634 0.06273764258555133
0 0.002696456086286595 0.8688212927756654 0.014637904468412942 0.04182509505703422
0 0.10092449922958398 0.8374524714828897 0.026194144838212634 0.058935361216730035
0 0.11325115562403698 0.7994296577946768 0.023112480739599383 0.055133079847908745
0 0.04044684129429892 0.9496197718631179 0.039291217257318954 0.10076045627376426
0 0.12480739599383667 1.0285171102661597 0.04468412942989214 0.11787072243346007
0 0.07126348228043143 0.7576045627376425 0.016178736517719568 0.03612167300380228
0 0.10670261941448382 0.7395437262357415 0.014637904468412942 0.03802281368821293
0 0.13983050847457626 0.7633079847908745 0.016178736517719568 0.03612167300380228
0 0.16140215716486903 0.75 0.013097072419106317 0.039923954372623575
0 0.1899075500770416 0.7633079847908745 0.014637904468412942 0.039923954372623575
0 0.1899075500770416 0.8013307984790875 0.016178736517719568 0.04752851711026616
0 0.17912172573189522 0.8279467680608364 0.025423728813559324 0.06653992395437262
0 0.19761171032357472 0.9049429657794676 0.03312788906009245 0.07604562737642585
0 0.2153312788906009 0.9847908745247148 0.040832049306625574 0.11026615969581749
0 0.23420647149460708 0.7566539923954373 0.01848998459167951 0.04182509505703422
0 0.23459167950693374 0.7975285171102662 0.017719568567026195 0.043726235741444866
0 0.23998459167950692 0.8336501901140685 0.017719568567026195 0.051330798479087454
0 0.28158705701078585 0.9049429657794676 0.026964560862865947 0.08365019011406843
0 0.26540832049306623 0.7262357414448669 0.013097072419106317 0.034220532319391636
0 0.30970724191063176 0.7376425855513308 0.012326656394453005 0.034220532319391636
0 0.3008474576271186 0.752851711026616 0.017719568567026195 0.04182509505703422
0 0.299306625577812 0.7642585551330798 0.013097072419106317 0.04182509505703422
0 0.28659476117103233 0.8526615969581749 0.023112480739599383 0.058935361216730035
0 0.337442218798151 0.7186311787072244 0.01078582434514638 0.034220532319391636
0 0.3409090909090909 0.7633079847908745 0.016178736517719568 0.03612167300380228
0 0.3347457627118644 0.8165399239543726 0.01926040061633282 0.06653992395437262
0 0.3489984591679507 0.8212927756653993 0.02157164869029276 0.060836501901140684
0 0.401386748844376 1.008555133079848 0.04468412942989214 0.11216730038022814
0 0.39714946070878276 1.1482889733840305 0.05161787365177196 0.1482889733840304
0 0.36941448382126346 1.3640684410646389 0.06856702619414484 0.2224334600760456
0 0.3605546995377504 0.7338403041825095 0.01386748844375963 0.034220532319391636
0 0.37673343605546994 0.7585551330798479 0.01848998459167951 0.049429657794676805
0 0.3967642526964561 0.7395437262357415 0.012326656394453005 0.030418250950570342
0 0.4040832049306626 0.779467680608365 0.017719568567026195 0.045627376425855515
0 0.4264252696456086 0.7718631178707225 0.014637904468412942 0.034220532319391636
0 0.4083204930662558 0.8479087452471483 0.020030816640986132 0.060836501901140684
0 0.43759630200308164 0.7899239543726235 0.01694915254237288 0.043726235741444866
0 0.4518489984591679 0.7442965779467681 0.014637904468412942 0.03612167300380228
0 0.47842835130970723 0.7290874524714829 0.012326656394453005 0.03231939163498099
0 0.48959938366718025 0.8346007604562737 0.02234206471494607 0.060836501901140684
0 0.48073959938366717 0.9134980988593155 0.03389830508474576 0.09315589353612168
0 0.5350539291217258 0.8897338403041825 0.023882896764252697 0.06844106463878327
0 0.5824345146379045 0.9904942965779467 0.03697996918335902 0.09885931558935361
0 0.513482280431433 0.7538022813688213 0.011556240369799691 0.028517110266159697
0 0.5080893682588598 0.7842205323193916 0.016178736517719568 0.039923954372623575
0 0.539291217257319 0.7366920152091255 0.012326656394453005 0.03231939163498099
0 0.5331278890600925 0.8422053231939164 0.02157164869029276 0.057034220532319393
0 0.5701078582434514 0.7652091254752852 0.01078582434514638 0.03231939163498099
0 0.577426810477658 0.7557034220532319 0.011556240369799691 0.03231939163498099
0 0.5839753466872111 0.7376425855513308 0.01078582434514638 0.030418250950570342
0 0.5766563944530047 0.7889733840304183 0.014637904468412942 0.04182509505703422
0 0.5674114021571649 0.8326996197718631 0.017719568567026195 0.049429657794676805
0 0.6240369799691834 0.8811787072243346 0.026194144838212634 0.058935361216730035
0 0.6078582434514638 0.7252851711026616 0.01078582434514638 0.024714828897338403
0 0.6259630200308166 0.7480988593155894 0.013097072419106317 0.03612167300380228
0 0.6452234206471494 0.7081749049429658 0.010015408320493066 0.024714828897338403
0 0.6764252696456087 0.7167300380228137 0.009244992295839754 0.026615969581749048
0 0.6617873651771957 0.776615969581749 0.026194144838212634 0.11977186311787072
0 0.6675654853620955 0.7519011406844106 0.014637904468412942 0.03612167300380228
0 0.6321263482280431 0.7994296577946768 0.014637904468412942 0.043726235741444866
0 0.6941448382126348 0.7509505703422054 0.015408320493066256 0.03802281368821293
0 0.6933744221879815 0.8022813688212928 0.015408320493066256 0.045627376425855515
0 0.7080123266563945 0.7937262357414449 0.029275808936825885 0.11596958174904944
0 0.724191063174114 0.7585551330798479 0.01694915254237288 0.04182509505703422
0 0.7395993836671803 0.7899239543726235 0.02157164869029276 0.04752851711026616
0 0.75231124807396 0.776615969581749 0.01926040061633282 0.043726235741444866
0 0.736517719568567 0.7100760456273765 0.01078582434514638 0.024714828897338403
0 0.7615562403697997 0.7300380228136882 0.016178736517719568 0.03802281368821293
0 0.7604006163328197 0.7690114068441065 0.012326656394453005 0.039923954372623575
0 0.775808936825886 0.7129277566539924 0.01078582434514638 0.026615969581749048
0 0.7912172573189522 0.7062737642585551 0.007704160246533128 0.02091254752851711
0 0.800462249614792 0.7309885931558935 0.01386748844375963 0.03231939163498099
0 0.8131741140215717 0.7490494296577946 0.017719568567026195 0.03802281368821293
0 0.8197226502311248 0.7290874524714829 0.01078582434514638 0.028517110266159697
0 0.8328197226502311 0.7376425855513308 0.015408320493066256 0.03802281368821293
0 0.8482280431432974 0.7404942965779467 0.012326656394453005 0.03231939163498099
0 0.8528505392912172 0.7538022813688213 0.020030816640986132 0.039923954372623575
0 0.8728813559322034 0.7566539923954373 0.01848998459167951 0.049429657794676805
0 0.8956086286594761 0.7595057034220533 0.017719568567026195 0.039923954372623575
0 0.8748073959938367 0.717680608365019 0.010015408320493066 0.024714828897338403
0 0.9087057010785824 0.7262357414448669 0.010015408320493066 0.026615969581749048
0 0.9148690292758089 0.7262357414448669 0.013097072419106317 0.030418250950570342
0 0.938366718027735 0.7747148288973384 0.01694915254237288 0.039923954372623575
0 0.9368258859784283 0.7110266159695817 0.012326656394453005 0.030418250950570342
0 0.9533898305084746 0.7290874524714829 0.013097072419106317 0.03231939163498099
0 0.9557010785824345 0.7433460076045627 0.010015408320493066 0.030418250950570342
0 0.9722650231124808 0.7053231939163498 0.009244992295839754 0.022813688212927757
0 0.9714946070878274 0.7053231939163498 0.01078582434514638 0.026615969581749048
0 0.9826656394453005 0.7271863117870723 0.011556240369799691 0.039923954372623575
0 0.9861325115562404 0.8288973384030418 0.01848998459167951 0.06463878326996197
0 0.9526194144838213 0.9115969581749049 0.04391371340523883 0.0779467680608365
0 0.8906009244992296 0.8155893536121673 0.023112480739599383 0.057034220532319393
0 0.8216486902927581 0.811787072243346 0.02234206471494607 0.045627376425855515
0 0.765793528505393 0.8450570342205324 0.023112480739599383 0.06273764258555133
0 0.8228043143297381 0.8754752851711026 0.029275808936825885 0.06273764258555133
0 0.8744221879815101 0.9895437262357415 0.05084745762711865 0.11216730038022814
0 0.8335901386748844 0.9239543726235742 0.03852080123266564 0.08745247148288973
0 0.8293528505392912 1.0741444866920151 0.0485362095531587 0.11406844106463879
0 0.7942989214175655 0.8802281368821293 0.03543913713405239 0.07604562737642585
0 0.6949152542372882 0.8830798479087453 0.023112480739599383 0.06273764258555133
0 0.6926040061633282 1.0389733840304183 0.03852080123266564 0.11596958174904944
0 0.5435285053929122 0.7984790874524715 0.01926040061633282 0.049429657794676805
0 0.576271186440678 0.7899239543726235 0.01694915254237288 0.04752851711026616
0 0.3046995377503852 0.6387832699619772 0.006933744221879815 0.015209125475285171
0 0.3443759630200308 0.6473384030418251 0.0061633281972265025 0.017110266159695818
0 0.4364406779661017 0.6112167300380228 0.00539291217257319 0.013307984790874524
0 0.5770416024653313 0.6416349809885932 0.0061633281972265025 0.013307984790874524
0 0.5963020030816641 0.6425855513307985 0.03852080123266564 0.23193916349809887
0 0.17526964560862865 0.6378326996197718 0.09476117103235747 0.32509505703422054
0 0.8983050847457628 0.6121673003802282 0.007704160246533128 0.019011406844106463
