0 0.7313167259786477 0.7911985018726592 0.09608540925266904 0.24906367041198502
0 0.5849644128113879 0.9138576779026217 0.11476868327402136 0.27715355805243447
0 0.1445729537366548 0.8642322097378277 0.13434163701067617 0.23782771535580524
0 0.3220640569395018 0.7134831460674157 0.10854092526690391 0.19850187265917604
0 0.46886120996441283 0.6254681647940075 0.09786476868327403 0.23595505617977527
0 0.23709964412811388 0.6835205992509363 0.08629893238434164 0.1947565543071161
0 0.3594306049822064 0.6095505617977528 0.09074733096085409 0.1891385767790262
0 0.002224199288256228 0.7715355805243446 0.07206405693950178 0.19101123595505617
0 0.07651245551601424 0.6713483146067416 0.09252669039145907 0.1891385767790262
0 0.6205516014234875 0.7069288389513109 0.0898576512455516 0.21161048689138576
0 0.7602313167259787 0.6835205992509363 0.06850533807829182 0.19850187265917604
0 0.9346085409252669 0.6179775280898876 0.06316725978647687 0.14232209737827714
0 0.8491992882562278 0.5814606741573034 0.05249110320284697 0.13670411985018727
0 0.7050711743772242 0.5889513108614233 0.07028469750889679 0.15917602996254682
0 0.5266903914590747 0.6067415730337079 0.07829181494661921 0.18726591760299627
0 0.40080071174377224 0.5908239700374532 0.059608540925266906 0.16666666666666666
0 0.14145907473309607 0.5749063670411985 0.04092526690391459 0.09737827715355805
0 0.03158362989323844 0.5973782771535581 0.07028469750889679 0.1647940074906367
0 0.05738434163701068 0.37265917602996257 0.025800711743772242 0.06367041198501873
0 0.14190391459074733 0.5720973782771536 0.04359430604982206 0.10299625468164794
0 0.16548042704626334 0.5009363295880149 0.030249110320284697 0.07677902621722846
0 0.19350533807829182 0.50187265917603 0.029359430604982206 0.06367041198501873
0 0.24243772241992884 0.5121722846441947 0.025800711743772242 0.06928838951310862
0 0.2793594306049822 0.50187265917603 0.03558718861209965 0.07116104868913857
0 0.33407473309608543 0.4887640449438202 0.045373665480427046 0.10112359550561797
0 0.016459074733096084 0.48782771535580527 0.025800711743772242 0.07303370786516854
0 0.29092526690391457 0.3707865168539326 0.023131672597864767 0.056179775280898875
0 0.31983985765124556 0.3455056179775281 0.02224199288256228 0.06928838951310862
0 0.3505338078291815 0.35674157303370785 0.02491103202846975 0.06554307116104868
0 0.35631672597864766 0.499063670411985 0.06850533807829182 0.23782771535580524
0 0.4208185053380783 0.47846441947565543 0.028469750889679714 0.06928838951310862
0 0.4030249110320285 0.3333333333333333 0.023131672597864767 0.04868913857677903
0 0.4452846975088968 0.350187265917603 0.020462633451957295 0.052434456928838954
0 0.48665480427046265 0.31835205992509363 0.02491103202846975 0.0599250936329588
0 0.6886120996441281 0.3651685393258427 0.021352313167259787 0.052434456928838954
0 0.75355871886121 0.5739700374531835 0.05871886120996441 0.12172284644194757
