0 1.0208613728129206 0.6504424778761062 0.04172274562584118 0.1415929203539823
0 0.8775235531628532 1.252212389380531 0.07537012113055182 0.2743362831858407
0 0.6601615074024226 1.2765486725663717 0.063257065948856 0.2610619469026549
0 0.25370121130551815 1.1836283185840708 0.06594885598923284 0.27876106194690264
0 0.4057873485868102 0.8539823008849557 0.06594885598923284 0.26548672566371684
0 0.5 0.8606194690265486 0.05518169582772544 0.24336283185840707
0 0.6621803499327052 0.5353982300884956 0.05652759084791386 0.23893805309734514
0 0.7981157469717362 0.7057522123893806 0.05114401076716016 0.19911504424778761
0 0.5861372812920592 0.5442477876106194 0.05787348586810229 0.25663716814159293
0 0.5262449528936743 0.6216814159292036 0.04845222072678331 0.1902654867256637
0 0.43943472409152085 0.6371681415929203 0.04172274562584118 0.18584070796460178
0 0.338492597577389 0.588495575221239 0.04979811574697174 0.20353982300884957
0 0.25773889636608344 0.6637168141592921 0.04979811574697174 0.18584070796460178
0 0.16621803499327054 0.6327433628318584 0.04979811574697174 0.21238938053097345
0 0.07469717362045761 0.5530973451327433 0.06594885598923284 0.20353982300884957
0 0.20390309555854644 0.5022123893805309 0.047106325706594884 0.1902654867256637
