0 0.9915924826904056 2.3850574712643677 0.028684470820969338 0.1724137931034483
0 0.8625123639960435 2.4827586206896552 0.025717111770524232 0.16091954022988506
0 0.8229475766567754 2.3735632183908044 0.019782393669634024 0.12643678160919541
0 0.8452027695351138 2.2701149425287355 0.018793273986152326 0.12643678160919541
0 0.8051434223541049 2.3304597701149423 0.009891196834817012 0.06321839080459771
0 0.6543026706231454 2.471264367816092 0.024727992087042534 0.16091954022988506
0 0.7443125618199802 2.3448275862068964 0.006923837784371909 0.04597701149425287
0 0.7274975272007913 2.367816091954023 0.006923837784371909 0.04597701149425287
0 0.6859545004945599 2.3333333333333335 0.006923837784371909 0.04597701149425287
0 0.5880316518298714 2.3936781609195403 0.010880316518298714 0.07471264367816093
0 0.6488625123639961 2.3620689655172415 0.00791295746785361 0.04597701149425287
0 0.6083086053412463 2.339080459770115 0.00791295746785361 0.04597701149425287
0 0.5573689416419386 2.3735632183908044 0.008902077151335312 0.05747126436781609
0 0.536597428288823 2.3850574712643677 0.008902077151335312 0.05747126436781609
0 0.6236399604352126 2.442528735632184 0.012858555885262116 0.1839080459770115
0 0.526706231454006 2.353448275862069 0.004945598417408506 0.040229885057471264
0 0.5168150346191889 2.3735632183908044 0.006923837784371909 0.04597701149425287
0 0.48911968348170126 2.3994252873563218 0.010880316518298714 0.06321839080459771
0 0.45103857566765576 2.454022988505747 0.013847675568743818 0.08045977011494253
0 0.49554896142433236 2.4166666666666665 0.00791295746785361 0.05172413793103448
0 0.4055390702274975 2.4482758620689653 0.011869436201780416 0.08045977011494253
0 0.3560830860534125 2.4454022988505746 0.01582591493570722 0.09770114942528736
0 0.3229475766567755 2.5977011494252875 0.012858555885262116 0.09195402298850575
0 0.31503461918892184 2.57183908045977 0.01483679525222552 0.08620689655172414
0 0.2205736894164194 2.6005747126436782 0.013847675568743818 0.07471264367816093
0 0.21068249258160238 2.6695402298850577 0.017804154302670624 0.09770114942528736
0 0.17705242334322452 2.646551724137931 0.019782393669634024 0.10919540229885058
0 0.17359050445103857 2.4655172413793105 0.012858555885262116 0.06896551724137931
0 0.2334322453016815 2.6551724137931036 0.013847675568743818 0.08045977011494253
0 0.13006923837784373 2.4942528735632186 0.012858555885262116 0.08045977011494253
0 0.10731948565776459 2.4482758620689653 0.01483679525222552 0.10344827586206896
0 0.07072205736894165 2.4626436781609193 0.012858555885262116 0.08620689655172414
0 0.033135509396636995 2.560344827586207 0.026706231454005934 0.1781609195402299
0 0.018298714144411473 2.7844827586206895 0.024727992087042534 0.16666666666666666
0 0.30415430267062316 2.42816091954023 0.008902077151335312 0.06321839080459771
0 0.35014836795252224 2.5402298850574714 0.009891196834817012 0.05747126436781609
0 0.4530168150346192 2.4224137931034484 0.005934718100890208 0.040229885057471264
0 0.43570722057368944 2.4770114942528734 0.008902077151335312 0.05747126436781609
0 0.4401582591493571 2.3936781609195403 0.00791295746785361 0.040229885057471264
0 0.4208704253214639 2.410919540229885 0.004945598417408506 0.040229885057471264
0 0.4352126607319486 2.396551724137931 0.003956478733926805 0.034482758620689655
0 0.42631058358061324 2.485632183908046 0.011869436201780416 0.2471264367816092
0 0.3249258160237389 2.4339080459770117 0.008902077151335312 0.05172413793103448
