0 0.9725022914757103 0.09907341411261582 0.03024747937671861 0.05702066999287242
0 0.9069660861594867 0.1397006414825374 0.02016498625114574 0.03848895224518888
0 0.824243813015582 0.13898788310762653 0.023373052245646196 0.042765502494654314
0 0.8022456461961504 0.11689237348538846 0.029789184234647114 0.05274411974340699
0 0.47066911090742436 0.09230220955096223 0.03299725022914757 0.0548823948681397
0 0.39940421631530704 0.08909479686386315 0.02612282309807516 0.048467569493941556
0 0.2516040329972502 0.05844618674269423 0.02933088909257562 0.05131860299358518
0 0.6063244729605867 0.18781183178902353 0.03666361136571952 0.07341411261582323
0 0.5437671860678277 0.2626514611546686 0.042621448212648946 0.07483962936564505
0 0.46998166819431714 0.17854597291518176 0.03712190650779102 0.06628652886671418
0 0.3370760769935839 0.19600855310049894 0.038038496791934 0.06272273699215966
0 0.2387717690192484 0.24697077690662866 0.03758020164986251 0.06058446186742694
0 0.16544454628780936 0.32965074839629366 0.04032997250229148 0.07769066286528867
0 0.3952795600366636 0.2270135424091233 0.03987167736021998 0.08339272986457591
0 0.4933547204399633 0.3460441910192445 0.042621448212648946 0.07341411261582323
0 0.6755270394133822 0.5352815395580898 0.05866177818515124 0.11119030648610122
0 0.8872593950504125 0.4789736279401283 0.08707607699358387 0.1482537419814683
0 0.25412465627864345 0.4230220955096222 0.08295142071494042 0.14754098360655737
0 0.014894592117323557 0.4369208838203849 0.05453712190650779 0.09978617248752673
