0 0.19017725258493354 0.7098445595854922 0.0672082717872969 0.21761658031088082
0 0.30834564254062036 0.6865284974093264 0.06868537666174299 0.20207253886010362
0 0.3401033973412112 1.2512953367875648 0.08197932053175776 0.229706390328152
0 0.41654357459379615 0.5880829015544041 0.07090103397341212 0.21934369602763384
0 0.49741506646971934 0.731433506044905 0.0775480059084195 0.21934369602763384
0 0.5487444608567208 0.5949913644214162 0.06351550960118169 0.20552677029360966
0 0.6240768094534712 0.6519861830742659 0.06499261447562776 0.20207253886010362
0 0.6754062038404727 0.6355785837651122 0.06573116691285082 0.22107081174438686
0 0.8430576070901034 0.5069084628670121 0.06573116691285082 0.18825561312607944
0 0.8847858197932054 0.7202072538860104 0.06499261447562776 0.21761658031088082
0 0.8437961595273265 1.2746113989637307 0.06868537666174299 0.22452504317789293
0 0.9855982274741507 0.5967184801381693 0.0775480059084195 0.23316062176165803
0 1.1133677991137372 0.5120898100172712 0.086410635155096 0.2504317789291883
0 0.740029542097489 0.6286701208981001 0.07533234859675036 0.23488773747841105
