0 0.12430555555555556 0.8675742574257426 0.08472222222222223 0.14108910891089108
0 0.3034722222222222 0.7537128712871287 0.0763888888888889 0.15099009900990099
0 0.26319444444444445 0.8242574257425742 0.08472222222222223 0.1782178217821782
0 0.4444444444444444 0.8663366336633663 0.09444444444444444 0.21287128712871287
0 0.4965277777777778 0.8774752475247525 0.034722222222222224 0.07673267326732673
0 0.6111111111111112 0.8292079207920792 0.03611111111111111 0.07920792079207921
0 0.6652777777777777 0.8873762376237624 0.05555555555555555 0.15099009900990099
0 0.7541666666666667 0.8193069306930693 0.04722222222222222 0.10396039603960396
0 0.7402777777777778 0.8242574257425742 0.041666666666666664 0.09900990099009901
0 0.8506944444444444 0.900990099009901 0.02638888888888889 0.0594059405940594
0 0.8777777777777778 0.9467821782178217 0.025 0.06188118811881188
0 0.9256944444444445 0.9146039603960396 0.018055555555555554 0.03712871287128713
0 0.9909722222222223 0.8898514851485149 0.018055555555555554 0.04207920792079208
