0 0.35706967213114754 1.1428571428571428 0.06659836065573771 0.2702702702702703
0 0.5379098360655737 1.276061776061776 0.06352459016393443 0.25868725868725867
0 0.3099385245901639 1.9054054054054055 0.05225409836065574 0.20463320463320464
0 0.29559426229508196 1.6525096525096525 0.031762295081967214 0.138996138996139
0 0.2228483606557377 1.6776061776061777 0.03381147540983607 0.17374517374517376
0 0.07530737704918032 1.6718146718146718 0.03790983606557377 0.16988416988416988
0 1.0373975409836065 1.691119691119691 0.03790983606557377 0.16216216216216217
0 1.0158811475409837 1.4305019305019304 0.027663934426229508 0.14285714285714285
0 0.7940573770491803 1.4227799227799227 0.02663934426229508 0.11969111969111969
0 0.7156762295081968 1.6486486486486487 0.02971311475409836 0.13127413127413126
0 0.649077868852459 1.7007722007722008 0.025614754098360656 0.11969111969111969
0 0.6746926229508197 1.5868725868725868 0.031762295081967214 0.13127413127413126
0 0.5988729508196722 1.640926640926641 0.025614754098360656 0.11583011583011583
