0 0.03310344827586207 0.48653846153846153 0.057931034482758624 0.17307692307692307
0 0.08758620689655172 0.425 0.06206896551724138 0.22692307692307692
0 0.12482758620689655 0.4846153846153846 0.037241379310344824 0.13846153846153847
0 0.08413793103448276 0.19230769230769232 0.044137931034482755 0.12307692307692308
0 0.11586206896551725 0.16923076923076924 0.038620689655172416 0.12307692307692308
0 0.14758620689655172 0.20192307692307693 0.041379310344827586 0.11923076923076924
0 0.18551724137931033 0.47307692307692306 0.04 0.15384615384615385
0 0.22275862068965518 0.5057692307692307 0.04275862068965517 0.1346153846153846
0 0.2096551724137931 0.8134615384615385 0.0496551724137931 0.17307692307692307
0 0.29310344827586204 0.7538461538461538 0.04275862068965517 0.13076923076923078
0 0.36551724137931035 0.825 0.044137931034482755 0.1576923076923077
0 0.42482758620689653 0.8557692307692307 0.041379310344827586 0.11923076923076924
0 0.2889655172413793 0.5192307692307693 0.04275862068965517 0.15384615384615385
0 0.2620689655172414 0.27115384615384613 0.03310344827586207 0.12692307692307692
0 0.28551724137931034 0.27884615384615385 0.030344827586206897 0.11923076923076924
0 0.31448275862068964 0.2653846153846154 0.03586206896551724 0.1076923076923077
0 0.31310344827586206 0.47692307692307695 0.030344827586206897 0.1076923076923077
0 0.3303448275862069 0.5326923076923077 0.04275862068965517 0.1346153846153846
0 0.3641379310344828 0.5634615384615385 0.03586206896551724 0.12692307692307692
0 0.3627586206896552 0.2423076923076923 0.03586206896551724 0.13076923076923078
0 0.35793103448275865 0.47884615384615387 0.031724137931034485 0.11153846153846154
0 0.40551724137931033 0.4846153846153846 0.03586206896551724 0.13846153846153847
0 0.4510344827586207 0.5288461538461539 0.03586206896551724 0.11153846153846154
0 0.39517241379310347 0.3019230769230769 0.028965517241379312 0.09615384615384616
0 0.4317241379310345 0.3153846153846154 0.030344827586206897 0.09230769230769231
0 0.4820689655172414 0.4596153846153846 0.037241379310344824 0.10384615384615385
0 0.5255172413793103 0.4807692307692308 0.03310344827586207 0.1
0 0.48137931034482756 0.3038461538461538 0.030344827586206897 0.1
0 0.5096551724137931 0.31346153846153846 0.028965517241379312 0.09615384615384616
0 0.5358620689655172 0.7230769230769231 0.037241379310344824 0.1076923076923077
0 0.5441379310344827 0.8807692307692307 0.034482758620689655 0.12307692307692308
0 0.5910344827586207 0.9076923076923077 0.04 0.13076923076923078
0 0.5462068965517242 0.3269230769230769 0.02482758620689655 0.09230769230769231
0 0.5662068965517242 0.32884615384615384 0.034482758620689655 0.10384615384615385
0 0.5544827586206896 0.5288461538461539 0.03586206896551724 0.10384615384615385
0 0.576551724137931 0.46153846153846156 0.03310344827586207 0.1076923076923077
0 0.5875862068965517 0.5576923076923077 0.027586206896551724 0.1
0 0.6144827586206897 0.5038461538461538 0.04 0.13076923076923078
0 0.6048275862068966 0.3326923076923077 0.031724137931034485 0.09615384615384616
0 0.636551724137931 0.3423076923076923 0.034482758620689655 0.11538461538461539
0 0.670344827586207 0.3 0.030344827586206897 0.09230769230769231
0 0.6544827586206896 0.5365384615384615 0.034482758620689655 0.11923076923076924
0 0.6662068965517242 0.7903846153846154 0.03586206896551724 0.11153846153846154
0 0.636551724137931 0.9057692307692308 0.037241379310344824 0.10384615384615385
0 0.666896551724138 0.9634615384615385 0.04275862068965517 0.11923076923076924
0 0.7393103448275862 0.8269230769230769 0.044137931034482755 0.13076923076923078
0 0.74 0.8211538461538461 0.04827586206896552 0.1423076923076923
0 0.7972413793103448 0.8865384615384615 0.044137931034482755 0.15
0 0.82 1.0269230769230768 0.04827586206896552 0.16153846153846155
0 0.9089655172413793 0.8346153846153846 0.060689655172413794 0.17692307692307693
0 0.9662068965517241 0.8576923076923076 0.05655172413793103 0.2153846153846154
0 0.6896551724137931 0.5596153846153846 0.038620689655172416 0.10384615384615385
0 0.7268965517241379 0.551923076923077 0.041379310344827586 0.1423076923076923
0 0.7613793103448275 0.5653846153846154 0.030344827586206897 0.1
0 0.7882758620689655 0.5153846153846153 0.037241379310344824 0.1076923076923077
0 0.8172413793103448 0.573076923076923 0.031724137931034485 0.11538461538461539
0 0.8372413793103448 0.5326923076923077 0.041379310344827586 0.11923076923076924
0 0.8758620689655172 0.5384615384615384 0.04689655172413793 0.15384615384615385
0 0.9048275862068965 0.5480769230769231 0.0496551724137931 0.1423076923076923
0 0.953103448275862 0.5634615384615385 0.041379310344827586 0.1346153846153846
0 0.6903448275862069 0.3576923076923077 0.031724137931034485 0.09230769230769231
0 0.6827586206896552 0.4461538461538462 0.03310344827586207 0.1076923076923077
0 0.7068965517241379 0.4807692307692308 0.031724137931034485 0.1
0 0.7358620689655172 0.3384615384615385 0.031724137931034485 0.1
0 0.7627586206896552 0.3326923076923077 0.03586206896551724 0.08846153846153847
0 0.8020689655172414 0.35192307692307695 0.031724137931034485 0.10384615384615385
0 0.8344827586206897 0.3326923076923077 0.03310344827586207 0.10384615384615385
0 0.8662068965517241 0.3346153846153846 0.03310344827586207 0.08461538461538462
0 0.9124137931034483 0.325 0.04 0.11923076923076924
0 0.9358620689655173 0.3403846153846154 0.02620689655172414 0.11153846153846154
