0 0.04593929450369155 0.6267605633802817 0.019688269073010665 0.07042253521126761
0 0.11279737489745693 0.6056338028169014 0.022149302707136997 0.07887323943661972
0 0.1292042657916325 0.5661971830985916 0.018867924528301886 0.07323943661971831
0 0.162428219852338 0.5802816901408451 0.02789171452009844 0.10140845070422536
0 0.23379819524200163 0.6183098591549295 0.019688269073010665 0.08169014084507042
0 0.2551271534044299 0.6070422535211267 0.019688269073010665 0.07042253521126761
0 0.30352748154224773 0.5943661971830986 0.019688269073010665 0.0676056338028169
0 0.33182936833470056 0.5887323943661972 0.02543068088597211 0.10140845070422536
0 0.38433141919606234 0.47464788732394364 0.015586546349466776 0.05352112676056338
0 0.45775225594749797 0.6422535211267606 0.02132895816242822 0.07887323943661972
0 0.4585726004922067 0.5845070422535211 0.016406890894175553 0.059154929577464786
0 0.485233798195242 0.5971830985915493 0.017227235438884332 0.07323943661971831
0 0.5426579163248565 0.6239436619718309 0.022149302707136997 0.08732394366197183
0 0.5771123872026251 0.6859154929577465 0.022149302707136997 0.08732394366197183
0 0.6041837571780148 0.647887323943662 0.02378999179655455 0.08450704225352113
0 0.7059064807219032 0.6845070422535211 0.02543068088597211 0.09014084507042254
0 0.6538146021328958 0.4591549295774648 0.02132895816242822 0.07887323943661972
0 0.7965545529122231 0.643661971830986 0.019688269073010665 0.0647887323943662
0 0.8260869565217391 0.6676056338028169 0.02461033634126333 0.09577464788732394
0 0.8933552091878589 0.7563380281690141 0.029532403609515995 0.10985915492957747
0 0.9667760459392944 0.7464788732394366 0.018867924528301886 0.07323943661971831
0 0.9171452009844134 0.6366197183098592 0.019688269073010665 0.0676056338028169
0 1.0008203445447088 0.6366197183098592 0.01804757998359311 0.0676056338028169
0 0.3699753896636587 0.08028169014084507 0.006562756357670222 0.02535211267605634
