0 0.4169027384324835 0.611358574610245 0.0084985835694051 0.024498886414253896
0 0.43153918791312557 0.6458797327394209 0.0113314447592068 0.031180400890868598
0 0.4187913125590179 0.6759465478841871 0.014164305949008499 0.042316258351893093
0 0.4546742209631728 0.7216035634743875 0.019830028328611898 0.053452115812917596
0 0.45278564683663836 0.6636971046770601 0.01794145420207743 0.0400890868596882
0 0.5826251180358829 0.7338530066815144 0.018885741265344664 0.0556792873051225
0 0.6166194523135033 0.7293986636971047 0.02077431539187913 0.060133630289532294
0 0.6718602455146364 0.765033407572383 0.027384324834749764 0.09131403118040089
0 0.7766761095372994 0.7171492204899778 0.027384324834749764 0.07126948775055679
0 0.8120868744098206 0.7483296213808464 0.030217186024551465 0.0757238307349666
0 0.8380547686496695 0.7594654788418709 0.025495750708215296 0.0801781737193764
0 0.9523135033050047 0.7093541202672605 0.031161473087818695 0.08240534521158129
0 0.18696883852691218 0.7661469933184856 0.03210576015108593 0.0801781737193764
0 0.21765816808309726 0.7461024498886414 0.019830028328611898 0.05790645879732739
0 0.24032105760151085 0.7706013363028953 0.02927289896128423 0.08463251670378619
0 0.2898961284230406 0.688195991091314 0.028328611898016998 0.0757238307349666
0 0.251180358829084 0.6971046770601337 0.039660056657223795 0.111358574610245
0 0.386685552407932 0.7104677060133631 0.03493862134088763 0.10244988864142539
0 0.31916902738432484 0.7104677060133631 0.047214353163361665 0.1514476614699332
0 0.5174693106704438 0.6926503340757239 0.03588290840415486 0.12026726057906459
0 0.8862134088762984 0.8229398663697105 0.08781869688385269 0.27839643652561247
0 0.9150141643059491 0.987750556792873 0.16052880075542966 0.48329621380846327
0 0.09395656279508971 0.7394209354120267 0.033050047214353166 0.08908685968819599
0 0.07932011331444759 0.8006681514476615 0.047214353163361665 0.12249443207126949
0 0.02927289896128423 0.8273942093541202 0.0679886685552408 0.2026726057906459
0 0.10623229461756374 0.9910913140311804 0.11803588290840415 0.33853006681514475
