0 0.34655688622754494 0.2948717948717949 0.01347305389221557 0.09971509971509972
0 0.4620758483033932 0.452991452991453 0.012974051896207584 0.09116809116809117
0 0.5092315369261478 0.4373219373219373 0.01347305389221557 0.08831908831908832
0 0.5693612774451098 0.46438746438746437 0.013972055888223553 0.09116809116809117
0 0.312375249500998 0.7378917378917379 0.04291417165668663 0.2678062678062678
0 0.437874251497006 0.8304843304843305 0.04241516966067864 0.27635327635327633
0 0.5494011976047904 0.7962962962962963 0.03592814371257485 0.23076923076923078
0 0.6906187624750499 0.7336182336182336 0.04091816367265469 0.2535612535612536
0 0.7749500998003992 0.905982905982906 0.03992015968063872 0.20512820512820512
0 0.17465069860279442 0.6680911680911681 0.02694610778443114 0.1623931623931624
0 0.26122754491017963 0.603988603988604 0.016467065868263474 0.10256410256410256
0 0.33857285429141715 0.6353276353276354 0.019461077844311378 0.11396011396011396
0 0.3727544910179641 0.6467236467236467 0.01996007984031936 0.14245014245014245
0 0.8692614770459082 0.698005698005698 0.027944111776447105 0.17094017094017094
0 0.7629740518962076 0.6552706552706553 0.02694610778443114 0.14245014245014245
0 0.058383233532934134 0.9857549857549858 0.07784431137724551 0.42735042735042733
0 0.07609780439121756 0.8518518518518519 0.03842315369261477 0.2621082621082621
0 0.04890219560878244 0.6908831908831908 0.027944111776447105 0.16809116809116809
0 0.003992015968063872 0.6809116809116809 0.027944111776447105 0.15954415954415954
0 0.4648203592814371 0.6894586894586895 0.023453093812375248 0.14814814814814814
0 0.5668662674650699 0.6638176638176638 0.027944111776447105 0.17663817663817663
0 0.6462075848303394 0.6965811965811965 0.031936127744510975 0.1623931623931624
0 0.6377245508982036 0.6609686609686609 0.022954091816367265 0.14245014245014245
0 0.7874251497005988 0.6011396011396012 0.021956087824351298 0.11965811965811966
0 0.9348802395209581 0.6096866096866097 0.027445109780439122 0.16524216524216523
0 0.8974550898203593 0.6111111111111112 0.025449101796407185 0.1168091168091168
0 0.8622754491017964 0.5754985754985755 0.01996007984031936 0.11396011396011396
0 0.719061876247505 0.6709401709401709 0.02594810379241517 0.15669515669515668
