0 0.8908602150537634 0.9514563106796117 0.011827956989247311 0.05825242718446602
0 0.9295698924731183 0.9466019417475728 0.05268817204301075 0.30097087378640774
0 0.7908602150537635 0.9101941747572816 0.07849462365591398 0.3932038834951456
0 0.6736559139784947 1.0121359223300972 0.013978494623655914 0.09223300970873786
0 0.6188172043010752 0.8616504854368932 0.041935483870967745 0.2087378640776699
0 0.5779569892473119 1.0339805825242718 0.016129032258064516 0.07766990291262135
0 0.5478494623655914 0.9660194174757282 0.011827956989247311 0.05825242718446602
0 0.513978494623656 1.0218446601941749 0.010752688172043012 0.05339805825242718
0 0.45161290322580644 0.9587378640776699 0.015053763440860216 0.09223300970873786
0 0.3231182795698925 0.7888349514563107 0.06129032258064516 0.33495145631067963
0 0.24838709677419354 1.0218446601941749 0.060215053763440864 0.3058252427184466
0 0.16559139784946236 0.9563106796116505 0.047311827956989246 0.23300970873786409
0 0.6790322580645162 1.0849514563106797 0.011827956989247311 0.06310679611650485
