0 0.07494407158836688 0.5167130919220055 0.042505592841163314 0.12534818941504178
0 0.1784116331096197 0.49303621169916434 0.07941834451901567 0.1894150417827298
0 0.3338926174496644 0.5306406685236769 0.04809843400447427 0.14206128133704735
0 0.27237136465324385 0.4596100278551532 0.04586129753914989 0.1392757660167131
0 0.41778523489932884 0.5738161559888579 0.030201342281879196 0.08913649025069638
0 0.4983221476510067 0.552924791086351 0.030201342281879196 0.08635097493036212
0 0.5855704697986577 0.5348189415041783 0.03243847874720358 0.10027855153203342
0 0.6370246085011185 0.38440111420612816 0.0436241610738255 0.1392757660167131
0 0.7416107382550335 0.40947075208913647 0.040268456375838924 0.116991643454039
0 0.8271812080536913 0.43454038997214484 0.04138702460850112 0.1392757660167131
0 0.8652125279642058 0.520891364902507 0.030201342281879196 0.08913649025069638
0 0.9485458612975392 0.46518105849582175 0.03131991051454139 0.11142061281337047
0 1.041387024608501 0.47214484679665736 0.024608501118568233 0.10306406685236769
0 0.6795302013422819 0.45264623955431754 0.03243847874720358 0.10863509749303621
0 0.988255033557047 0.5501392757660167 0.02796420581655481 0.08635097493036212
0 0.558165548098434 0.5654596100278552 0.026845637583892617 0.07799442896935933
0 0.5391498881431768 0.541782729805014 0.024608501118568233 0.0807799442896936
0 0.47762863534675615 0.5125348189415042 0.029082774049217 0.0947075208913649
0 0.40492170022371365 0.5236768802228412 0.029082774049217 0.08913649025069638
0 0.2225950782997763 0.4972144846796657 0.026845637583892617 0.10306406685236769
0 0.4395973154362416 0.5682451253481894 0.02237136465324385 0.07799442896935933
