0 1.215045592705167 3.5096153846153846 0.05015197568389058 0.38461538461538464
0 1.1208206686930091 3.5673076923076925 0.05319148936170213 0.40384615384615385
0 1.0098784194528876 3.5673076923076925 0.041033434650455926 0.3269230769230769
0 0.9316109422492401 3.6201923076923075 0.03951367781155015 0.3173076923076923
0 0.85790273556231 3.5865384615384617 0.041033434650455926 0.34615384615384615
0 0.7773556231003039 3.375 0.05015197568389058 0.38461538461538464
0 0.689209726443769 3.6923076923076925 0.04711246200607903 0.36538461538461536
0 0.5600303951367781 3.7163461538461537 0.05015197568389058 0.41346153846153844
0 0.2629179331306991 3.2211538461538463 0.04559270516717325 0.36538461538461536
0 0.40425531914893614 3.269230769230769 0.04559270516717325 0.36538461538461536
0 0.5129179331306991 3.1875 0.04711246200607903 0.33653846153846156
0 0.6200607902735562 3.3990384615384617 0.04559270516717325 0.3557692307692308
0 0.6838905775075987 3.326923076923077 0.0486322188449848 0.38461538461538464
0 0.3541033434650456 3.0865384615384617 0.03951367781155015 0.3269230769230769
0 0.4582066869300912 3.2884615384615383 0.044072948328267476 0.34615384615384615
0 0.8267477203647416 3.3653846153846154 0.0425531914893617 0.3269230769230769
0 0.8905775075987842 3.485576923076923 0.0364741641337386 0.3173076923076923
0 0.9065349544072948 3.2259615384615383 0.044072948328267476 0.2980769230769231
0 0.9741641337386018 3.389423076923077 0.0425531914893617 0.2980769230769231
0 1.040273556231003 3.418269230769231 0.041033434650455926 0.33653846153846156
0 1.087386018237082 3.2596153846153846 0.044072948328267476 0.28846153846153844
0 1.2173252279635258 3.3846153846153846 0.03951367781155015 0.3076923076923077
0 1.161854103343465 3.480769230769231 0.04711246200607903 0.34615384615384615
0 0.5919452887537994 3.264423076923077 0.044072948328267476 0.3557692307692308
