0 0.10250865051903114 1.5894495412844036 0.04411764705882353 0.22477064220183487
0 0.15051903114186851 1.5389908256880733 0.04325259515570934 0.25229357798165136
0 0.3036332179930796 1.786697247706422 0.025951557093425604 0.16055045871559634
0 0.33304498269896193 1.798165137614679 0.03633217993079585 0.2018348623853211
0 0.4061418685121107 1.639908256880734 0.054498269896193774 0.3440366972477064
0 0.4930795847750865 1.646788990825688 0.02768166089965398 0.1743119266055046
0 0.5674740484429066 1.694954128440367 0.02768166089965398 0.22477064220183487
0 0.625 1.5756880733944953 0.045847750865051905 0.3073394495412844
0 0.6764705882352942 1.7637614678899083 0.02249134948096886 0.16055045871559634
0 0.7110726643598616 1.7431192660550459 0.01903114186851211 0.12844036697247707
0 0.7352941176470589 1.8004587155963303 0.012110726643598616 0.0779816513761468
0 0.8148788927335641 1.6559633027522935 0.04671280276816609 0.26605504587155965
0 0.9692906574394463 1.3142201834862386 0.05968858131487889 0.3348623853211009
0 1.0627162629757785 1.518348623853211 0.03546712802768166 0.1743119266055046
