0 0.04672897196261682 0.6606936416184971 0.04984423676012461 0.1375722543352601
0 0.1638110072689512 0.676878612716763 0.05451713395638629 0.1653179190751445
0 0.2520768431983385 0.9913294797687862 0.05347871235721703 0.15606936416184972
0 0.23026998961578402 0.608092485549133 0.047248182762201454 0.13179190751445086
0 0.11214953271028037 0.5855491329479768 0.04880581516095535 0.1375722543352601
0 0.25415368639667707 0.5947976878612716 0.03997923156801662 0.1260115606936416
0 0.3320353063343718 0.5942196531791908 0.04205607476635514 0.12947976878612716
0 0.3847352024922118 0.5184971098265896 0.05399792315680166 0.14913294797687862
0 0.46936656282450673 0.6427745664739885 0.0446521287642783 0.13641618497109825
0 0.5519210799584632 0.6184971098265896 0.04776739356178609 0.12023121387283237
0 0.6160436137071651 0.915028901734104 0.05867082035306334 0.1699421965317919
0 0.7131360332294912 0.9815028901734104 0.06490134994807892 0.19884393063583816
0 0.8014018691588785 1.1369942196531793 0.048286604361370715 0.14450867052023122
0 0.823208722741433 1.0208092485549134 0.05867082035306334 0.17341040462427745
0 0.6523883696780893 0.6127167630057804 0.052440290758047764 0.16647398843930636
0 0.7832294911734164 0.6947976878612717 0.05451713395638629 0.14566473988439307
0 0.8621495327102804 0.7132947976878613 0.05555555555555555 0.15260115606936417
0 0.9667705088265836 0.6919075144508671 0.0529595015576324 0.1606936416184971
0 0.05867082035306334 0.5393063583815029 0.04880581516095535 0.14450867052023122
0 0.037642782969885775 0.4398843930635838 0.029595015576323987 0.08439306358381503
0 0.20015576323987538 0.5375722543352601 0.044132917964693666 0.12485549132947976
0 0.12357217030114226 0.4167630057803468 0.03842159916926272 0.09364161849710982
0 0.09008307372793355 0.4144508670520231 0.0264797507788162 0.07976878612716763
0 0.2881619937694704 0.5710982658959538 0.03426791277258567 0.09479768786127167
0 0.24532710280373832 0.4630057803468208 0.03790238836967809 0.1329479768786127
0 0.28997923156801664 0.47630057803468207 0.0347871235721703 0.09942196531791908
0 0.3076323987538941 0.4595375722543353 0.03582554517133956 0.10289017341040463
0 0.34657320872274144 0.4549132947976879 0.03686396677050883 0.09595375722543352
0 0.45560747663551404 0.4554913294797688 0.04101765316718588 0.11791907514450867
0 0.48468328141225336 0.5485549132947977 0.045171339563862926 0.11676300578034682
0 0.5083073727933541 0.46069364161849713 0.03842159916926272 0.10520231213872833
0 0.5885254413291796 0.44277456647398844 0.04205607476635514 0.12716763005780346
0 0.6555036344755971 0.4479768786127168 0.02544132917964694 0.07976878612716763
0 0.6991173416407062 0.5520231213872833 0.043094496365524405 0.130635838150289
0 0.7152128764278297 0.6820809248554913 0.052440290758047764 0.14335260115606938
0 0.7853063343717549 0.5647398843930636 0.05555555555555555 0.14219653179190753
0 0.8756490134994808 0.48265895953757226 0.043094496365524405 0.12138728323699421
0 0.8920041536863966 0.5867052023121387 0.035306334371754934 0.10982658959537572
0 0.9475597092419522 0.5832369942196531 0.0529595015576324 0.1329479768786127
0 0.6934060228452752 0.4635838150289017 0.03686396677050883 0.09710982658959537
0 0.7159916926272066 0.47109826589595377 0.024922118380062305 0.07514450867052024
0 0.7930944963655244 0.42196531791907516 0.03167185877466251 0.09248554913294797
