0 0.04784899034240562 1.6403508771929824 0.08516242317822652 0.2912280701754386
0 0.21685689201053557 1.4859649122807017 0.029850746268656716 0.12280701754385964
0 0.27611940298507465 1.5614035087719298 0.021949078138718173 0.08421052631578947
0 0.3726953467954346 1.5210526315789474 0.041264266900790166 0.19298245614035087
0 0.3981562774363477 1.631578947368421 0.0324846356453029 0.1543859649122807
0 0.4310798946444249 1.5578947368421052 0.019315188762071993 0.09824561403508772
0 0.4569798068481124 1.4947368421052631 0.02897278314310799 0.11228070175438597
0 0.6325724319578577 1.4631578947368422 0.0324846356453029 0.13333333333333333
0 0.6707638279192274 1.5649122807017544 0.033362598770851626 0.16140350877192983
0 0.8546971027216856 1.4929824561403509 0.0324846356453029 0.1368421052631579
0 0.8985952589991221 1.550877192982456 0.02897278314310799 0.11228070175438597
0 0.9846356453028973 1.5052631578947369 0.030728709394205442 0.14035087719298245
