0 0.8341683366733467 0.693029490616622 0.009018036072144289 0.024128686327077747
0 0.845691382765531 0.6863270777479893 0.012024048096192385 0.03753351206434316
0 0.7535070140280561 0.7037533512064343 0.014028056112224449 0.040214477211796246
0 0.749498997995992 0.7117962466487936 0.014028056112224449 0.040214477211796246
0 0.8031062124248497 0.7184986595174263 0.017034068136272545 0.064343163538874
0 0.7820641282565131 0.7332439678284183 0.02905811623246493 0.0938337801608579
0 0.8837675350701403 0.7453083109919572 0.03406813627254509 0.09651474530831099
0 0.8887775551102205 0.6943699731903485 0.04208416833667335 0.12332439678284182
0 0.6823647294589178 0.7359249329758714 0.018036072144288578 0.06166219839142091
0 0.5976953907815631 0.7238605898123325 0.025050100200400802 0.06970509383378017
0 0.9959919839679359 0.739946380697051 0.028056112224448898 0.07506702412868632
0 0.3301603206412826 0.7466487935656837 0.041082164328657314 0.14745308310991956
0 0.36723446893787576 0.660857908847185 0.047094188376753505 0.14209115281501342
0 0.3662324649298597 0.7144772117962467 0.04308617234468938 0.12064343163538874
