0 0.07718120805369127 1.1602787456445993 0.03087248322147651 0.07665505226480836
0 0.11073825503355705 1.1864111498257839 0.04161073825503356 0.13588850174216027
0 0.16174496644295303 1.1358885017421603 0.028187919463087248 0.06968641114982578
0 0.2791946308724832 1.1498257839721255 0.056375838926174496 0.18118466898954705
0 0.42885906040268457 1.1114982578397212 0.06040268456375839 0.20209059233449478
0 0.4006711409395973 1.10801393728223 0.038926174496644296 0.13937282229965156
0 0.5557046979865772 1.102787456445993 0.01879194630872483 0.05226480836236934
0 0.5953020134228187 1.1550522648083623 0.01476510067114094 0.04529616724738676
0 0.6543624161073825 1.1097560975609757 0.0174496644295302 0.05226480836236934
0 0.6778523489932886 1.1341463414634145 0.016107382550335572 0.05226480836236934
0 0.6912751677852349 1.0801393728222997 0.016107382550335572 0.04878048780487805
0 0.7812080536912752 1.1306620209059233 0.01879194630872483 0.04529616724738676
0 0.7114093959731543 1.0905923344947734 0.010738255033557046 0.027874564459930314
0 0.7422818791946308 1.127177700348432 0.010738255033557046 0.0313588850174216
0 0.7583892617449665 1.1393728222996515 0.016107382550335572 0.041811846689895474
0 0.6228187919463087 1.0940766550522647 0.010738255033557046 0.027874564459930314
0 0.6040268456375839 1.1062717770034842 0.010738255033557046 0.0313588850174216
0 1.0503355704697988 1.1254355400696865 0.022818791946308724 0.06968641114982578
