0 0.039713541666666664 0.5510204081632653 0.0546875 0.10612244897959183
0 0.16569010416666666 0.5503401360544218 0.046223958333333336 0.09659863945578231
0 0.21744791666666666 0.6265306122448979 0.057291666666666664 0.13197278911564625
0 0.3642578125 0.645578231292517 0.050130208333333336 0.13741496598639455
0 0.5514322916666666 0.6979591836734694 0.0703125 0.16326530612244897
0 0.7145182291666666 0.5040816326530613 0.034505208333333336 0.08571428571428572
0 0.796875 0.6945578231292517 0.06510416666666667 0.14285714285714285
0 0.8509114583333334 0.5523809523809524 0.055989583333333336 0.11700680272108843
0 0.2893880208333333 0.6136054421768707 0.051432291666666664 0.10884353741496598
0 0.5963541666666666 0.6353741496598639 0.049479166666666664 0.11700680272108843
0 0.1953125 0.45102040816326533 0.018229166666666668 0.036734693877551024
0 0.22102864583333334 0.4891156462585034 0.022786458333333332 0.047619047619047616
0 0.3177083333333333 0.5761904761904761 0.037760416666666664 0.07482993197278912
0 0.265625 0.46462585034013604 0.014322916666666666 0.02857142857142857
0 0.3531901041666667 0.47687074829931975 0.018880208333333332 0.050340136054421766
0 0.3798828125 0.5034013605442177 0.027994791666666668 0.06802721088435375
0 0.4462890625 0.5034013605442177 0.031901041666666664 0.07346938775510205
0 0.5647786458333334 0.48095238095238096 0.021484375 0.047619047619047616
0 0.615234375 0.5040816326530613 0.03125 0.055782312925170066
0 0.529296875 0.47006802721088436 0.020833333333333332 0.053061224489795916
0 0.7483723958333334 0.4931972789115646 0.034505208333333336 0.07482993197278912
0 0.8304036458333334 0.49523809523809526 0.029296875 0.06802721088435375
0 0.9137369791666666 0.5319727891156463 0.046223958333333336 0.08707482993197278
0 0.9606119791666666 0.5231292517006803 0.030598958333333332 0.06938775510204082
0 0.8694661458333334 0.4639455782312925 0.025390625 0.05442176870748299
0 0.87890625 0.5136054421768708 0.029947916666666668 0.06938775510204082
0 0.8968098958333334 0.445578231292517 0.020182291666666668 0.047619047619047616
0 0.80859375 0.4231292517006803 0.010416666666666666 0.027210884353741496
0 0.6705729166666666 0.5034013605442177 0.018229166666666668 0.04625850340136054
0 0.5553385416666666 0.4346938775510204 0.014322916666666666 0.02857142857142857
0 0.5924479166666666 0.49455782312925173 0.024739583333333332 0.061224489795918366
0 0.4827473958333333 0.4891156462585034 0.016276041666666668 0.036734693877551024
0 0.7835286458333334 0.4666666666666667 0.027994791666666668 0.05170068027210884
0 0.0625 0.9693877551020408 0.125 0.6816326530612244
0 0.08919270833333333 0.5931972789115646 0.041666666666666664 0.08707482993197278
0 0.1181640625 0.5829931972789115 0.033203125 0.08299319727891157
0 0.2158203125 0.7326530612244898 0.07096354166666667 0.43945578231292515
0 0.9596354166666666 0.8761904761904762 0.08072916666666667 0.18503401360544217
