0 0.02261640798226164 1.1339464214314274 0.03547671840354767 0.030387844862055178
0 0.054767184035476715 1.089564174330268 0.019955654101995565 0.021591363454618154
0 0.08093126385809313 1.087764894042383 0.013747228381374724 0.01479408236705318
0 0.15077605321507762 1.0919632147141143 0.013303769401330377 0.01679328268692523
0 0.16186252771618626 1.0941623350659737 0.017738359201773836 0.01799280287884846
0 0.2006651884700665 1.0969612155137944 0.02350332594235033 0.024390243902439025
0 0.3090909090909091 1.1155537784886045 0.028381374722838137 0.02958816473410636
0 0.33082039911308203 1.0783686525389844 0.025720620842572064 0.026389444222311077
0 0.40532150776053216 1.094562175129948 0.02394678492239468 0.026789284286285485
0 0.44168514412416854 1.0873650539784085 0.026607538802660754 0.029188324670131948
0 0.6268292682926829 1.0919632147141143 0.021729490022172948 0.022391043582566973
0 0.7498891352549889 1.0975609756097562 0.022172949002217297 0.024790083966413436
0 0.8390243902439024 1.0795681727309077 0.017738359201773836 0.019992003198720514
0 0.8711751662971176 1.0929628148740504 0.020842572062084258 0.025189924030387844
0 0.9126385809312638 1.0537784886045582 0.01507760532150776 0.01479408236705318
0 0.9463414634146341 1.0695721711315473 0.017738359201773836 0.021591363454618154
0 0.9629711751662972 1.0917632946821272 0.016407982261640797 0.015593762495002
0 0.9855875831485588 1.0793682526989203 0.019955654101995565 0.025989604158336666
0 0.9946784922394678 1.1105557776889243 0.020399113082039913 0.027588964414234307
