0 1.3053061224489797 1.6796536796536796 0.04081632653061224 0.08080808080808081
0 1.2448979591836735 1.0432900432900434 0.08816326530612245 0.21933621933621933
0 1.2485714285714287 0.9437229437229437 0.08408163265306122 0.15295815295815296
0 1.070204081632653 1.0238095238095237 0.053877551020408164 0.15151515151515152
0 1.0338775510204081 1.031024531024531 0.06448979591836734 0.1544011544011544
0 0.9640816326530612 1.0743145743145743 0.1126530612244898 0.18614718614718614
0 0.8551020408163266 0.8766233766233766 0.12163265306122449 0.31313131313131315
0 0.7004081632653061 1.0923520923520924 0.04244897959183674 0.09523809523809523
0 0.6518367346938776 1.0836940836940836 0.053061224489795916 0.13564213564213565
0 0.5693877551020409 1.0808080808080809 0.07918367346938776 0.1414141414141414
0 0.4983673469387755 1.0916305916305917 0.053061224489795916 0.12842712842712842
0 0.6004081632653061 1.005050505050505 0.054693877551020405 0.1111111111111111
0 0.7620408163265306 0.9170274170274171 0.04653061224489796 0.09668109668109669
0 0.6857142857142857 0.9105339105339105 0.0326530612244898 0.05772005772005772
0 0.6130612244897959 0.8903318903318903 0.026122448979591838 0.046176046176046176
0 0.5048979591836734 0.9415584415584416 0.0236734693877551 0.044733044733044736
0 0.4506122448979592 0.9105339105339105 0.02122448979591837 0.05483405483405483
0 0.4906122448979592 0.8888888888888888 0.024489795918367346 0.049062049062049064
0 0.5840816326530612 0.854978354978355 0.025306122448979593 0.047619047619047616
0 0.5640816326530612 0.8073593073593074 0.017959183673469388 0.044733044733044736
0 0.3930612244897959 0.9458874458874459 0.025306122448979593 0.05627705627705628
0 0.456734693877551 0.7893217893217893 0.017142857142857144 0.04040404040404041
0 0.4061224489795918 0.8246753246753247 0.022040816326530613 0.04184704184704185
