0 -0.09455252918287937 0.03684210526315789 0.09416342412451362 0.14736842105263157
0 0.29961089494163423 0.18421052631578946 0.010894941634241245 0.018421052631578946
0 0.36848249027237356 0.19210526315789472 0.008560311284046693 0.018421052631578946
0 0.3867704280155642 0.18421052631578946 0.00933852140077821 0.018421052631578946
0 0.4031128404669261 0.18618421052631579 0.010894941634241245 0.019736842105263157
0 0.422568093385214 0.1730263157894737 0.00933852140077821 0.019736842105263157
0 0.45136186770428016 0.22171052631578947 0.010894941634241245 0.017105263157894738
0 0.4583657587548638 0.18289473684210528 0.012451361867704281 0.021052631578947368
0 0.4840466926070039 0.18486842105263157 0.010894941634241245 0.019736842105263157
0 0.5031128404669261 0.2125 0.011673151750972763 0.019736842105263157
0 0.5381322957198443 0.22631578947368422 0.013229571984435798 0.02631578947368421
0 0.5544747081712063 0.22697368421052633 0.011673151750972763 0.019736842105263157
0 0.3692607003891051 0.3447368421052632 0.0490272373540856 0.1
0 0.4980544747081712 0.34539473684210525 0.03735408560311284 0.08552631578947369
0 0.6688715953307393 0.24078947368421053 0.014785992217898832 0.02631578947368421
0 0.7116731517509728 0.25263157894736843 0.024124513618677044 0.05
0 0.7494163424124514 0.25592105263157894 0.026459143968871595 0.04868421052631579
0 0.8194552529182879 0.2618421052631579 0.0311284046692607 0.05789473684210526
0 0.8389105058365759 0.23421052631578948 0.012451361867704281 0.02631578947368421
0 0.8167315175097276 0.2236842105263158 0.019455252918287938 0.03684210526315789
0 0.7801556420233463 0.22894736842105262 0.0178988326848249 0.02631578947368421
0 0.7560311284046692 0.22105263157894736 0.014785992217898832 0.031578947368421054
0 0.2377431906614786 0.21710526315789475 0.03501945525291829 0.060526315789473685
0 0.19766536964980544 0.20065789473684212 0.01867704280155642 0.038157894736842106
0 0.2649805447470817 0.18289473684210528 0.022568093385214007 0.05
