0 0.28926282051282054 0.358974358974359 0.07532051282051282 0.13986013986013987
0 0.4599358974358974 0.26223776223776224 0.08012820512820513 0.14685314685314685
0 0.7067307692307693 0.24125874125874125 0.07692307692307693 0.14219114219114218
0 0.6714743589743589 0.2062937062937063 0.0641025641025641 0.11421911421911422
0 0.8373397435897436 0.18997668997668998 0.07532051282051282 0.14685314685314685
0 0.9943910256410257 0.16433566433566432 0.052884615384615384 0.09557109557109557
0 0.90625 0.20512820512820512 0.04006410256410257 0.06993006993006994
0 1.1610576923076923 0.2062937062937063 0.03365384615384615 0.05827505827505827
0 1.0865384615384615 0.20862470862470864 0.02564102564102564 0.053613053613053616
0 1.0232371794871795 0.21678321678321677 0.04006410256410257 0.06526806526806526
0 1.1258012820512822 0.23076923076923078 0.017628205128205128 0.037296037296037296
0 1.2219551282051282 0.2331002331002331 0.014423076923076924 0.023310023310023312
