0 0.012041884816753926 3.153409090909091 0.007329842931937173 0.07954545454545454
0 0.10732984293193717 2.9261363636363638 0.03455497382198953 0.375
0 0.20523560209424083 3.0170454545454546 0.025130890052356022 0.3068181818181818
0 0.28900523560209423 2.897727272727273 0.020942408376963352 0.2727272727272727
0 0.30523560209424083 2.914772727272727 0.03455497382198953 0.375
0 0.5151832460732985 3.25 0.010471204188481676 0.13636363636363635
0 0.5413612565445026 3.0511363636363638 0.027225130890052355 0.3068181818181818
0 0.643455497382199 3.5 0.009424083769633508 0.09090909090909091
0 0.6916230366492147 2.971590909090909 0.03664921465968586 0.3977272727272727
0 0.7858638743455497 3.0056818181818183 0.028272251308900525 0.3068181818181818
0 0.7293193717277487 3.3295454545454546 0.011518324607329843 0.13636363636363635
0 0.7549738219895288 3.3806818181818183 0.010471204188481676 0.14772727272727273
0 0.9685863874345549 3.352272727272727 0.012565445026178011 0.11363636363636363
0 1.0026178010471205 3.352272727272727 0.011518324607329843 0.11363636363636363
