0 0.027809965237543453 1.4848484848484849 0.016222479721900347 0.028282828282828285
0 0.022595596755504054 1.4686868686868686 0.010428736964078795 0.020202020202020204
0 0.08458864426419467 1.5080808080808081 0.011587485515643106 0.022222222222222223
0 0.09559675550405562 1.486868686868687 0.015063731170336037 0.028282828282828285
0 0.2786790266512167 1.4717171717171718 0.019698725376593278 0.030303030303030304
0 0.4119351100811124 1.5 0.04519119351100811 0.09494949494949495
0 0.13789107763615296 1.488888888888889 0.013904982618771726 0.020202020202020204
0 0.16801853997682503 1.494949494949495 0.016222479721900347 0.028282828282828285
0 0.19582850521436848 1.501010101010101 0.016222479721900347 0.03232323232323232
0 0.22769409038238703 1.494949494949495 0.010428736964078795 0.020202020202020204
0 0.3447276940903824 1.4777777777777779 0.005793742757821553 0.010101010101010102
0 0.3551564310544612 1.4767676767676767 0.0034762456546929316 0.00808080808080808
0 0.36964078794901506 1.481818181818182 0.004634994206257242 0.010101010101010102
0 0.3626882966396292 1.493939393939394 0.009269988412514484 0.05454545454545454
0 0.37543453070683663 1.498989898989899 0.009269988412514484 0.05656565656565657
0 0.4495944380069525 1.4757575757575758 0.006952491309385863 0.010101010101010102
0 0.47914252607184243 1.4767676767676767 0.005793742757821553 0.00808080808080808
0 0.4918887601390498 1.4717171717171718 0.005793742757821553 0.010101010101010102
0 0.5324449594438007 1.4717171717171718 0.005793742757821553 0.010101010101010102
0 0.5625724217844728 1.4676767676767677 0.010428736964078795 0.01818181818181818
0 0.5816917728852838 1.501010101010101 0.006952491309385863 0.07272727272727272
0 0.5892236384704519 1.4737373737373738 0.005793742757821553 0.010101010101010102
0 0.6048667439165701 1.4777777777777779 0.006952491309385863 0.014141414141414142
0 0.6222479721900348 1.4808080808080808 0.009269988412514484 0.01616161616161616
0 0.548667439165701 1.47979797979798 0.008111239860950173 0.01818181818181818
0 0.6460023174971031 1.4787878787878788 0.008111239860950173 0.01616161616161616
0 0.6633835457705678 1.4848484848484849 0.008111239860950173 0.01616161616161616
0 0.7010428736964078 1.4787878787878788 0.006952491309385863 0.01616161616161616
0 0.6900347624565469 1.5222222222222221 0.012746234067207415 0.09494949494949495
0 0.7340672074159907 1.4777777777777779 0.005793742757821553 0.014141414141414142
0 0.7526071842410197 1.481818181818182 0.008111239860950173 0.014141414141414142
0 0.8302433371958285 1.5747474747474748 0.06141367323290846 0.10707070707070707
0 0.7809965237543454 1.5 0.04171494785631518 0.06666666666666667
0 0.6657010428736964 1.5666666666666667 0.17033603707995365 0.9272727272727272
0 0.5979142526071842 1.4808080808080808 0.004634994206257242 0.00808080808080808
0 0.4860950173812283 1.481818181818182 0.005793742757821553 0.010101010101010102
0 0.49884125144843566 1.4767676767676767 0.005793742757821553 0.012121212121212121
0 0.4582850521436848 1.4727272727272727 0.005793742757821553 0.012121212121212121
