0 0.13053097345132744 2.4379310344827587 0.03761061946902655 0.2689655172413793
0 0.13329646017699115 2.296551724137931 0.03871681415929203 0.2620689655172414
0 0.16869469026548672 2.231034482758621 0.029867256637168143 0.21379310344827587
0 0.1913716814159292 2.093103448275862 0.030973451327433628 0.22758620689655173
0 0.2040929203539823 2.3689655172413793 0.02765486725663717 0.22758620689655173
0 0.24778761061946902 2.1206896551724137 0.02654867256637168 0.2
0 0.2488938053097345 2.268965517241379 0.02654867256637168 0.20689655172413793
0 0.29314159292035397 2.282758620689655 0.024336283185840708 0.1793103448275862
0 0.3196902654867257 2.2344827586206897 0.02654867256637168 0.19310344827586207
0 0.3456858407079646 2.1551724137931036 0.025442477876106196 0.2
0 0.3633849557522124 2.193103448275862 0.023230088495575223 0.19310344827586207
0 0.3473451327433628 2.782758620689655 0.024336283185840708 0.1724137931034483
0 0.3606194690265487 2.6758620689655173 0.028761061946902654 0.2206896551724138
0 0.39048672566371684 2.193103448275862 0.024336283185840708 0.1793103448275862
0 0.4209070796460177 2.889655172413793 0.018805309734513276 0.12413793103448276
0 0.44081858407079644 2.882758620689655 0.02101769911504425 0.15172413793103448
0 0.4297566371681416 2.706896551724138 0.025442477876106196 0.2
0 0.4551991150442478 2.5448275862068965 0.02101769911504425 0.16551724137931034
0 0.4430309734513274 2.1206896551724137 0.023230088495575223 0.18620689655172415
0 0.4706858407079646 2.206896551724138 0.023230088495575223 0.19310344827586207
0 0.497787610619469 2.5206896551724136 0.022123893805309734 0.18620689655172415
0 0.4911504424778761 2.086206896551724 0.022123893805309734 0.14482758620689656
0 0.5188053097345132 2.1724137931034484 0.022123893805309734 0.16551724137931034
0 0.5204646017699115 2.4448275862068964 0.02101769911504425 0.14482758620689656
0 0.5464601769911505 2.103448275862069 0.022123893805309734 0.15172413793103448
0 0.5470132743362832 2.220689655172414 0.018805309734513276 0.13793103448275862
0 0.5514380530973452 2.389655172413793 0.018805309734513276 0.1724137931034483
0 0.5658185840707964 2.2517241379310344 0.025442477876106196 0.18620689655172415
0 0.5951327433628318 2.1310344827586207 0.024336283185840708 0.19310344827586207
0 0.5956858407079646 2.3448275862068964 0.023230088495575223 0.1793103448275862
0 0.6764380530973452 2.103448275862069 0.023230088495575223 0.15172413793103448
0 0.6587389380530974 2.6517241379310343 0.023230088495575223 0.1310344827586207
0 0.7228982300884956 2.117241379310345 0.023230088495575223 0.1793103448275862
0 0.7273230088495575 2.2620689655172415 0.018805309734513276 0.15172413793103448
0 0.7400442477876106 2.282758620689655 0.022123893805309734 0.16551724137931034
0 0.7660398230088495 2.1758620689655173 0.025442477876106196 0.2
0 0.786504424778761 2.220689655172414 0.024336283185840708 0.1793103448275862
0 0.8241150442477876 2.1413793103448278 0.024336283185840708 0.1724137931034483
0 0.8373893805309734 2.2551724137931033 0.022123893805309734 0.1793103448275862
0 0.8373893805309734 2.4551724137931035 0.024336283185840708 0.19310344827586207
0 0.875 2.1206896551724137 0.02654867256637168 0.14482758620689656
0 0.870575221238938 2.317241379310345 0.024336283185840708 0.1793103448275862
0 0.8788716814159292 2.420689655172414 0.023230088495575223 0.19310344827586207
0 0.9424778761061947 2.2344827586206897 0.030973451327433628 0.2206896551724138
0 0.9502212389380531 2.317241379310345 0.028761061946902654 0.2206896551724138
0 1.0060840707964602 2.462068965517241 0.04756637168141593 0.3310344827586207
0 1.0049778761061947 2.1758620689655173 0.032079646017699116 0.22758620689655173
0 1.0569690265486726 2.2586206896551726 0.04092920353982301 0.2827586206896552
0 1.0851769911504425 2.1241379310344826 0.05309734513274336 0.3310344827586207
