0 0.9229131175468483 0.3247011952191235 0.0434412265758092 0.13147410358565736
0 0.9561328790459966 0.4243027888446215 0.03151618398637138 0.0796812749003984
0 0.8428449744463373 0.4113545816733068 0.03492333901192504 0.10557768924302789
0 0.805366269165247 0.6623505976095617 0.04003407155025554 0.11354581673306773
0 0.7240204429301533 0.40936254980079684 0.05110732538330494 0.12151394422310757
0 0.715076660988075 0.35756972111553786 0.04003407155025554 0.1254980079681275
0 0.5787904599659285 0.33167330677290835 0.0434412265758092 0.13346613545816732
0 0.532793867120954 0.3844621513944223 0.04514480408858603 0.12749003984063745
0 0.4885008517887564 0.40936254980079684 0.026405451448040886 0.08964143426294821
0 0.4425042589437819 0.3804780876494024 0.04003407155025554 0.11553784860557768
0 0.37350936967632026 0.30876494023904383 0.05025553662691652 0.12749003984063745
0 0.34071550255536626 0.38247011952191234 0.04088586030664395 0.11155378486055777
0 0.2712947189097104 0.549800796812749 0.026405451448040886 0.05976095617529881
0 0.3023850085178876 0.5428286852589641 0.027257240204429302 0.06573705179282868
0 0.15417376490630325 0.28386454183266935 0.05281090289608177 0.15338645418326693
0 0.042163543441226574 0.5338645418326693 0.029812606473594547 0.09561752988047809
0 0.9842419080068143 0.42828685258964144 0.036626916524701875 0.09163346613545817
0 0.692504258943782 0.42828685258964144 0.020442930153321975 0.07569721115537849
0 0.6592844974446337 0.42828685258964144 0.028960817717206135 0.07171314741035857
0 0.6115843270868825 0.4213147410358566 0.030664395229982964 0.08565737051792828
0 0.18867120954003408 0.4073705179282869 0.03492333901192504 0.08167330677290836
0 0.32836456558773425 0.4581673306772908 0.04003407155025554 0.09561752988047809
