0 1.2567521367521368 0.5189085686931546 0.048547008547008545 0.07659167065581618
0 1.1348717948717948 0.5165150789851604 0.05094017094017094 0.0823360459550024
0 1.0883760683760684 0.4913834370512207 0.048205128205128206 0.07036859741503111
0 1.0413675213675213 0.5069411201531834 0.048547008547008545 0.0842508377213978
0 0.9447863247863247 0.5923887027285782 0.055726495726495726 0.08855911919578746
0 0.8441025641025641 0.8118717089516515 0.06358974358974359 0.11297271421732887
0 0.8398290598290599 0.5473910962182863 0.046153846153846156 0.08185734801340354
0 0.9025641025641026 0.5332695069411202 0.04717948717948718 0.09286740067017712
0 0.9543589743589743 0.43322163714696027 0.039316239316239315 0.06797510770703687
0 0.6345299145299146 0.5203446625179512 0.06837606837606838 0.10244135950215415
0 0.6993162393162393 0.4784585926280517 0.0652991452991453 0.1057922450933461
0 0.46717948717948715 0.7544279559597894 0.06871794871794872 0.11967448539971279
0 0.31196581196581197 0.8068453805648635 0.06188034188034188 0.12685495452369555
0 0.3128205128205128 0.5134035423647678 0.06358974358974359 0.1067496409765438
0 0.38358974358974357 0.5007180469123983 0.05675213675213675 0.09573958831977022
0 0.3333333333333333 0.38152225945428436 0.04376068376068376 0.06606031594064146
0 0.40854700854700854 0.44399234083293443 0.03418803418803419 0.0646242221158449
0 0.5386324786324787 0.3817616084250838 0.04888888888888889 0.07611297271421733
0 0.47623931623931626 0.23910962182862613 0.037606837606837605 0.07802776448061273
0 0.578974358974359 0.08879846816658689 0.046153846153846156 0.07515557683101963
0 0.6887179487179487 0.2704643370033509 0.03863247863247863 0.061273336524652944
0 0.7892307692307692 0.4224509334609861 0.03111111111111111 0.059837242699856394
0 0.7092307692307692 0.3968405935854476 0.040683760683760686 0.07563427477261848
0 0.7598290598290598 0.5438008616562949 0.057777777777777775 0.0880804212541886
0 0.46923076923076923 0.5390138822403063 0.052307692307692305 0.09382479655337482
