0 0.9717211116528522 0.31768558951965065 0.051682106289614824 0.12882096069868995
0 0.8605558264261336 0.435589519650655 0.04680643588493418 0.11353711790393013
0 0.7664553876157971 0.38209606986899564 0.04875670404680644 0.13755458515283842
0 0.7223305704534373 0.46943231441048033 0.039492930277913216 0.11572052401746726
0 0.6874695270599708 0.43722707423580787 0.04388103364212579 0.12336244541484716
0 0.6416382252559727 0.4181222707423581 0.03900536323744515 0.0982532751091703
0 0.4453924914675768 0.33406113537117904 0.04729400292540224 0.13100436681222707
0 0.3249634324719649 0.425764192139738 0.05509507557289127 0.13537117903930132
0 0.04022428083861531 0.5185589519650655 0.03266699171136031 0.09606986899563319
0 0.3493417844953681 0.5087336244541485 0.02681618722574354 0.07860262008733625
0 0.2401267674305217 0.47270742358078605 0.08239882983910288 0.21179039301310043
0 0.39956118966357873 0.3864628820960699 0.07947342759629449 0.2096069868995633
