0 0.018541409147095178 2.5234375 0.019777503090234856 0.125
0 0.03522867737948084 2.578125 0.018541409147095178 0.125
0 0.06180469715698393 2.58984375 0.014833127317676144 0.1171875
0 0.0957972805933251 2.5234375 0.018541409147095178 0.109375
0 0.10754017305315204 2.53125 0.014833127317676144 0.109375
0 0.1983930778739184 2.54296875 0.013597033374536464 0.1015625
0 0.2218788627935723 2.5703125 0.016069221260815822 0.125
0 0.23362175525339926 2.6640625 0.012360939431396786 0.09375
0 0.2552533992583436 2.58203125 0.013597033374536464 0.1015625
0 0.2880098887515451 2.64453125 0.014833127317676144 0.1015625
0 0.28182941903584674 2.5546875 0.0173053152039555 0.109375
0 0.2954264524103832 2.62109375 0.014833127317676144 0.0859375
0 0.33127317676143386 2.61328125 0.019777503090234856 0.1328125
0 0.33127317676143386 2.61328125 0.0173053152039555 0.1171875
0 0.3220024721878863 2.58984375 0.016069221260815822 0.1171875
0 0.35599505562422745 2.65234375 0.0173053152039555 0.1171875
0 0.3677379480840544 2.59765625 0.016069221260815822 0.1015625
0 0.38813349814585907 2.64453125 0.012360939431396786 0.0859375
0 0.4227441285537701 2.9921875 0.0519159456118665 0.875
0 0.4054388133498146 2.65625 0.014833127317676144 0.109375
0 0.4357231149567367 2.6328125 0.016069221260815822 0.109375
0 0.44128553770086526 2.58203125 0.019777503090234856 0.1171875
0 0.4579728059332509 2.6484375 0.013597033374536464 0.09375
0 0.48084054388133496 2.65625 0.014833127317676144 0.125
0 0.49876390605686033 2.65625 0.018541409147095178 0.125
0 0.5037082818294191 2.5859375 0.013597033374536464 0.109375
0 0.5234857849196539 2.66796875 0.016069221260815822 0.1015625
0 0.5315203955500618 2.60546875 0.012360939431396786 0.1015625
0 0.5432632880098888 2.671875 0.018541409147095178 0.125
0 0.5506798516687268 2.6796875 0.02595797280593325 0.1875
0 0.5797280593325093 2.62890625 0.032138442521631644 0.2109375
0 0.5920889987639061 2.61328125 0.019777503090234856 0.1640625
0 0.6223733003708282 2.66796875 0.02843016069221261 0.1953125
0 0.6532756489493201 2.6171875 0.021013597033374538 0.140625
0 0.6687268232385661 2.59375 0.0173053152039555 0.125
0 0.6872682323856613 2.5390625 0.029666254635352288 0.21875
0 0.7224969097651421 2.62890625 0.018541409147095178 0.1171875
0 0.7484548825710754 2.6328125 0.018541409147095178 0.125
0 0.8034610630407911 2.58203125 0.034610630407911 0.2265625
0 0.8868974042027195 2.55859375 0.016069221260815822 0.1015625
0 0.9029666254635352 2.6640625 0.013597033374536464 0.09375
0 0.9215080346106304 2.74609375 0.021013597033374538 0.1328125
0 0.9295426452410384 2.59375 0.019777503090234856 0.140625
0 0.9956736711990112 2.7578125 0.02595797280593325 0.15625
0 0.9962917181705809 2.58984375 0.024721878862793572 0.1640625
