0 0.0535405872193437 1.1570512820512822 0.10362694300518134 0.23717948717948717
0 0.08549222797927461 0.6762820512820513 0.10189982728842832 0.2564102564102564
0 0.18911917098445596 0.6842948717948718 0.06735751295336788 0.15064102564102563
0 0.23316062176165803 0.8926282051282052 0.08981001727115717 0.18269230769230768
0 0.23402417962003455 1.078525641025641 0.09499136442141623 0.2467948717948718
0 0.2651122625215889 0.75 0.06390328151986183 0.16025641025641027
0 0.3704663212435233 0.8717948717948718 0.11226252158894647 0.2948717948717949
0 0.44473229706390327 0.7323717948717948 0.11226252158894647 0.1955128205128205
0 0.39896373056994816 0.6217948717948718 0.06563039723661486 0.15384615384615385
0 0.36183074265975823 0.42948717948717946 0.07426597582037997 0.17307692307692307
0 0.5302245250431779 0.4230769230769231 0.08635578583765112 0.23076923076923078
0 0.3963730569948187 0.7067307692307693 0.05699481865284974 0.13141025641025642
0 0.6018998272884283 0.8381410256410257 0.11917098445595854 0.2724358974358974
0 0.6234887737478411 0.6891025641025641 0.09326424870466321 0.21794871794871795
0 0.7867012089810017 0.8798076923076923 0.10535405872193437 0.2724358974358974
0 0.9162348877374784 0.8317307692307693 0.09499136442141623 0.2403846153846154
0 0.8367875647668394 0.530448717948718 0.08117443868739206 0.1762820512820513
0 0.8367875647668394 0.532051282051282 0.0846286701208981 0.1858974358974359
0 0.959412780656304 0.7355769230769231 0.0846286701208981 0.18269230769230768
0 0.9101899827288429 0.8269230769230769 0.1001727115716753 0.23717948717948717
0 0.6778929188255614 0.3782051282051282 0.07772020725388601 0.20512820512820512
