0 0.13352272727272727 0.9311449159327462 0.03977272727272727 0.032025620496397116
0 0.11079545454545454 0.8730984787830264 0.0375 0.03763010408326661
0 0.22670454545454546 0.988791032826261 0.04659090909090909 0.03362690152121697
0 0.22954545454545455 0.9267413931144916 0.04318181818181818 0.03282626100880705
0 0.2340909090909091 0.8763010408326661 0.03636363636363636 0.03122497998398719
0 0.3340909090909091 0.8686949559647719 0.04318181818181818 0.032025620496397116
0 0.41306818181818183 0.8342674139311449 0.03068181818181818 0.025620496397117692
0 0.39886363636363636 0.789431545236189 0.038636363636363635 0.02401921537229784
0 0.4505681818181818 0.7606084867894315 0.0375 0.02722177742193755
0 0.33181818181818185 0.7898318654923939 0.03636363636363636 0.02802241793434748
0 0.22727272727272727 0.8326661329063251 0.031818181818181815 0.032025620496397116
0 0.23863636363636365 0.8198558847077662 0.022727272727272728 0.020816653322658127
0 0.17556818181818182 0.7962369895916733 0.028409090909090908 0.020016012810248198
0 0.16988636363636364 0.7710168134507606 0.042045454545454546 0.02401921537229784
0 0.17727272727272728 0.7337870296236989 0.031818181818181815 0.02321857485988791
0 0.18977272727272726 0.700160128102482 0.025 0.021617293835068056
0 0.27443181818181817 0.6785428342674139 0.03068181818181818 0.02802241793434748
0 0.3778409090909091 0.7133706965572458 0.026136363636363635 0.02401921537229784
0 0.23579545454545456 0.6537229783827062 0.02159090909090909 0.016813450760608487
0 0.21477272727272728 0.6068855084067254 0.01818181818181818 0.014411529223378704
0 0.3039772727272727 0.6072858286629303 0.028409090909090908 0.020016012810248198
0 0.3 0.5812650120096077 0.022727272727272728 0.020816653322658127
0 0.3846590909090909 0.6080864691753403 0.02159090909090909 0.018414731785428344
0 0.39886363636363636 0.588070456365092 0.025 0.016813450760608487
0 0.31363636363636366 0.5304243394715773 0.025 0.016813450760608487
0 0.28806818181818183 0.49079263410728585 0.019318181818181818 0.016012810248198558
0 0.3221590909090909 0.5040032025620497 0.02159090909090909 0.01521216973578863
0 0.2909090909090909 0.4567654123298639 0.020454545454545454 0.01521216973578863
0 0.31988636363636364 0.46397117694155326 0.019318181818181818 0.01521216973578863
0 0.3352272727272727 0.48078462770216174 0.020454545454545454 0.016813450760608487
0 0.38125 0.4707766212970376 0.019318181818181818 0.017614091273018415
0 0.42159090909090907 0.4399519615692554 0.01818181818181818 0.016813450760608487
0 0.3159090909090909 0.43915132105684546 0.013636363636363636 0.010408326661329063
0 0.3471590909090909 0.43354683746997597 0.017045454545454544 0.013610888710968775
0 0.3653409090909091 0.4403522818254604 0.017045454545454544 0.012810248198558846
0 0.4653409090909091 0.4063250600480384 0.017045454545454544 0.013610888710968775
0 0.43920454545454546 0.3915132105684548 0.014772727272727272 0.012810248198558846
0 0.39886363636363636 0.4031224979983987 0.01818181818181818 0.013610888710968775
0 0.3977272727272727 0.39351481184947956 0.015909090909090907 0.010408326661329063
0 0.35056818181818183 0.4023218574859888 0.019318181818181818 0.013610888710968775
0 0.4505681818181818 0.3718975180144115 0.014772727272727272 0.01200960768614892
0 0.4659090909090909 0.3694955964771817 0.015909090909090907 0.01200960768614892
0 0.39488636363636365 0.37510008006405127 0.0125 0.010408326661329063
0 0.35625 0.3899119295436349 0.014772727272727272 0.01120896717373899
0 0.29715909090909093 0.38951160928742995 0.017045454545454544 0.010408326661329063
0 0.3210227272727273 0.41793434747798236 0.019318181818181818 0.016012810248198558
0 0.26420454545454547 0.3819055244195356 0.014772727272727272 0.01120896717373899
0 0.29318181818181815 0.36068855084067253 0.015909090909090907 0.010408326661329063
0 0.4193181818181818 0.2758206565252202 0.011363636363636364 0.010408326661329063
0 0.4511363636363636 0.28502802241793435 0.011363636363636364 0.008006405124099279
0 0.47670454545454544 0.2814251401120897 0.0125 0.010408326661329063
0 0.4863636363636364 0.27942353883106485 0.011363636363636364 0.009607686148919135
0 0.4994318181818182 0.288630904723779 0.010227272727272727 0.007205764611689352
0 0.3522727272727273 0.29503602882305846 0.013636363636363636 0.010408326661329063
0 0.39034090909090907 0.2570056044835869 0.010227272727272727 0.008006405124099279
0 0.39943181818181817 0.2530024019215372 0.007954545454545454 0.006405124099279423
0 0.425 0.2477982385908727 0.011363636363636364 0.008807045636509208
0 0.41761363636363635 0.24499599679743794 0.010227272727272727 0.009607686148919135
0 0.4289772727272727 0.20256204963971178 0.007954545454545454 0.006405124099279423
0 0.4426136363636364 0.20176140912730184 0.007954545454545454 0.006405124099279423
0 0.4153409090909091 0.21497197758206565 0.007954545454545454 0.007205764611689352
0 0.3875 0.21297037630104082 0.00909090909090909 0.006405124099279423
0 0.40511363636363634 0.1909527622097678 0.007954545454545454 0.005604483586869495
0 0.3965909090909091 0.18454763811048838 0.00909090909090909 0.007205764611689352
0 0.37613636363636366 0.1757405924739792 0.004545454545454545 0.0040032025620496394
0 0.4022727272727273 0.16693354683746997 0.006818181818181818 0.005604483586869495
0 -0.004545454545454545 0.5128102481985588 0.01818181818181818 0.01200960768614892
0 0.04375 0.41793434747798236 0.019318181818181818 0.014411529223378704
0 0.011931818181818182 0.33626901521216973 0.014772727272727272 0.01120896717373899
0 0.09659090909090909 0.3510808646917534 0.03636363636363636 0.07285828662930344
0 0.11420454545454546 0.3262610088070456 0.010227272727272727 0.007205764611689352
0 0.18636363636363637 0.36989591673338673 0.013636363636363636 0.009607686148919135
0 0.16590909090909092 0.3286629303442754 0.011363636363636364 0.008807045636509208
0 0.18125 0.2902321857485989 0.0125 0.010408326661329063
0 0.010227272727272727 0.30944755804643714 0.015909090909090907 0.01200960768614892
0 0.07102272727272728 0.29263410728582867 0.014772727272727272 0.010408326661329063
0 0.05056818181818182 0.28742994395516414 0.0125 0.01120896717373899
0 0.00909090909090909 0.288630904723779 0.015909090909090907 0.010408326661329063
0 0.023295454545454546 0.28022417934347477 0.0125 0.009607686148919135
0 0.008522727272727272 0.2502001601281025 0.010227272727272727 0.007205764611689352
0 0.029545454545454545 0.25580464371497197 0.00909090909090909 0.007205764611689352
0 0.040340909090909094 0.2465972778222578 0.0125 0.009607686148919135
0 0.03806818181818182 0.233386709367494 0.010227272727272727 0.008807045636509208
0 0.04772727272727273 0.22377902321857485 0.00909090909090909 0.005604483586869495
0 0.05284090909090909 0.2121697357886309 0.007954545454545454 0.006405124099279423
0 0.08295454545454546 0.200160128102482 0.00909090909090909 0.006405124099279423
0 0.09488636363636363 0.22057646116893515 0.010227272727272727 0.007205764611689352
0 0.11136363636363636 0.26301040832666134 0.013636363636363636 0.010408326661329063
0 0.16420454545454546 0.27702161729383507 0.010227272727272727 0.008006405124099279
0 0.1744318181818182 0.2570056044835869 0.010227272727272727 0.009607686148919135
0 0.19829545454545455 0.26381104883907125 0.007954545454545454 0.007205764611689352
0 0.2 0.2409927942353883 0.011363636363636364 0.008006405124099279
0 0.22102272727272726 0.24739791833466773 0.010227272727272727 0.009607686148919135
0 0.27329545454545456 0.22978382706164932 0.007954545454545454 0.004803843074459567
0 0.2857954545454545 0.21697357886309046 0.023863636363636365 0.03843074459567654
0 0.26931818181818185 0.21016813450760607 0.00909090909090909 0.007205764611689352
0 0.2545454545454545 0.20536429143314652 0.006818181818181818 0.005604483586869495
0 0.21534090909090908 0.20496397117694154 0.007954545454545454 0.006405124099279423
0 0.1715909090909091 0.20936749399519616 0.00909090909090909 0.007205764611689352
0 0.1340909090909091 0.22257806244995998 0.011363636363636364 0.008006405124099279
0 0.11420454545454546 0.20856685348278622 0.0125 0.008807045636509208
0 0.13579545454545455 0.1957566052842274 0.007954545454545454 0.007205764611689352
0 0.026704545454545453 0.18094475580464373 0.005681818181818182 0.004803843074459567
0 0.011363636363636364 0.16132906325060048 0.00909090909090909 0.007205764611689352
0 0.03806818181818182 0.16132906325060048 0.007954545454545454 0.007205764611689352
0 0.06931818181818182 0.1509207365892714 0.006818181818181818 0.005604483586869495
0 0.09659090909090909 0.16052842273819054 0.006818181818181818 0.005604483586869495
0 0.10340909090909091 0.1765412329863891 0.006818181818181818 0.005604483586869495
0 0.11136363636363636 0.16853482786228982 0.006818181818181818 0.005604483586869495
0 0.12329545454545454 0.17854283426741394 0.005681818181818182 0.004803843074459567
0 0.11818181818181818 0.14491593274619696 0.006818181818181818 0.004803843074459567
0 0.11818181818181818 0.13851080864691753 0.006818181818181818 0.004803843074459567
0 0.1590909090909091 0.1489191353082466 0.006818181818181818 0.004803843074459567
0 0.23011363636363635 0.1701361088871097 0.005681818181818182 0.0040032025620496394
0 0.24375 0.18134507606084868 0.014772727272727272 0.036028823058446756
0 0.2409090909090909 0.1433146517213771 0.006818181818181818 0.004803843074459567
0 0.2590909090909091 0.14971977582065651 0.006818181818181818 0.004803843074459567
0 0.26704545454545453 0.144515612489992 0.004545454545454545 0.0040032025620496394
0 0.31363636363636366 0.16212970376301042 0.006818181818181818 0.005604483586869495
0 0.2994318181818182 0.18614891913530823 0.007954545454545454 0.007205764611689352
0 0.3096590909090909 0.18574859887910328 0.007954545454545454 0.006405124099279423
0 0.33125 0.18134507606084868 0.005681818181818182 0.0040032025620496394
0 0.36363636363636365 0.15932746196957567 0.006818181818181818 0.004803843074459567
0 0.38181818181818183 0.15252201761409126 0.006818181818181818 0.005604483586869495
0 0.3977272727272727 0.12850280224179345 0.004545454545454545 0.0040032025620496394
0 0.38522727272727275 0.10448358686949559 0.011363636363636364 0.018414731785428344
0 0.39375 0.10368294635708566 0.014772727272727272 0.020016012810248198
0 0.38693181818181815 0.10808646917534027 0.003409090909090909 0.0032025620496397116
0 0.42102272727272727 0.15052041633306645 0.005681818181818182 0.004803843074459567
0 0.4318181818181818 0.16853482786228982 0.006818181818181818 0.005604483586869495
0 0.44772727272727275 0.16853482786228982 0.015909090909090907 0.03282626100880705
0 0.4590909090909091 0.14851881505204162 0.004545454545454545 0.0040032025620496394
0 0.46875 0.14611689351481186 0.005681818181818182 0.0040032025620496394
0 0.5454545454545454 0.13931144915932747 0.006818181818181818 0.004803843074459567
0 0.5426136363636364 0.13730984787830264 0.005681818181818182 0.0040032025620496394
0 0.23295454545454544 0.1257005604483587 0.004545454545454545 0.0032025620496397116
0 0.24602272727272728 0.12530024019215372 0.005681818181818182 0.0040032025620496394
0 0.21931818181818183 0.11809447558046438 0.004545454545454545 0.0040032025620496394
0 0.2846590909090909 0.10848678943154523 0.005681818181818182 0.0040032025620496394
0 0.28863636363636364 0.1176941553242594 0.004545454545454545 0.0032025620496397116
0 0.29147727272727275 0.13250600480384309 0.0125 0.02321857485988791
0 0.3153409090909091 0.1357085668534828 0.0125 0.024819855884707767
0 0.32329545454545455 0.12369895916733387 0.005681818181818182 0.0040032025620496394
