0 0.21843251088534107 0.8927576601671309 0.00725689404934688 0.03064066852367688
0 0.22314949201741655 0.9623955431754875 0.012336719883889695 0.15877437325905291
0 0.2318577648766328 0.8885793871866295 0.006531204644412192 0.027855153203342618
0 0.2641509433962264 0.8774373259052924 0.005805515239477504 0.022284122562674095
0 0.3047895500725689 0.871866295264624 0.005805515239477504 0.022284122562674095
0 0.3875181422351234 0.850974930362117 0.00725689404934688 0.03064066852367688
0 0.39731494920174165 0.8774373259052924 0.009433962264150943 0.03899721448467967
0 0.40965166908563133 0.8746518105849582 0.009433962264150943 0.04456824512534819
0 0.43795355587808416 0.8704735376044568 0.006531204644412192 0.025069637883008356
0 0.45863570391872277 0.8774373259052924 0.005805515239477504 0.022284122562674095
0 0.5214078374455733 0.9373259052924791 0.013788098693759071 0.04735376044568245
0 0.5402757619738752 0.9428969359331476 0.015239477503628448 0.0584958217270195
0 0.10667634252539913 0.8788300835654597 0.008708272859216255 0.03064066852367688
0 0.062409288824383166 0.9122562674094707 0.0420899854862119 0.17548746518105848
0 0.1534833091436865 0.9484679665738162 0.038461538461538464 0.16434540389972144
0 0.23802612481857766 1.0668523676880224 0.03483309143686502 0.15598885793871867
0 0.2888243831640058 0.9498607242339833 0.036284470246734396 0.17827298050139276
0 0.2652394775036285 1.232590529247911 0.03701015965166909 0.15877437325905291
0 0.35522496371552975 1.16991643454039 0.03265602322206096 0.17270194986072424
0 0.33780841799709727 1.0278551532033426 0.03265602322206096 0.15041782729805014
0 0.363933236574746 0.9415041782729805 0.02104499274310595 0.08913649025069638
0 0.4372278664731495 1.0194986072423398 0.02830188679245283 0.14484679665738162
0 0.5054426705370102 1.0027855153203342 0.03555878084179971 0.17270194986072424
0 0.5736574746008708 1.0362116991643453 0.034107402031930335 0.1671309192200557
0 0.6563860667634253 0.8997214484679665 0.03701015965166909 0.1894150417827298
0 0.7706821480406386 0.9192200557103064 0.040638606676342524 0.19498607242339833
0 0.8606676342525399 0.9108635097493036 0.04499274310595065 0.2116991643454039
0 0.9898403483309144 0.9832869080779945 0.047895500725689405 0.19498607242339833
