0 0.024193548387096774 0.9152215799614644 0.013056835637480798 0.04238921001926782
0 -0.002304147465437788 0.7967244701348748 0.009216589861751152 0.025048169556840076
0 0.011904761904761904 0.7938342967244701 0.009984639016897081 0.02697495183044316
0 -0.008832565284178187 0.9190751445086706 0.014592933947772658 0.038535645472061654
0 0.12096774193548387 1.0144508670520231 0.013056835637480798 0.03275529865125241
0 0.15015360983102918 0.9797687861271677 0.013056835637480798 0.04431599229287091
0 0.16666666666666666 1.0298651252408477 0.018433179723502304 0.05202312138728324
0 0.24155145929339478 1.0269749518304432 0.013056835637480798 0.046242774566473986
0 0.25921658986175117 1.0289017341040463 0.014592933947772658 0.05009633911368015
0 0.31490015360983103 1.0809248554913296 0.013824884792626729 0.05009633911368015
0 0.39055299539170507 1.197495183044316 0.020737327188940093 0.06358381502890173
0 0.5149769585253456 1.0741811175337186 0.016129032258064516 0.04816955684007707
0 0.5410906298003072 1.0722543352601157 0.016129032258064516 0.04816955684007707
0 0.5806451612903226 0.9373795761078998 0.015360983102918587 0.036608863198458574
0 0.6282642089093702 0.9662813102119461 0.015360983102918587 0.04431599229287091
0 0.6612903225806451 1.01252408477842 0.016897081413210446 0.04046242774566474
0 0.6989247311827957 0.9894026974951831 0.015360983102918587 0.04816955684007707
0 0.706989247311828 1.3246628131021194 0.020737327188940093 0.06358381502890173
0 0.7688172043010753 1.1204238921001928 0.016897081413210446 0.05973025048169557
0 0.7307987711213517 1.01252408477842 0.016129032258064516 0.055876685934489405
0 0.7638248847926268 0.8776493256262042 0.01152073732718894 0.03275529865125241
0 0.9358678955453149 1.1136801541425818 0.019201228878648235 0.05394990366088632
0 0.6578341013824884 0.815028901734104 0.01152073732718894 0.03468208092485549
0 0.6643625192012289 0.7996146435452793 0.010752688172043012 0.030828516377649325
0 0.6363287250384024 0.7928709055876686 0.009984639016897081 0.03275529865125241
0 0.6274961597542242 0.6878612716763006 0.007680491551459293 0.019267822736030827
0 0.5572196620583717 0.653179190751445 0.008448540706605223 0.023121387283236993
0 0.510752688172043 0.653179190751445 0.007680491551459293 0.02697495183044316
0 0.49385560675883255 0.6599229287090559 0.007680491551459293 0.025048169556840076
0 0.4834869431643625 0.6695568400770713 0.008448540706605223 0.025048169556840076
0 0.48963133640552997 0.7302504816955684 0.009984639016897081 0.030828516377649325
0 0.4715821812596006 0.7475915221579962 0.010752688172043012 0.02697495183044316
0 0.4650537634408602 0.7360308285163777 0.009984639016897081 0.03468208092485549
0 0.4228110599078341 0.7283236994219653 0.009984639016897081 0.02697495183044316
0 0.47043010752688175 0.571290944123314 0.005376344086021506 0.017341040462427744
0 0.4861751152073733 0.5799614643545279 0.006144393241167435 0.019267822736030827
0 0.5015360983102919 0.605009633911368 0.007680491551459293 0.023121387283236993
0 0.532258064516129 0.5857418111753372 0.006144393241167435 0.015414258188824663
0 0.5491551459293394 0.6146435452793835 0.007680491551459293 0.023121387283236993
0 0.5556835637480799 0.6252408477842004 0.008448540706605223 0.02119460500963391
0 0.5629800307219662 0.638728323699422 0.007680491551459293 0.02119460500963391
0 0.5691244239631337 0.615606936416185 0.007680491551459293 0.02119460500963391
0 0.5426267281105991 0.5924855491329479 0.0069124423963133645 0.017341040462427744
0 0.5529953917050692 0.5828516377649325 0.006144393241167435 0.017341040462427744
0 0.5318740399385561 0.569364161849711 0.005376344086021506 0.017341040462427744
0 0.5230414746543779 0.558766859344894 0.006144393241167435 0.019267822736030827
0 0.5180491551459293 0.558766859344894 0.005376344086021506 0.011560693641618497
0 0.5042242703533026 0.5510597302504817 0.005376344086021506 0.019267822736030827
0 0.4965437788018433 0.5558766859344894 0.005376344086021506 0.01348747591522158
0 0.48502304147465436 0.558766859344894 0.005376344086021506 0.015414258188824663
0 0.4665898617511521 0.5183044315992292 0.005376344086021506 0.015414258188824663
0 0.4754224270353303 0.5183044315992292 0.004608294930875576 0.011560693641618497
0 0.49923195084485406 0.5048169556840078 0.004608294930875576 0.011560693641618497
0 0.5130568356374808 0.4797687861271676 0.0030721966205837174 0.007707129094412331
0 0.5241935483870968 0.4720616570327553 0.0038402457757296467 0.011560693641618497
0 0.5276497695852534 0.47591522157996147 0.0030721966205837174 0.011560693641618497
0 0.43317972350230416 0.5019267822736031 0.006144393241167435 0.01348747591522158
0 0.4412442396313364 0.4903660886319846 0.0038402457757296467 0.009633911368015413
0 0.41897081413210446 0.6165703275529865 0.008448540706605223 0.023121387283236993
0 0.41589861751152074 0.6088631984585742 0.0069124423963133645 0.019267822736030827
0 0.38748079877112135 0.6753371868978806 0.009984639016897081 0.028901734104046242
0 0.2672811059907834 0.5539499036608864 0.004608294930875576 0.01348747591522158
0 0.2572964669738863 0.5799614643545279 0.006144393241167435 0.019267822736030827
0 0.2446236559139785 0.5963391136801541 0.0069124423963133645 0.02119460500963391
0 0.22350230414746544 0.6078998073217726 0.004608294930875576 0.01348747591522158
0 0.2196620583717358 0.6454720616570327 0.006144393241167435 0.019267822736030827
0 0.24539170506912442 0.5606936416184971 0.005376344086021506 0.015414258188824663
0 0.2519201228878648 0.5616570327552987 0.004608294930875576 0.01348747591522158
0 0.17434715821812596 0.6608863198458574 0.006144393241167435 0.019267822736030827
0 0.1490015360983103 0.6541425818882466 0.006144393241167435 0.02119460500963391
0 0.13748079877112135 0.6714836223506744 0.006144393241167435 0.017341040462427744
0 0.09831029185867896 0.6888246628131022 0.007680491551459293 0.025048169556840076
0 0.08640552995391705 0.6734104046242775 0.0069124423963133645 0.02119460500963391
0 0.08064516129032258 0.6541425818882466 0.006144393241167435 0.017341040462427744
0 0.04800307219662058 0.6628131021194605 0.016129032258064516 0.1001926782273603
0 0.03955453149001536 0.6184971098265896 0.005376344086021506 0.015414258188824663
0 0.04646697388632873 0.5857418111753372 0.005376344086021506 0.015414258188824663
0 0.024193548387096774 0.605009633911368 0.005376344086021506 0.015414258188824663
0 0.1674347158218126 0.5163776493256262 0.004608294930875576 0.011560693641618497
0 0.6455453149001537 0.684971098265896 0.008448540706605223 0.02119460500963391
0 0.6612903225806451 0.6868978805394991 0.007680491551459293 0.02119460500963391
0 0.7158218125960062 0.6464354527938343 0.006144393241167435 0.02119460500963391
0 0.7357910906298003 0.6483622350674374 0.007680491551459293 0.025048169556840076
0 0.31105990783410137 0.3988439306358382 0.0030721966205837174 0.007707129094412331
0 0.49078341013824883 0.7244701348747592 0.009216589861751152 0.02697495183044316
0 0.728494623655914 0.873795761078998 0.01152073732718894 0.03275529865125241
