0 0.03282493368700265 0.23405030987969377 0.025198938992042442 0.03718556325191396
0 0.1240053050397878 0.23714910681735327 0.027851458885941646 0.04265402843601896
0 0.195789124668435 0.33503463361283264 0.028846153846153848 0.03864382063434196
0 0.309184350132626 0.27123587313160774 0.02486737400530504 0.02989427633977397
0 0.1853448275862069 0.4917973022238425 0.035145888594164454 0.05030987969376595
0 0.21518567639257294 0.43638352169157857 0.026525198938992044 0.04593510754648195
0 0.27221485411140584 0.4445862194677361 0.03713527851458886 0.04702880058330295
0 0.3151525198938992 0.501458257382428 0.042771883289124665 0.05650747356908494
0 0.4197612732095491 0.5446591323368575 0.04442970822281167 0.06562158220925994
0 0.45921750663129973 0.496718920889537 0.03580901856763926 0.04119577105359096
0 0.5195623342175066 0.47539190667152753 0.029177718832891247 0.03718556325191396
0 0.534316976127321 0.5453882610280715 0.058023872679045095 0.08239154210718191
0 0.618368700265252 0.5264309150565075 0.04509283819628647 0.06999635435654393
0 0.6899867374005305 0.5216915785636165 0.04840848806366048 0.07072548304775793
0 0.6447281167108754 0.4896099161502005 0.03017241379310345 0.04666423623769595
0 0.810842175066313 0.5707254830477579 0.038129973474801064 0.03900838497994896
0 0.9079907161803713 0.5865840320816624 0.042108753315649866 0.05322639445862195
0 0.3020557029177719 0.6728034998177178 0.055039787798408485 0.08202697776157492
0 0.3249336870026525 0.6828290193219103 0.0636604774535809 0.07728764126868393
0 0.45739389920424406 0.7079839591687933 0.05669761273209549 0.07072548304775793
0 0.5928381962864722 0.6474662777980313 0.0610079575596817 0.06489245351804593
0 0.7894562334217506 0.7280349981771783 0.10079575596816977 0.11811884797666788
0 0.9892241379310345 0.5694495078381334 0.0620026525198939 0.08603718556325192
0 0.07874668435013263 0.025519504192489974 0.01293103448275862 0.023332118118847976
