0 0.90703125 0.5929368029739777 0.0828125 0.11895910780669144
0 0.7546875 0.587360594795539 0.0875 0.13011152416356878
0 0.01640625 0.8763940520446096 0.0796875 0.12825278810408922
0 0.12265625 0.5845724907063197 0.0734375 0.10966542750929369
0 0.56328125 0.42193308550185876 0.0703125 0.10780669144981413
0 0.6875 0.395910780669145 0.06875 0.10037174721189591
0 0.88984375 0.39684014869888473 0.0828125 0.1171003717472119
0 0.89375 0.22490706319702602 0.08125 0.10408921933085502
0 0.7328125 0.24628252788104088 0.065625 0.11338289962825279
0 0.56484375 0.24628252788104088 0.0734375 0.120817843866171
0 0.3953125 0.23605947955390336 0.084375 0.11524163568773234
0 0.4 0.0762081784386617 0.06875 0.10037174721189591
0 0.6140625 0.04553903345724907 0.075 0.10594795539033457
0 0.7546875 0.048327137546468404 0.078125 0.10780669144981413
0 0.93828125 0.046468401486988845 0.0765625 0.11895910780669144
0 0.6234375 0.5120817843866171 0.125 0.20631970260223048
0 0.23359375 0.5929368029739777 0.1203125 0.19330855018587362
