0 1.2172788411795137 28.5875 0.007242628039317123 0.175
0 1.2359027418520434 28.25625 0.007242628039317123 0.2375
0 1.0985514743921365 28.7375 0.005690636316606311 0.175
0 1.1239006725297465 28.6125 0.0046559751681324365 0.15
0 0.8026383859286084 28.66875 0.006725297465080186 0.1625
0 0.8357475426797724 28.7125 0.005690636316606311 0.175
0 0.7972064148991206 28.6 0.006207966890843249 0.175
0 0.7912571132953957 28.775 0.006725297465080186 0.175
0 0.5933781686497672 28.74375 0.005173305742369374 0.1625
0 0.5734609415416451 28.8125 0.005690636316606311 0.15
0 0.6174340403517848 28.73125 0.005690636316606311 0.1875
0 0.25038799793067773 28.58125 0.004138644593895499 0.1375
0 0.24236937403000516 28.61875 0.005690636316606311 0.1375
0 0.2902224521469219 28.625 0.006207966890843249 0.15
0 0.30341438178996377 28.61875 0.005690636316606311 0.1375
0 1.0644076564924987 28.7625 0.007759958613554061 0.225
