0 0.014705882352941176 6.523255813953488 0.022058823529411766 0.3023255813953488
0 0.109375 6.093023255813954 0.02022058823529412 0.23255813953488372
0 0.14613970588235295 6.4186046511627906 0.016544117647058824 0.23255813953488372
0 0.17463235294117646 6.348837209302325 0.01838235294117647 0.23255813953488372
0 0.22334558823529413 6.348837209302325 0.02022058823529412 0.23255813953488372
0 0.35018382352941174 6.058139534883721 0.016544117647058824 0.20930232558139536
0 0.4264705882352941 6.255813953488372 0.014705882352941176 0.23255813953488372
0 0.4117647058823529 6.255813953488372 0.014705882352941176 0.18604651162790697
0 0.42463235294117646 6.593023255813954 0.022058823529411766 0.3023255813953488
0 0.48253676470588236 6.476744186046512 0.02389705882352941 0.813953488372093
0 0.5027573529411765 6.023255813953488 0.02389705882352941 0.27906976744186046
0 0.6038602941176471 6.186046511627907 0.02022058823529412 0.23255813953488372
0 0.6213235294117647 6.244186046511628 0.01838235294117647 0.2558139534883721
0 0.6663602941176471 6.267441860465116 0.02022058823529412 0.2558139534883721
0 0.7693014705882353 6.1976744186046515 0.02389705882352941 0.3023255813953488
0 0.7996323529411765 6.372093023255814 0.022058823529411766 0.27906976744186046
0 0.9126838235294118 6.186046511627907 0.02022058823529412 0.23255813953488372
0 0.9944852941176471 6.1395348837209305 0.01838235294117647 0.27906976744186046
0 0.9577205882352942 6.313953488372093 0.022058823529411766 0.2558139534883721
