0 0.0625 0.30903790087463556 0.0698051948051948 0.11078717201166181
0 0.24512987012987014 0.3323615160349854 0.02922077922077922 0.06997084548104957
0 0.3133116883116883 0.33819241982507287 0.025974025974025976 0.05830903790087463
0 0.38636363636363635 0.27405247813411077 0.016233766233766232 0.04081632653061224
0 0.44237012987012986 0.5743440233236151 0.07305194805194805 0.15160349854227406
0 0.601461038961039 0.6443148688046647 0.0633116883116883 0.15743440233236153
0 0.5803571428571429 0.282798833819242 0.021103896103896104 0.052478134110787174
0 0.6022727272727273 0.2915451895043732 0.01948051948051948 0.04081632653061224
0 0.6461038961038961 0.29737609329446063 0.01948051948051948 0.04664723032069971
0 0.6704545454545454 0.3206997084548105 0.01948051948051948 0.04664723032069971
0 0.739448051948052 0.3104956268221574 0.030844155844155844 0.05539358600583091
0 0.9358766233766234 0.5451895043731778 0.18344155844155843 0.32653061224489793
