0 0.24601593625498008 0.9539748953974896 0.061752988047808766 0.1589958158995816
0 0.3396414342629482 1.0355648535564854 0.03386454183266932 0.07112970711297072
0 0.41932270916334663 1.0857740585774058 0.03386454183266932 0.0794979079497908
0 0.47410358565737054 1.0774058577405858 0.01593625498007968 0.03765690376569038
0 0.5059760956175299 1.0669456066945606 0.01593625498007968 0.03347280334728033
0 0.5358565737051793 1.0648535564853556 0.0199203187250996 0.04602510460251046
0 0.5826693227091634 1.209205020920502 0.037848605577689244 0.301255230125523
0 0.5428286852589641 1.0355648535564854 0.021912350597609563 0.05439330543933055
0 0.6434262948207171 0.9728033472803347 0.055776892430278883 0.13807531380753138
0 0.952191235059761 0.9037656903765691 0.09163346613545817 0.200836820083682
