0 0.19183762549105193 1.0130434782608695 0.060672195547795724 0.1855072463768116
0 0.4471846355303361 1.15 0.044085552160628545 0.15217391304347827
0 0.4845045831514622 0.8804347826086957 0.028808380619816675 0.1144927536231884
0 0.7647315582714972 0.9101449275362319 0.028808380619816675 0.11014492753623188
0 0.9759930161501528 0.9101449275362319 0.03753819292885203 0.11884057971014493
0 0.006765604539502401 0.8050724637681159 0.02400698384984723 0.12028985507246377
0 0.24618070711479703 0.9934782608695653 0.01920558707987778 0.08840579710144927
0 0.30423395896988215 1.0260869565217392 0.01920558707987778 0.08985507246376812
0 0.36381492797904846 1.0492753623188407 0.018769096464426014 0.08115942028985507
0 0.4015713662156264 1.0065217391304349 0.01920558707987778 0.08260869565217391
0 0.49781754692274116 0.9920289855072464 0.01789611523352248 0.06231884057971015
0 0.5438673068529026 1.0202898550724637 0.020951549541684853 0.08695652173913043
0 0.5862068965517241 1.0644927536231885 0.02007856831078132 0.07971014492753623
0 0.642732431252728 0.986231884057971 0.020515058926233086 0.08840579710144927
0 0.6959842863378437 1.0036231884057971 0.020515058926233086 0.1
0 0.8035792230467045 1.0115942028985507 0.022697512003491925 0.09565217391304348
0 0.817546922741161 0.7702898550724637 0.018332605848974247 0.06521739130434782
0 0.8579223046704496 0.7644927536231884 0.01789611523352248 0.06811594202898551
0 0.877782627673505 0.7028985507246377 0.018332605848974247 0.08405797101449275
0 0.9327804452204278 0.7065217391304348 0.01920558707987778 0.07101449275362319
0 0.922959406372763 0.4101449275362319 0.01789611523352248 0.06376811594202898
0 0.9637712789175032 0.25217391304347825 0.013094718463553033 0.04927536231884058
0 0.8247490178961152 0.26159420289855073 0.014404190309908338 0.07101449275362319
0 0.7859013531209079 0.31956521739130433 0.016150152771715408 0.050724637681159424
0 0.7457442164993453 0.2768115942028985 0.012658227848101266 0.057971014492753624
