0 0.06103515625 1.5863453815261044 0.0048828125 0.024096385542168676
0 0.0400390625 1.5863453815261044 0.005859375 0.024096385542168676
0 0.02685546875 1.5401606425702812 0.0048828125 0.020080321285140562
0 0.0400390625 1.6285140562248996 0.005859375 0.028112449799196786
0 0.01611328125 1.6345381526104417 0.0068359375 0.0321285140562249
0 0.1875 1.8072289156626506 0.017578125 0.0963855421686747
0 0.287109375 1.4136546184738956 0.03515625 0.13654618473895583
0 0.3046875 1.4477911646586346 0.0234375 0.10843373493975904
0 0.36181640625 1.4156626506024097 0.0244140625 0.10040160642570281
0 0.39404296875 1.4698795180722892 0.0283203125 0.1285140562248996
0 0.41162109375 1.4437751004016064 0.0205078125 0.10040160642570281
0 0.43896484375 1.4839357429718876 0.0302734375 0.1566265060240964
0 0.458984375 1.463855421686747 0.017578125 0.08433734939759036
0 0.4853515625 1.4417670682730923 0.03125 0.13654618473895583
0 0.4892578125 1.4056224899598393 0.033203125 0.1686746987951807
0 0.51953125 1.4477911646586346 0.015625 0.10040160642570281
0 0.5478515625 1.4136546184738956 0.025390625 0.13654618473895583
0 0.57861328125 1.4076305220883534 0.0224609375 0.10040160642570281
0 0.6279296875 1.3614457831325302 0.0390625 0.18473895582329317
0 0.66162109375 1.5 0.0302734375 0.13253012048192772
0 0.671875 1.4417670682730923 0.01953125 0.08032128514056225
0 0.70703125 1.429718875502008 0.029296875 0.1285140562248996
0 0.74560546875 1.4196787148594376 0.0380859375 0.14859437751004015
0 0.78515625 1.5100401606425702 0.029296875 0.1285140562248996
0 0.78564453125 1.4136546184738956 0.0244140625 0.11244979919678715
0 0.82666015625 1.5040160642570282 0.0302734375 0.13253012048192772
0 0.90673828125 1.4558232931726907 0.0458984375 0.14056224899598393
