0 0.0003779289493575208 0.426654740608229 0.030990173847316706 0.10554561717352415
0 0.021919879062736205 0.4141323792486583 0.02872260015117158 0.08050089445438283
0 0.08276643990929705 0.44633273703041143 0.034013605442176874 0.09481216457960644
0 0.11942554799697656 0.4490161001788909 0.02418745275888133 0.07871198568872988
0 0.1473922902494331 0.5161001788908766 0.042328042328042326 0.13416815742397137
0 0.17762660619803478 0.47674418604651164 0.027210884353741496 0.08765652951699464
0 0.20483749055177627 0.46153846153846156 0.02872260015117158 0.07871198568872988
0 0.23507180650037793 0.4803220035778175 0.030234315948601664 0.08407871198568873
0 0.27286470143613 0.49552772808586765 0.03476946334089191 0.1037567084078712
0 0.36961451247165533 0.4892665474060823 0.04383975812547241 0.12343470483005367
0 0.4977324263038549 0.43738819320214667 0.12471655328798185 0.370304114490161
0 0.592214663643235 0.4293381037567084 0.027966742252456538 0.06797853309481217
0 0.6432350718065004 0.4141323792486583 0.049886621315192746 0.11985688729874776
0 0.6587301587301587 0.4660107334525939 0.061224489795918366 0.1592128801431127
0 0.7392290249433107 0.5313059033989267 0.03779289493575208 0.1073345259391771
0 0.8053665910808768 0.43738819320214667 0.07331821617535904 0.16994633273703041
0 0.8922902494331065 0.45348837209302323 0.05971277399848828 0.1771019677996422
0 0.9452003023431594 0.45348837209302323 0.050642479213907785 0.11627906976744186
