0 0.11669458403126745 1.2079875518672198 0.08207705192629816 0.3412863070539419
0 0.19249022892238973 1.375 0.0678391959798995 0.29149377593361
0 0.2529313232830821 1.4823651452282158 0.056393076493579004 0.2095435684647303
0 0.24190396426577332 1.3558091286307055 0.04662199888330541 0.17219917012448133
0 0.26800670016750416 1.1301867219917012 0.056393076493579004 0.258298755186722
0 0.3713009491903964 1.2214730290456433 0.04690117252931323 0.28112033195020747
0 0.46328866554997206 1.2235477178423237 0.04829704075935232 0.23340248962655602
0 0.6094360692350642 1.0223029045643153 0.0496929089893914 0.237551867219917
0 0.5281965382467895 1.0949170124481329 0.06030150753768844 0.27282157676348545
0 0.6208821887213847 1.1727178423236515 0.05695142378559464 0.26867219917012447
0 0.7071468453378001 1.6265560165975104 0.06588498045784479 0.2925311203319502
0 0.7229201563372417 0.9450207468879668 0.06504745951982133 0.34439834024896265
0 0.8068118369625907 1.2261410788381744 0.05862646566164154 0.26348547717842324
0 0.8849804578447794 1.0803941908713692 0.07761027359017308 0.36410788381742737
0 1.0333612506979342 1.1727178423236515 0.08458961474036851 0.3578838174273859
