0 0.018307322929171668 0.7883880825057296 0.02420968387354942 0.06799083269671505
0 -0.00860344137655062 0.6107715813598167 0.009603841536614645 0.019862490450725745
0 0.013005202080832333 0.5970206264323912 0.010804321728691477 0.025210084033613446
0 0.03961584633853541 0.6006493506493507 0.012805122048819529 0.02559205500381971
0 0.09313725490196079 0.6686401833460657 0.014605842336934774 0.03552330022918258
0 0.15156062424969988 0.7175324675324676 0.018607442977190875 0.044690603514132926
0 0.1870748299319728 0.733957219251337 0.01640656262505002 0.040106951871657755
0 0.22048819527811125 0.7406417112299465 0.01720688275310124 0.04201680672268908
0 0.23149259703881553 0.7144766997708174 0.01640656262505002 0.041634835752482814
0 0.2564025610244098 0.7568754774637128 0.014205682272909163 0.033231474407944994
0 0.2739095638255302 0.7473262032085561 0.01640656262505002 0.040106951871657755
0 0.2568027210884354 0.9039343009931246 0.026210484193677473 0.06455309396485867
0 0.2812124849939976 0.8220015278838808 0.0234093637454982 0.058823529411764705
0 0.3000200080032013 0.8924751718869366 0.027410964385754303 0.06608097784568373
0 0.3242296918767507 0.8032849503437739 0.02420968387354942 0.05653170359052712
0 0.32533013205282113 0.8760504201680672 0.030012004801920768 0.0599694423223835
0 0.38915566226490594 0.9512987012987013 0.026810724289715888 0.045454545454545456
0 0.3349339735894358 1.062261268143621 0.037615046018407365 0.09014514896867838
0 0.3772509003601441 1.0781130634071812 0.0430172068827531 0.08288770053475936
0 0.40396158463385357 1.0691367456073337 0.028411364545818326 0.058059587471352175
0 0.46968787515006 0.9539724980901452 0.028611444577831133 0.06149732620320856
0 0.3553421368547419 0.6995798319327731 0.01800720288115246 0.043926661573720396
0 0.39645858343337337 0.7247899159663865 0.01020408163265306 0.027119938884644767
0 0.39995998399359745 0.7041634835752483 0.018807523009203683 0.037815126050420166
0 0.41986794717887155 0.6783804430863254 0.013405362144857944 0.03361344537815126
0 0.3948579431772709 0.6925133689839572 0.013805522208883553 0.03284950343773873
0 0.4507803121248499 0.7839954163483576 0.01800720288115246 0.043926661573720396
0 0.47799119647859145 0.7750190985485104 0.0196078431372549 0.053475935828877004
0 0.5051020408163265 0.8609625668449198 0.022609043617446978 0.058823529411764705
0 0.5625250100040016 0.9182582123758595 0.02581032412965186 0.06722689075630252
0 0.530812324929972 0.7265087853323148 0.01680672268907563 0.04354469060351413
0 0.5497198879551821 0.6917494270435447 0.013805522208883553 0.03514132925897632
0 0.4515806322529012 0.6925133689839572 0.013605442176870748 0.03208556149732621
0 0.4725890356142457 0.7148586707410237 0.01800720288115246 0.04851031321619557
0 0.49039615846338536 0.7152406417112299 0.01520608243297319 0.033231474407944994
0 0.5793317326930773 0.6722689075630253 0.014205682272909163 0.029793735676088617
0 0.5866346538615446 0.6684491978609626 0.011604641856742696 0.02826585179526356
0 0.5999399759903962 0.6699770817417876 0.013005202080832333 0.025210084033613446
0 0.6269507803121248 0.6831550802139037 0.014605842336934774 0.033231474407944994
0 0.6551620648259304 0.6925133689839572 0.014205682272909163 0.02750190985485103
0 0.6548619447779112 0.7328113063407181 0.012805122048819529 0.030939648586707412
0 0.6932773109243697 0.7100840336134454 0.015606242496998799 0.03361344537815126
0 0.7045818327330933 0.6655844155844156 0.012605042016806723 0.026355996944232237
0 0.7359943977591037 0.7033995416348358 0.010604241696678672 0.02406417112299465
0 0.7541016406562625 0.6678762414056532 0.014405762304921969 0.032467532467532464
0 0.7584033613445378 0.6567990832696715 0.012605042016806723 0.02406417112299465
0 0.7787114845938375 0.6991978609625669 0.014405762304921969 0.030175706646294882
0 0.7911164465786314 0.6829640947288006 0.01800720288115246 0.03666921313980138
0 0.8419367747098839 0.6621466768525592 0.012805122048819529 0.03170359052711994
0 0.8671468587434974 0.6029411764705882 0.008403361344537815 0.017188693659281894
0 0.8809523809523809 0.6008403361344538 0.007202881152460984 0.013750954927425516
0 0.8456382553021209 0.7351031321619557 0.016606642657062826 0.038579067990832695
0 0.8532412965186075 0.7545836516424752 0.017807122849139656 0.046218487394957986
0 0.6682673069227691 0.829449961802903 0.023209283713485393 0.06149732620320856
0 0.7524009603841537 0.9799465240641712 0.02701080432172869 0.07219251336898395
0 0.7416966786714686 0.9558823529411765 0.028811524609843937 0.06684491978609626
0 0.8975590236094437 0.8687929717341482 0.03681472589035614 0.086707410236822
0 0.8895558223289316 0.8246753246753247 0.031612645058023206 0.07868601986249045
0 0.9248699479791916 1.0993124522536286 0.09943977591036414 0.21161191749427044
0 0.14895958383353342 0.6331168831168831 0.012605042016806723 0.030175706646294882
0 0.14145658263305322 0.6468678380443086 0.009603841536614645 0.026355996944232237
0 0.13375350140056022 0.6289152024446142 0.015006002400960384 0.023300229182582125
0 0.1448579431772709 0.6101986249045073 0.012404961984793917 0.02559205500381971
0 0.17026810724289715 0.6411382734912147 0.012805122048819529 0.027119938884644767
0 0.18437374949979993 0.6676852559205501 0.013805522208883553 0.02826585179526356
0 0.1872749099639856 0.6667303284950343 0.012004801920768308 0.027119938884644767
0 0.18587434973989597 0.6417112299465241 0.012004801920768308 0.029793735676088617
0 0.2227891156462585 0.6424751718869366 0.013405362144857944 0.03437738731856379
0 0.1998799519807923 0.6000763941940412 0.013205282112845138 0.024446142093200916
0 0.2660064025610244 0.5748663101604278 0.00900360144057623 0.020626432391138275
0 0.27651060424169666 0.6888846447669977 0.014005602240896359 0.038579067990832695
0 0.27090836334533813 0.6646294881588999 0.01520608243297319 0.02826585179526356
0 0.3314325730292117 0.7127578304048893 0.015406162464985995 0.03590527119938885
0 0.3079231692677071 0.7047364400305577 0.01680672268907563 0.03437738731856379
0 0.34293717486994796 0.6925133689839572 0.01840736294517807 0.04048892284186402
0 0.3556422569027611 0.6667303284950343 0.013005202080832333 0.030939648586707412
0 0.36174469787915164 0.6377005347593583 0.014805922368947578 0.032467532467532464
0 0.45888355342136855 0.6312070282658518 0.011404561824729893 0.026355996944232237
0 0.41306522609043617 0.615546218487395 0.011004401760704281 0.02406417112299465
0 0.42366946778711484 0.6103896103896104 0.00860344137655062 0.020626432391138275
0 0.4335734293717487 0.5977845683728037 0.008403361344537815 0.020626432391138275
0 0.5047018807523009 0.6243315508021391 0.011404561824729893 0.023300229182582125
0 0.5429171668667467 0.6136363636363636 0.01020408163265306 0.02406417112299465
