0 0.8415046491969569 1.3365921787709498 0.0904480135249366 0.3100558659217877
0 0.7396449704142012 0.8310055865921788 0.07945900253592561 0.3324022346368715
0 0.6614539306846999 1.0810055865921788 0.07016060862214708 0.2681564245810056
0 0.6027049873203719 0.6480446927374302 0.07100591715976332 0.3128491620111732
0 0.5333896872358411 0.7094972067039106 0.057480980557903634 0.27932960893854747
0 0.49577345731191885 0.8533519553072626 0.08537616229923922 0.3715083798882682
0 0.3364327979712595 0.9916201117318436 0.0676246830092984 0.26256983240223464
0 0.3710904480135249 0.7513966480446927 0.052409129332206254 0.22346368715083798
0 0.20245139475908708 0.744413407821229 0.0650887573964497 0.2709497206703911
0 0.29501267962806427 0.7262569832402235 0.057480980557903634 0.2346368715083799
0 0.42223161453930685 0.6005586592178771 0.034657650042265425 0.13966480446927373
0 0.7954353338968724 0.611731843575419 0.0253592561284869 0.10614525139664804
0 0.6927303465765005 0.585195530726257 0.016060862214708368 0.07541899441340782
0 0.6394759087066779 0.7332402234636871 0.024513947590870666 0.10893854748603352
0 0.6601859678782755 0.6145251396648045 0.015215553677092139 0.055865921787709494
0 0.039729501267962805 0.6955307262569832 0.02197802197802198 0.0893854748603352
