0 0.01334106728538283 1.3688888888888888 0.024361948955916472 0.09777777777777778
0 0.058004640371229696 1.5466666666666666 0.027842227378190254 0.09777777777777778
0 0.04814385150812065 1.2533333333333334 0.019721577726218097 0.07111111111111111
0 0.12993039443155452 1.1377777777777778 0.03944315545243619 0.16
0 0.1316705336426914 1.3066666666666666 0.04988399071925754 0.18666666666666668
0 0.2111368909512761 1.2133333333333334 0.03248259860788863 0.14222222222222222
0 0.2511600928074246 1.2155555555555555 0.04524361948955916 0.2088888888888889
0 0.35730858468677495 1.2533333333333334 0.04408352668213457 0.21333333333333335
0 0.38979118329466356 1.0822222222222222 0.03944315545243619 0.2
0 0.3062645011600928 1.1822222222222223 0.025522041763341066 0.10666666666666667
0 0.4634570765661253 1.1777777777777778 0.042923433874709975 0.19555555555555557
0 0.43503480278422274 1.8044444444444445 0.05104408352668213 0.21333333333333335
0 0.509860788863109 1.1266666666666667 0.04524361948955916 0.2
0 0.6009280742459396 1.1022222222222222 0.04408352668213457 0.19555555555555557
0 0.595707656612529 1.2266666666666666 0.033642691415313224 0.18666666666666668
0 0.6734338747099768 1.1333333333333333 0.0382830626450116 0.18666666666666668
0 0.691415313225058 1.691111111111111 0.04176334106728538 0.2088888888888889
0 0.7517401392111369 1.2333333333333334 0.04176334106728538 0.19111111111111112
0 0.7975638051044084 1.2733333333333334 0.04524361948955916 0.2088888888888889
0 0.8265661252900232 1.1466666666666667 0.04988399071925754 0.21333333333333335
0 0.8915313225058005 1.1622222222222223 0.04756380510440835 0.22666666666666666
0 0.974477958236659 1.271111111111111 0.05336426914153132 0.27555555555555555
