0 0.9981481481481481 2.318840579710145 0.02345679012345679 0.18840579710144928
0 0.9635802469135802 2.4130434782608696 0.020987654320987655 0.17391304347826086
0 0.9549382716049383 2.5471014492753623 0.025925925925925925 0.13768115942028986
0 0.9092592592592592 2.289855072463768 0.025925925925925925 0.18840579710144928
0 0.9308641975308642 2.539855072463768 0.027160493827160494 0.1956521739130435
0 0.8679012345679012 2.369565217391304 0.027160493827160494 0.18840579710144928
0 0.7858024691358024 2.358695652173913 0.02345679012345679 0.15217391304347827
0 0.7518518518518519 2.25 0.0345679012345679 0.2391304347826087
0 0.7234567901234568 2.641304347826087 0.024691358024691357 0.1956521739130435
0 0.6339506172839506 2.4166666666666665 0.03333333333333333 0.2391304347826087
0 0.5703703703703704 2.528985507246377 0.05185185185185185 0.391304347826087
0 0.5148148148148148 2.9239130434782608 0.044444444444444446 0.2971014492753623
0 0.44938271604938274 2.5833333333333335 0.04938271604938271 0.32608695652173914
0 0.36604938271604937 2.4347826086956523 0.040740740740740744 0.3188405797101449
0 0.20123456790123456 2.851449275362319 0.08395061728395062 0.5
0 0.2308641975308642 2.528985507246377 0.0691358024691358 0.37681159420289856
0 0.05802469135802469 2.648550724637681 0.04938271604938271 0.35507246376811596
0 0.02962962962962963 2.608695652173913 0.03950617283950617 0.3188405797101449
