0 0.03145833333333333 2.102510460251046 0.042083333333333334 0.24686192468619247
0 0.090625 2.205020920502092 0.042083333333333334 0.2217573221757322
0 0.15645833333333334 2.1506276150627617 0.042083333333333334 0.2217573221757322
0 0.22791666666666666 2.1035564853556483 0.045 0.28661087866108786
0 0.2725 2.297071129707113 0.04 0.2510460251046025
0 0.324375 2.2594142259414225 0.04375 0.23430962343096234
0 0.391875 2.1631799163179917 0.04541666666666667 0.2510460251046025
0 0.47791666666666666 2.2248953974895396 0.0525 0.303347280334728
0 0.5504166666666667 2.1652719665271967 0.05 0.28870292887029286
0 0.6016666666666667 2.219665271966527 0.05333333333333334 0.28870292887029286
0 0.6641666666666667 1.901673640167364 0.05416666666666667 0.35564853556485354
0 0.7610416666666666 2.1610878661087867 0.06041666666666667 0.3472803347280335
0 0.8977083333333333 2.1035564853556483 0.06541666666666666 0.3786610878661088
0 0.9785416666666666 1.6328451882845187 0.06375 0.3117154811715481
0 0.8720833333333333 1.5794979079497908 0.058333333333333334 0.3138075313807531
0 0.7727083333333333 1.7468619246861925 0.052083333333333336 0.30962343096234307
0 0.6958333333333333 1.6328451882845187 0.04833333333333333 0.27824267782426776
0 0.6133333333333333 1.7280334728033473 0.04666666666666667 0.23430962343096234
0 0.555625 1.6903765690376569 0.042916666666666665 0.22594142259414227
0 0.4820833333333333 1.7656903765690377 0.0425 0.2594142259414226
0 0.4454166666666667 1.7604602510460252 0.04083333333333333 0.24476987447698745
0 0.38729166666666665 1.8598326359832635 0.04125 0.24686192468619247
0 0.33229166666666665 1.7698744769874477 0.03791666666666667 0.24267782426778242
0 0.25958333333333333 1.844142259414226 0.03833333333333333 0.21548117154811716
0 0.203125 1.7646443514644352 0.03625 0.23221757322175732
0 0.13583333333333333 1.8326359832635983 0.03833333333333333 0.2175732217573222
