0 0.7720720720720721 0.43157894736842106 0.08108108108108109 0.11789473684210526
0 0.8585585585585586 0.34842105263157896 0.08108108108108109 0.13263157894736843
0 0.8414414414414414 0.1231578947368421 0.0936936936936937 0.1368421052631579
0 0.6396396396396397 0.45052631578947366 0.07207207207207207 0.0968421052631579
0 0.5864864864864865 0.5326315789473685 0.07027027027027027 0.11368421052631579
0 0.4882882882882883 0.4652631578947368 0.08648648648648649 0.12210526315789473
0 0.34324324324324323 0.2336842105263158 0.07747747747747748 0.11789473684210526
0 0.26216216216216215 0.5789473684210527 0.06306306306306306 0.10105263157894737
0 0.2810810810810811 0.20210526315789473 0.07207207207207207 0.11368421052631579
0 0.5063063063063064 0.13263157894736843 0.06126126126126126 0.09263157894736843
0 0.14324324324324325 0.12736842105263158 0.05225225225225225 0.07789473684210527
0 0.07927927927927927 0.17789473684210527 0.05405405405405406 0.08210526315789474
