0 1.2333333333333334 2.259546539379475 0.042735042735042736 0.07517899761336516
0 0.9461538461538461 2.2511933174224343 0.05128205128205128 0.07279236276849642
0 0.9623931623931624 2.1766109785202863 0.02905982905982906 0.0477326968973747
0 0.8213675213675213 2.2523866348448687 0.044444444444444446 0.07995226730310262
0 0.7222222222222222 2.2118138424821003 0.02564102564102564 0.03937947494033413
0 0.7252136752136752 2.2136038186157516 0.029914529914529916 0.04295942720763723
0 0.8401709401709402 2.1545346062052504 0.018803418803418803 0.032219570405727926
0 0.8316239316239317 2.124105011933174 0.011965811965811967 0.016706443914081145
0 0.7871794871794872 2.113365155131265 0.020512820512820513 0.03341288782816229
0 0.5512820512820513 2.0924821002386635 0.011965811965811967 0.017899761336515514
0 0.5252136752136752 2.1079952267303104 0.011111111111111112 0.013126491646778043
0 0.497008547008547 2.091288782816229 0.01452991452991453 0.02028639618138425
0 0.5564102564102564 2.2034606205250595 0.037606837606837605 0.07279236276849642
0 0.5414529914529914 2.2321002386634845 0.04358974358974359 0.06801909307875895
0 0.40512820512820513 2.1014319809069213 0.02735042735042735 0.03818615751789976
0 0.2709401709401709 2.0954653937947496 0.03247863247863248 0.050119331742243436
0 0.2982905982905983 2.074582338902148 0.042735042735042736 0.07279236276849642
