0 0.8158967391304348 0.5353260869565217 0.058423913043478264 0.27717391304347827
0 0.8695652173913043 0.6494565217391305 0.03804347826086957 0.20108695652173914
0 0.7846467391304348 0.6521739130434783 0.036684782608695655 0.17391304347826086
0 0.686141304347826 0.6141304347826086 0.051630434782608696 0.2391304347826087
0 0.6182065217391305 0.657608695652174 0.035326086956521736 0.16304347826086957
0 0.5808423913043478 0.6739130434782609 0.042119565217391304 0.21739130434782608
0 0.4735054347826087 0.6766304347826086 0.050271739130434784 0.22282608695652173
0 0.41304347826086957 0.6494565217391305 0.04076086956521739 0.16847826086956522
0 0.38383152173913043 0.7472826086956522 0.042119565217391304 0.21195652173913043
0 0.3342391304347826 0.6820652173913043 0.05434782608695652 0.22282608695652173
0 0.27309782608695654 0.7472826086956522 0.08423913043478261 0.42934782608695654
0 0.19972826086956522 0.720108695652174 0.043478260869565216 0.19021739130434784
0 0.07880434782608696 0.6847826086956522 0.043478260869565216 0.22826086956521738
0 -0.019021739130434784 0.6521739130434783 0.09239130434782608 0.44565217391304346
0 0.5163043478260869 0.6603260869565217 0.0625 0.266304347826087
