0 0.3133159268929504 2.085889570552147 0.057441253263707574 0.3067484662576687
0 0.3629242819843342 1.9263803680981595 0.05221932114882506 0.2822085889570552
0 0.44386422976501305 1.9969325153374233 0.0391644908616188 0.26380368098159507
0 0.4869451697127937 1.6349693251533743 0.044386422976501305 0.2392638036809816
0 0.5215404699738904 1.843558282208589 0.0587467362924282 0.3006134969325153
0 0.6031331592689295 2.294478527607362 0.04960835509138381 0.3067484662576687
0 0.6011749347258486 1.7239263803680982 0.04046997389033943 0.24539877300613497
0 0.664490861618799 1.9969325153374233 0.05221932114882506 0.2883435582822086
0 0.7343342036553525 2.0276073619631902 0.048302872062663184 0.3006134969325153
0 0.6912532637075718 1.6687116564417177 0.04569190600522193 0.2822085889570552
0 0.741514360313316 1.5858895705521472 0.04960835509138381 0.27607361963190186
0 0.8328981723237598 1.9447852760736197 0.05483028720626632 0.3312883435582822
0 0.8120104438642297 1.6441717791411044 0.04960835509138381 0.26993865030674846
0 0.8629242819843342 1.607361963190184 0.044386422976501305 0.24539877300613497
0 0.9157963446475196 1.7760736196319018 0.04569190600522193 0.26380368098159507
0 0.9725848563968669 1.9662576687116564 0.05221932114882506 0.3128834355828221
0 0.9928198433420365 1.656441717791411 0.04308093994778068 0.26993865030674846
0 1.0378590078328982 1.7914110429447854 0.04699738903394256 0.26993865030674846
0 1.0881201044386424 2.104294478527607 0.05352480417754569 0.294478527607362
0 1.0659268929503916 1.7239263803680982 0.04046997389033943 0.26993865030674846
0 1.1161879895561357 1.5797546012269938 0.04699738903394256 0.22699386503067484
0 1.1455613577023498 1.7883435582822085 0.05352480417754569 0.3128834355828221
0 1.1990861618798956 2.1717791411042944 0.0639686684073107 0.3558282208588957
0 1.2565274151436032 1.9754601226993864 0.05613577023498695 0.3312883435582822
0 1.235639686684073 1.7791411042944785 0.05352480417754569 0.31901840490797545
