0 1.0962130541871922 5.1580547112462005 0.0458743842364532 0.5045592705167173
0 1.0380233990147782 5.25531914893617 0.04895320197044335 0.541033434650456
0 0.9652093596059114 5.335866261398176 0.04556650246305419 0.5683890577507599
0 0.8603756157635468 5.484802431610942 0.040948275862068964 0.513677811550152
0 0.7967980295566502 5.40273556231003 0.04064039408866995 0.5319148936170213
0 0.719365763546798 5.390577507598784 0.03910098522167488 0.5319148936170213
0 0.6557881773399015 5.498480243161095 0.04433497536945813 0.5349544072948328
0 0.5665024630541872 5.211246200607903 0.04187192118226601 0.574468085106383
0 0.47198275862068967 5.329787234042553 0.0437192118226601 0.5623100303951368
0 0.36407019704433496 5.164133738601824 0.052647783251231525 0.5957446808510638
0 0.23522167487684728 5.194528875379939 0.054187192118226604 0.5653495440729484
0 0.14301108374384236 5.592705167173253 0.04772167487684729 0.547112462006079
