0 0.022106631989596878 3.452755905511811 0.013003901170351105 0.08661417322834646
0 0.07087126137841353 3.409448818897638 0.014304291287386216 0.09448818897637795
0 0.0247074122236671 3.622047244094488 0.02860858257477243 0.2204724409448819
0 0.0929778933680104 3.452755905511811 0.032509752925877766 0.1968503937007874
0 0.10728218465539661 3.4645669291338583 0.022106631989596878 0.1732283464566929
0 0.1352405721716515 3.4448818897637796 0.010403120936280884 0.05511811023622047
0 0.17620286085825748 3.4173228346456694 0.035110533159947985 0.23622047244094488
0 0.6456436931079323 3.204724409448819 0.022106631989596878 0.1732283464566929
0 0.7893368010403121 3.5236220472440944 0.02340702210663199 0.18110236220472442
0 0.9954486345903771 3.5708661417322833 0.02990897269180754 0.18110236220472442
