0 0.6818422445738486 3.5708661417322833 0.03811540497617787 0.5748031496062992
0 0.7842773954473267 3.5393700787401574 0.04182106934886183 0.6535433070866141
0 0.8488618316569614 3.6811023622047245 0.035468501852832186 0.6062992125984252
0 0.5127051349920593 3.484251968503937 0.028057173107464268 0.5433070866141733
0 0.6008470089994706 3.6535433070866143 0.02011646373742721 0.4251968503937008
0 0.5494970884065643 3.3464566929133857 0.02541026998411858 0.4251968503937008
0 0.4602964531498147 3.2874015748031495 0.02382212811011117 0.3858267716535433
0 0.42853361566966647 3.37007874015748 0.020645844362096346 0.33070866141732286
0 0.35839068290100584 3.3149606299212597 0.02541026998411858 0.5196850393700787
0 0.39332980412916885 3.4803149606299213 0.013763896241397565 0.25196850393700787
0 0.262572789835892 3.6102362204724407 0.021175224986765485 0.30708661417322836
0 0.20725251455796717 3.4881889763779528 0.022763366860772894 0.3779527559055118
0 0.25966119640021174 3.4960629921259843 0.014293276866066702 0.2047244094488189
0 0.19878242456326098 3.3070866141732282 0.015352038115404976 0.25196850393700787
0 0.017204870301746954 3.4921259842519685 0.018528321863419798 0.2440944881889764
0 0.12758073054526203 3.452755905511811 0.015881418740074114 0.29133858267716534
0 0.08655373213340392 3.5984251968503935 0.01111699311805188 0.1889763779527559
0 0.0664372683959767 3.4448818897637796 0.012175754367390153 0.16535433070866143
0 0.11064055055584966 3.52755905511811 0.010587612493382742 0.2047244094488189
0 0.14002117522498678 3.578740157480315 0.01111699311805188 0.18110236220472442
0 0.03679195341450503 3.5393700787401574 0.008999470619375331 0.14960629921259844
0 0.0555849655902594 3.5039370078740157 0.009528851244044468 0.15748031496062992
0 1.0058231868713605 3.421259842519685 0.004235044997353097 0.07086614173228346
0 0.9812069878242456 3.4448818897637796 0.004764425622022234 0.07086614173228346
0 0.9621492853361567 3.4448818897637796 0.004764425622022234 0.08661417322834646
0 0.9420328215987295 3.4448818897637796 0.004764425622022234 0.07086614173228346
0 0.8994176813128639 3.574803149606299 0.011646373742721016 0.4251968503937008
0 0.8877713075701429 3.4606299212598426 0.004235044997353097 0.07086614173228346
0 0.9383271572260455 3.094488188976378 0.004764425622022234 0.06299212598425197
0 0.9155637903652726 3.1929133858267718 0.0037056643726839597 0.07086614173228346
0 0.9224457384859714 3.2716535433070866 0.010058231868713605 0.3543307086614173
0 0.8795659078877713 3.204724409448819 0.0037056643726839597 0.06299212598425197
0 0.8922710428798306 3.177165354330709 0.0037056643726839597 0.05511811023622047
0 0.890153520381154 3.2086614173228347 0.0037056643726839597 0.05511811023622047
0 0.8988883006881948 3.106299212598425 0.0031762837480148226 0.05511811023622047
0 0.9094759131815775 3.0866141732283463 0.0031762837480148226 0.047244094488188976
0 0.9242985706723134 3.1496062992125986 0.008470089994706194 0.2992125984251969
0 0.930651138168343 3.1535433070866143 0.009528851244044468 0.33858267716535434
0 0.8655373213340392 3.3188976377952755 0.0031762837480148226 0.05511811023622047
0 0.8250397035468502 3.4488188976377954 0.004764425622022234 0.06299212598425197
0 0.8173636844891476 3.5 0.005293806246691371 0.07086614173228346
0 0.7646903123345685 3.437007874015748 0.0037056643726839597 0.07086614173228346
0 0.7604552673372155 3.4448818897637796 0.004764425622022234 0.07086614173228346
0 0.7361037586024352 3.5039370078740157 0.0037056643726839597 0.047244094488188976
0 0.725780836421387 3.5984251968503935 0.010587612493382742 0.36220472440944884
0 0.7120169401799894 3.4645669291338583 0.004235044997353097 0.047244094488188976
0 0.7149285336156697 3.425196850393701 0.0037056643726839597 0.06299212598425197
0 0.7008999470619375 3.5551181102362204 0.010587612493382742 0.3700787401574803
0 0.6540497617787189 3.4645669291338583 0.0026469031233456856 0.047244094488188976
0 0.6484912652196929 3.606299212598425 0.009528851244044468 0.3464566929133858
0 0.6302276336686077 3.4803149606299213 0.0026469031233456856 0.047244094488188976
0 0.6148755955532027 3.5826771653543306 0.010058231868713605 0.33070866141732286
0 0.6191106405505559 3.4763779527559056 0.0037056643726839597 0.05511811023622047
0 0.5685547908946532 3.484251968503937 0.004235044997353097 0.05511811023622047
0 0.5833774483853891 3.5866141732283463 0.008470089994706194 0.30708661417322836
0 0.5876124933827422 3.4803149606299213 0.0031762837480148226 0.047244094488188976
0 0.49708840656431974 3.5826771653543306 0.007411328745367919 0.2677165354330709
0 0.49444150344097404 3.47244094488189 0.0031762837480148226 0.047244094488188976
0 0.3173636844891477 3.547244094488189 0.0037056643726839597 0.05511811023622047
0 0.3208046585494971 3.5039370078740157 0.0021175224986765486 0.031496062992125984
0 0.33668607728957123 3.594488188976378 0.005293806246691371 0.2125984251968504
0 0.2848067760719958 3.5354330708661417 0.0021175224986765486 0.031496062992125984
0 0.16013763896241398 3.562992125984252 0.0026469031233456856 0.03937007874015748
0 0.16807834833245103 3.6141732283464565 0.005823186871360508 0.2047244094488189
0 0.16463737427210165 3.6141732283464565 0.005293806246691371 0.2047244094488189
0 0.10428798305982001 3.578740157480315 0.009528851244044468 0.14960629921259844
0 0.8644785600847009 3.2007874015748032 0.0031762837480148226 0.05511811023622047
