0 0.18002988047808766 0.9248466257668712 0.04033864541832669 0.18404907975460122
0 0.2589641434262948 0.9010736196319018 0.04282868525896414 0.16104294478527606
0 0.3456175298804781 0.9133435582822086 0.036852589641434265 0.16717791411042945
0 0.4275398406374502 0.8987730061349694 0.03934262948207171 0.17484662576687116
0 0.16135458167330677 0.6641104294478528 0.045816733067729085 0.1901840490797546
0 0.2612051792828685 0.6104294478527608 0.03336653386454183 0.1411042944785276
0 0.313496015936255 0.6503067484662577 0.038346613545816734 0.15337423312883436
0 0.3618027888446215 0.5352760736196319 0.037350597609561755 0.13496932515337423
0 0.450199203187251 0.5636503067484663 0.0348605577689243 0.14570552147239263
0 0.5034860557768924 0.61579754601227 0.03187250996015936 0.1273006134969325
0 0.5612549800796812 0.5920245398773006 0.02888446215139442 0.12269938650306748
0 0.6553784860557769 0.5966257668711656 0.04183266932270916 0.15030674846625766
0 0.7263446215139442 0.5805214723926381 0.03934262948207171 0.1579754601226994
0 0.8436254980079682 0.7193251533742331 0.046812749003984064 0.15337423312883436
0 0.9043824701195219 0.6947852760736196 0.04880478087649402 0.18098159509202455
0 0.1150398406374502 0.35276073619631904 0.04183266932270916 0.15644171779141106
0 0.20443227091633467 0.32131901840490795 0.037350597609561755 0.1303680981595092
0 0.26294820717131473 0.36349693251533743 0.03187250996015936 0.13496932515337423
0 0.35756972111553786 0.3374233128834356 0.03386454183266932 0.1165644171779141
0 0.4198207171314741 0.3328220858895706 0.029880478087649404 0.11042944785276074
0 0.49028884462151395 0.31901840490797545 0.03237051792828685 0.13190184049079753
0 0.5577689243027888 0.3412576687116564 0.030876494023904383 0.1303680981595092
0 0.6362051792828686 0.4532208588957055 0.038346613545816734 0.1303680981595092
0 0.7263446215139442 0.5789877300613497 0.03934262948207171 0.1579754601226994
0 0.7816235059760956 0.38266871165644173 0.03336653386454183 0.11503067484662577
0 0.874003984063745 0.43558282208588955 0.03884462151394422 0.13496932515337423
0 0.9397410358565738 0.4700920245398773 0.04282868525896414 0.16104294478527606
0 0.02963147410358566 0.473159509202454 0.011454183266932271 0.03834355828220859
0 0.03660358565737052 0.2645705521472393 0.007470119521912351 0.029141104294478526
0 0.6459163346613546 0.21932515337423314 0.00597609561752988 0.02147239263803681
0 0.8301792828685259 0.20245398773006135 0.008964143426294821 0.03374233128834356
0 0.8573207171314741 0.2691717791411043 0.00846613545816733 0.029141104294478526
0 0.8662848605577689 0.3128834355828221 0.00846613545816733 0.03067484662576687
0 0.8095119521912351 0.2645705521472393 0.007470119521912351 0.029141104294478526
0 0.7893426294820717 0.26993865030674846 0.00796812749003984 0.027607361963190184
0 0.8949203187250996 0.2983128834355828 0.0099601593625498 0.032208588957055216
0 0.9392430278884463 0.3174846625766871 0.00796812749003984 0.024539877300613498
0 0.9255478087649402 0.3098159509202454 0.01045816733067729 0.027607361963190184
0 0.9165836653386454 0.24616564417177914 0.00846613545816733 0.029141104294478526
0 -0.0027390438247011954 0.46932515337423314 0.009462151394422311 0.03680981595092025
0 0.032619521912350596 0.4470858895705521 0.01245019920318725 0.04141104294478527
0 0.23057768924302788 0.24616564417177914 0.0069721115537848604 0.023006134969325152
0 0.41284860557768926 0.2684049079754601 0.00796812749003984 0.027607361963190184
0 0.42654382470119523 0.24616564417177914 0.00846613545816733 0.029141104294478526
0 0.8884462151394422 0.2668711656441718 0.00796812749003984 0.027607361963190184
0 0.9086155378486056 0.3006134969325153 0.009462151394422311 0.027607361963190184
0 0.9078685258964143 0.2776073619631902 0.0069721115537848604 0.024539877300613498
0 0.7983067729083665 0.28680981595092025 0.0099601593625498 0.03067484662576687
0 0.3025398406374502 0.36579754601226994 0.029382470119521914 0.1273006134969325
0 0.6645916334661355 0.34355828220858897 0.026394422310756973 0.09202453987730061
0 0.7250996015936255 0.3911042944785276 0.02390438247011952 0.08895705521472393
0 0.7965637450199203 0.19248466257668712 0.01045816733067729 0.029141104294478526
0 0.9868027888446215 0.5414110429447853 0.011454183266932271 0.04294478527607362
