0 0.1622670807453416 1.2904191616766467 0.05434782608695652 0.2934131736526946
0 0.24611801242236025 1.2365269461077844 0.06055900621118013 0.2934131736526946
0 0.32919254658385094 1.3682634730538923 0.052795031055900624 0.30538922155688625
0 0.40683229813664595 1.0658682634730539 0.059006211180124224 0.2754491017964072
0 0.4720496894409938 1.3802395209580838 0.055900621118012424 0.31736526946107785
0 0.6149068322981367 1.1616766467065869 0.059006211180124224 0.2994011976047904
0 0.735248447204969 1.2874251497005988 0.05745341614906832 0.2634730538922156
0 0.8532608695652174 1.1676646706586826 0.05745341614906832 0.31137724550898205
0 0.9658385093167702 1.1616766467065869 0.06832298136645963 0.33532934131736525
0 1.1032608695652173 1.341317365269461 0.06366459627329192 0.31137724550898205
0 0.4751552795031056 1.7724550898203593 0.06521739130434782 0.31137724550898205
0 0.6358695652173914 1.6826347305389222 0.06366459627329192 0.32335329341317365
