0 0.7016229712858927 0.8141263940520446 0.02247191011235955 0.08178438661710037
0 0.6841448189762797 0.8513011152416357 0.0449438202247191 0.17843866171003717
0 0.7784019975031211 0.8029739776951673 0.033707865168539325 0.1412639405204461
0 0.795880149812734 0.8513011152416357 0.0686641697877653 0.22304832713754646
0 0.8689138576779026 0.7602230483271375 0.06741573033707865 0.2788104089219331
0 0.9338327091136079 0.6988847583643123 0.09238451935081149 0.38661710037174724
0 1.0224719101123596 0.6579925650557621 0.12734082397003746 0.4684014869888476
0 0.581772784019975 0.8197026022304833 0.05493133583021224 0.21933085501858737
0 0.5493133583021224 0.8680297397769516 0.0599250936329588 0.25650557620817843
0 0.4363295880149813 0.8122676579925651 0.10861423220973783 0.3903345724907063
0 0.44132334581772786 0.8178438661710037 0.09612983770287141 0.3643122676579926
0 0.37265917602996257 1.016728624535316 0.13108614232209737 0.5315985130111525
0 0.20474406991260924 1.0185873605947955 0.1822721598002497 0.8104089219330854
0 0.10736579275905118 0.6486988847583643 0.04244694132334582 0.15985130111524162
