0 0.5457957957957958 1.3480176211453745 0.1036036036036036 0.33480176211453744
0 0.33783783783783783 1.1541850220264318 0.07807807807807808 0.2026431718061674
0 0.8506006006006006 0.6475770925110133 0.03453453453453453 0.13215859030837004
0 0.6906906906906907 0.6806167400881057 0.018018018018018018 0.06607929515418502
0 0.6216216216216216 0.6629955947136564 0.021021021021021023 0.07488986784140969
0 0.5728228228228228 0.6629955947136564 0.04054054054054054 0.11894273127753303
0 0.5773273273273273 0.6519823788546255 0.028528528528528527 0.0881057268722467
0 0.6126126126126126 0.6211453744493393 0.021021021021021023 0.07048458149779736
0 0.4797297297297297 0.6101321585903083 0.016516516516516516 0.048458149779735685
0 0.5067567567567568 0.6365638766519823 0.01951951951951952 0.05726872246696035
0 0.53003003003003 0.6101321585903083 0.015015015015015015 0.048458149779735685
0 0.9977477477477478 0.5638766519823789 0.025525525525525526 0.09691629955947137
