0 0.18109339407744876 1.3695928753180662 0.03781321184510251 0.10305343511450382
0 0.2685649202733485 1.1991094147582697 0.027790432801822324 0.08015267175572519
0 0.25899772209567196 1.0642493638676844 0.02232346241457859 0.07760814249363868
0 0.1927107061503417 0.8530534351145038 0.021867881548974944 0.04961832061068702
0 0.25125284738041004 0.8587786259541985 0.01867881548974943 0.05343511450381679
0 0.24943052391799544 0.7811704834605598 0.015034168564920273 0.04071246819338423
0 0.29248291571753987 0.7506361323155216 0.01457858769931663 0.04580152671755725
0 0.32687927107061504 0.7067430025445293 0.011389521640091117 0.039440203562340966
0 0.36332574031890663 0.8288804071246819 0.012300683371298405 0.03689567430025445
0 0.0387243735763098 0.789440203562341 0.019134396355353075 0.054707379134860054
0 0.07995444191343963 0.8008905852417303 0.01867881548974943 0.054707379134860054
0 0.10501138952164009 0.7296437659033079 0.01685649202733485 0.044529262086514
0 0.22801822323462415 0.666030534351145 0.012300683371298405 0.039440203562340966
0 0.25626423690205014 0.6393129770992366 0.009567198177676537 0.03689567430025445
0 0.47266514806378135 1.078880407124682 0.02232346241457859 0.07633587786259542
0 0.4697038724373576 0.8918575063613231 0.018223234624145785 0.06361323155216285
0 0.503872437357631 0.9344783715012722 0.018223234624145785 0.0648854961832061
0 0.541002277904328 0.9783715012722646 0.025968109339407745 0.08142493638676845
0 0.7505694760820045 1.160941475826972 0.03690205011389522 0.09541984732824428
0 0.9690205011389522 0.7086513994910941 0.020956719817767654 0.04834605597964377
0 0.9496583143507973 0.6513994910941476 0.015034168564920273 0.04580152671755725
0 0.9612756264236902 0.7099236641221374 0.01184510250569476 0.04071246819338423
0 0.8624145785876993 0.6730279898218829 0.01275626423690205 0.035623409669211195
0 0.7849658314350797 0.6730279898218829 0.01275626423690205 0.035623409669211195
0 0.7571753986332574 0.712468193384224 0.01366742596810934 0.03816793893129771
0 0.7027334851936219 0.6151399491094147 0.011389521640091117 0.031806615776081425
0 0.6822323462414579 0.6176844783715013 0.009567198177676537 0.029262086513994912
0 0.6309794988610479 0.5629770992366412 0.007289293849658315 0.026717557251908396
0 0.6175398633257403 0.5725190839694656 0.008656036446469248 0.02544529262086514
0 0.5986332574031891 0.6081424936386769 0.008200455580865604 0.027989821882951654
0 0.6070615034168565 0.5782442748091603 0.007744874715261959 0.026717557251908396
0 0.6072892938496584 0.5515267175572519 0.008200455580865604 0.026717557251908396
0 0.5913439635535308 0.5756997455470738 0.010022779043280182 0.026717557251908396
0 0.5924829157175399 0.55470737913486 0.00683371298405467 0.022900763358778626
0 0.5772209567198178 0.5877862595419847 0.009111617312072893 0.035623409669211195
0 0.5615034168564921 0.5788804071246819 0.008656036446469248 0.030534351145038167
0 0.5542141230068337 0.5776081424936387 0.007744874715261959 0.02544529262086514
0 0.5728929384965832 0.5578880407124682 0.007744874715261959 0.024173027989821884
0 0.5835990888382688 0.5413486005089059 0.007289293849658315 0.019083969465648856
0 0.5612756264236902 0.5298982188295165 0.006378132118451025 0.021628498727735368
0 0.5451025056947608 0.5356234096692112 0.00683371298405467 0.020356234096692113
0 0.5343963553530752 0.5438931297709924 0.008200455580865604 0.024173027989821884
0 0.5259681093394077 0.5388040712468194 0.005011389521640091 0.019083969465648856
0 0.515489749430524 0.5209923664122137 0.007744874715261959 0.024173027989821884
0 0.5120728929384966 0.5451653944020356 0.008200455580865604 0.026717557251908396
0 0.4970387243735763 0.5508905852417303 0.006378132118451025 0.017811704834605598
0 0.4633257403189066 0.544529262086514 0.008200455580865604 0.02544529262086514
0 0.46378132118451026 0.5197201017811705 0.005466970387243736 0.019083969465648856
0 0.4416856492027335 0.5050890585241731 0.00592255125284738 0.017811704834605598
0 0.43507972665148065 0.5184478371501272 0.006378132118451025 0.019083969465648856
0 0.4218678815489749 0.5178117048346056 0.006378132118451025 0.017811704834605598
0 0.4009111617312073 0.5235368956743003 0.005466970387243736 0.019083969465648856
0 0.37494305239179954 0.4961832061068702 0.005466970387243736 0.015267175572519083
0 0.3501138952164009 0.49872773536895676 0.00592255125284738 0.015267175572519083
0 0.3523917995444191 0.48346055979643765 0.004100227790432802 0.015267175572519083
0 1.0018223234624146 0.5038167938931297 0.008200455580865604 0.020356234096692113
0 1.0195899772209567 0.4688295165394402 0.010022779043280182 0.021628498727735368
0 0.08132118451025057 0.7665394402035624 0.014123006833712985 0.03689567430025445
0 0.05694760820045558 0.7627226463104325 0.020045558086560365 0.044529262086514
0 0.05466970387243736 0.727735368956743 0.015489749430523917 0.03816793893129771
0 0.04783599088838269 0.6978371501272265 0.01457858769931663 0.03435114503816794
0 0.08678815489749431 0.732824427480916 0.015034168564920273 0.04580152671755725
0 0.08952164009111617 0.6921119592875318 0.013211845102505695 0.035623409669211195
0 0.029612756264236904 0.6711195928753181 0.010022779043280182 0.029262086513994912
0 0.0489749430523918 0.6628498727735369 0.013211845102505695 0.03307888040712468
0 0.04965831435079727 0.6259541984732825 0.009111617312072893 0.022900763358778626
0 0.06947608200455581 0.6164122137404581 0.011389521640091117 0.029262086513994912
0 0.04624145785876993 0.5731552162849872 0.00592255125284738 0.019083969465648856
0 0.07403189066059225 0.5846055979643766 0.00683371298405467 0.019083969465648856
0 0.06719817767653759 0.55470737913486 0.00683371298405467 0.020356234096692113
0 0.24236902050113895 0.6844783715012722 0.008200455580865604 0.022900763358778626
0 0.24054669703872436 0.6647582697201018 0.008200455580865604 0.026717557251908396
0 0.23599088838268792 0.5852417302798982 0.007289293849658315 0.022900763358778626
0 0.22938496583143508 0.5788804071246819 0.00683371298405467 0.020356234096692113
0 0.19043280182232347 0.5458015267175572 0.008200455580865604 0.017811704834605598
0 0.17380410022779044 0.55470737913486 0.00592255125284738 0.017811704834605598
0 0.16765375854214123 0.5515267175572519 0.006378132118451025 0.019083969465648856
0 0.1560364464692483 0.5419847328244275 0.00592255125284738 0.015267175572519083
0 0.17289293849658313 0.5337150127226463 0.005011389521640091 0.01653944020356234
0 0.179498861047836 0.5267175572519084 0.005466970387243736 0.015267175572519083
0 0.28633257403189066 0.7321882951653944 0.012300683371298405 0.03689567430025445
0 0.293621867881549 0.6800254452926209 0.012300683371298405 0.03435114503816794
0 0.2947608200455581 0.6596692111959288 0.010933940774487472 0.03435114503816794
