0 0.904532967032967 4.62 0.03159340659340659 0.30666666666666664
0 0.9223901098901099 4.56 0.028846153846153848 0.3466666666666667
0 0.9848901098901099 4.3133333333333335 0.02197802197802198 0.22666666666666666
0 0.885989010989011 4.466666666666667 0.019230769230769232 0.21333333333333335
0 0.9340659340659341 4.36 0.019230769230769232 0.18666666666666668
0 0.9656593406593407 4.253333333333333 0.013736263736263736 0.13333333333333333
0 0.9271978021978022 3.973333333333333 0.01098901098901099 0.10666666666666667
0 0.970467032967033 4.093333333333334 0.020604395604395604 0.4266666666666667
0 0.7973901098901099 4.066666666666666 0.012362637362637362 0.13333333333333333
0 0.7671703296703297 4.44 0.028846153846153848 0.4
0 0.7520604395604396 4.266666666666667 0.017857142857142856 0.13333333333333333
0 0.7541208791208791 4.44 0.024725274725274724 0.24
0 0.7252747252747253 4.093333333333334 0.008241758241758242 0.08
0 0.7589285714285714 4.086666666666667 0.006868131868131868 0.06666666666666667
0 0.7019230769230769 4.333333333333333 0.01098901098901099 0.10666666666666667
0 0.6847527472527473 4.486666666666666 0.01510989010989011 0.14666666666666667
0 0.6648351648351648 4.426666666666667 0.013736263736263736 0.18666666666666668
0 0.6043956043956044 4.733333333333333 0.03021978021978022 0.29333333333333333
0 0.5947802197802198 4.58 0.02197802197802198 0.22666666666666666
0 0.6263736263736264 4.413333333333333 0.013736263736263736 0.13333333333333333
0 0.6648351648351648 4.093333333333334 0.008241758241758242 0.08
0 0.6291208791208791 4.166666666666667 0.008241758241758242 0.09333333333333334
0 0.5336538461538461 4.506666666666667 0.020604395604395604 0.21333333333333335
0 0.47802197802197804 4.6466666666666665 0.02197802197802198 0.25333333333333335
0 0.37774725274725274 4.673333333333333 0.024725274725274724 0.28
0 0.5020604395604396 4.58 0.020604395604395604 0.2
0 0.41483516483516486 4.14 0.016483516483516484 0.17333333333333334
0 0.45604395604395603 4.46 0.013736263736263736 0.17333333333333334
0 0.47046703296703296 4.453333333333333 0.012362637362637362 0.13333333333333333
0 0.30357142857142855 4.673333333333333 0.019230769230769232 0.2
0 0.33379120879120877 4.48 0.013736263736263736 0.16
0 0.37774725274725274 4.246666666666667 0.01098901098901099 0.12
0 0.36813186813186816 4.206666666666667 0.008241758241758242 0.09333333333333334
0 0.4175824175824176 4.466666666666667 0.016483516483516484 0.16
0 0.3873626373626374 4.593333333333334 0.019230769230769232 0.2
0 0.017170329670329672 4.54 0.01510989010989011 0.14666666666666667
