0 0.7321428571428571 1.8756097560975609 0.07142857142857142 0.6780487804878049
0 0.4650974025974026 1.9268292682926829 0.06818181818181818 0.6341463414634146
0 0.2869318181818182 1.6804878048780487 0.05113636363636364 0.43414634146341463
0 0.08603896103896104 1.5439024390243903 0.056818181818181816 0.375609756097561
0 0.18344155844155843 1.524390243902439 0.027597402597402596 0.2
0 0.262987012987013 1.4682926829268292 0.021103896103896104 0.13658536585365855
0 0.3242694805194805 1.524390243902439 0.013798701298701298 0.09268292682926829
0 0.3612012987012987 1.3707317073170733 0.02922077922077922 0.2146341463414634
0 0.3900162337662338 1.3829268292682926 0.013798701298701298 0.12195121951219512
0 0.40584415584415584 1.4317073170731707 0.00974025974025974 0.07317073170731707
0 0.419237012987013 1.3756097560975609 0.010551948051948052 0.07804878048780488
0 0.49310064935064934 1.3902439024390243 0.013798701298701298 0.0975609756097561
0 0.43709415584415584 1.3707317073170733 0.015422077922077922 0.12682926829268293
0 0.44155844155844154 1.446341463414634 0.025974025974025976 0.1902439024390244
0 0.515422077922078 1.3902439024390243 0.025974025974025976 0.17560975609756097
0 0.5458603896103896 1.6390243902439023 0.025162337662337664 0.1951219512195122
0 0.536525974025974 1.4195121951219511 0.012987012987012988 0.07804878048780488
0 0.5551948051948052 1.3829268292682926 0.017857142857142856 0.14146341463414633
0 0.5693993506493507 1.3390243902439025 0.013798701298701298 0.1024390243902439
0 0.6087662337662337 1.4146341463414633 0.024350649350649352 0.15609756097560976
0 0.6136363636363636 1.3073170731707318 0.017857142857142856 0.12682926829268293
0 0.640422077922078 1.3097560975609757 0.016233766233766232 0.12195121951219512
0 0.661525974025974 1.3365853658536586 0.008116883116883116 0.05853658536585366
0 0.6241883116883117 1.4048780487804877 0.030844155844155844 0.22439024390243903
0 0.6842532467532467 1.4146341463414633 0.022727272727272728 0.14634146341463414
0 0.7195616883116883 1.4 0.012175324675324676 0.08780487804878048
0 0.752435064935065 1.2804878048780488 0.011363636363636364 0.07317073170731707
0 0.726461038961039 1.4121951219512194 0.02922077922077922 0.23902439024390243
0 0.78125 1.353658536585366 0.013798701298701298 0.1024390243902439
0 0.8336038961038961 1.324390243902439 0.01948051948051948 0.15121951219512195
0 0.8486201298701299 1.397560975609756 0.010551948051948052 0.06341463414634146
0 0.8656655844155844 1.4268292682926829 0.018668831168831168 0.12195121951219512
0 0.9176136363636364 1.4585365853658536 0.0349025974025974 0.2634146341463415
0 0.9598214285714286 1.4439024390243902 0.033279220779220776 0.2146341463414634
0 1.0474837662337662 1.5170731707317073 0.020292207792207792 0.14634146341463414
