0 0.6507874015748032 0.8276553106212425 0.0984251968503937 0.27655310621242485
0 0.5023622047244094 0.9348697394789579 0.09921259842519685 0.3026052104208417
0 0.3531496062992126 0.8927855711422845 0.0984251968503937 0.2865731462925852
0 0.10748031496062992 0.9709418837675351 0.1015748031496063 0.27054108216432865
0 0.09645669291338582 0.7074148296593187 0.1 0.2965931863727455
0 0.26456692913385826 0.7114228456913828 0.07716535433070866 0.22845691382765532
0 0.28937007874015747 0.8707414829659319 0.08110236220472442 0.24248496993987975
0 0.32598425196850395 0.687374749498998 0.08976377952755905 0.22444889779559118
0 0.4141732283464567 0.8276553106212425 0.09921259842519685 0.28857715430861725
0 0.9661417322834646 0.3486973947895792 0.07716535433070866 0.22044088176352705
0 0.7279527559055118 0.37975951903807614 0.09685039370078741 0.35470941883767537
0 0.7838582677165354 0.24348697394789579 0.08425196850393701 0.2745490981963928
0 0.9019685039370079 0.47695390781563124 0.03858267716535433 0.07214428857715431
0 0.6535433070866141 0.3587174348697395 0.06141732283464567 0.16032064128256512
0 0.5322834645669291 0.32665330661322645 0.06141732283464567 0.16432865731462926
0 0.528740157480315 0.24348697394789579 0.04330708661417323 0.12625250501002003
0 0.3937007874015748 0.2695390781563126 0.06614173228346457 0.19438877755511022
0 0.46062992125984253 0.3456913827655311 0.06771653543307087 0.22244488977955912
0 0.33070866141732286 0.3396793587174349 0.05669291338582677 0.17835671342685372
0 0.21968503937007874 0.56312625250501 0.031496062992125984 0.09619238476953908
0 0.24488188976377953 0.5621242484969939 0.029921259842519685 0.09018036072144289
0 0.2783464566929134 0.4228456913827655 0.02125984251968504 0.06012024048096192
0 0.24015748031496062 0.42985971943887774 0.02047244094488189 0.07014028056112225
0 0.234251968503937 0.5130260521042084 0.029133858267716535 0.0841683366733467
0 0.15748031496062992 0.40180360721442887 0.02047244094488189 0.05811623246492986
0 0.13503937007874015 0.5721442885771543 0.03385826771653543 0.09819639278557114
0 0.10826771653543307 0.4248496993987976 0.02125984251968504 0.06012024048096192
0 0.09173228346456692 0.4348697394789579 0.01653543307086614 0.052104208416833664
0 0.06023622047244095 0.4318637274549098 0.01968503937007874 0.05410821643286573
0 0.018503937007874015 0.4258517034068136 0.01811023622047244 0.05410821643286573
0 0.19724409448818897 0.5350701402805611 0.013385826771653543 0.036072144288577156
