0 0.816147859922179 0.23639455782312926 0.07392996108949416 0.1360544217687075
0 0.9708171206225681 0.22023809523809523 0.058365758754863814 0.11734693877551021
0 0.7490272373540856 0.4387755102040816 0.02529182879377432 0.04421768707482993
0 0.47324902723735407 0.4532312925170068 0.07490272373540856 0.15136054421768708
0 0.33900778210116733 0.54421768707483 0.08073929961089495 0.1326530612244898
0 0.41293774319066145 0.5654761904761905 0.07684824902723736 0.1445578231292517
0 0.4100194552529183 0.4336734693877551 0.06906614785992218 0.1326530612244898
0 0.26313229571984437 0.782312925170068 0.03404669260700389 0.061224489795918366
0 0.08365758754863813 0.8698979591836735 0.05058365758754864 0.09013605442176871
0 0.13861867704280156 0.858843537414966 0.04377431906614786 0.0782312925170068
0 0.19844357976653695 0.83078231292517 0.027237354085603113 0.05952380952380952
0 0.6765564202334631 0.5136054421768708 0.014591439688715954 0.034013605442176874
0 0.828307392996109 0.4302721088435374 0.016536964980544747 0.027210884353741496
0 0.6999027237354085 0.5008503401360545 0.01848249027237354 0.0391156462585034
0 0.7227626459143969 0.4906462585034014 0.013618677042801557 0.02891156462585034
0 0.6454280155642024 0.5340136054421769 0.01848249027237354 0.03741496598639456
0 0.8297665369649806 0.5527210884353742 0.0933852140077821 0.16666666666666666
0 0.767023346303502 0.45153061224489793 0.01848249027237354 0.0391156462585034
0 0.35068093385214005 0.467687074829932 0.06906614785992218 0.13945578231292516
