0 0.6560353287536801 0.737012987012987 0.004906771344455349 0.025974025974025976
0 0.6722276741903828 1.0892857142857142 0.007850834151128557 0.02922077922077922
0 0.6427870461236507 1.0795454545454546 0.009813542688910697 0.04220779220779221
0 0.6015701668302257 1.0146103896103895 0.015701668302257114 0.06168831168831169
0 0.5799803729146222 1.0178571428571428 0.015701668302257114 0.06818181818181818
0 0.5515210991167812 0.9707792207792207 0.017664376840039256 0.07792207792207792
0 0.9931305201177625 1.0827922077922079 0.013738959764474975 0.048701298701298704
0 0.9730127576054955 1.0746753246753247 0.014720314033366046 0.05194805194805195
0 1.0206084396467126 1.073051948051948 0.011776251226692836 0.04220779220779221
0 1.0269872423945043 1.0876623376623376 0.010794896957801767 0.032467532467532464
0 0.10009813542688911 1.0324675324675325 0.019627085377821395 0.07792207792207792
0 0.15947006869479882 1.0665584415584415 0.014720314033366046 0.048701298701298704
0 0.19823356231599606 1.0324675324675325 0.015701668302257114 0.06493506493506493
0 0.2252208047105005 1.0243506493506493 0.018645731108930325 0.06168831168831169
0 0.8532875368007851 0.702922077922078 0.06378802747791953 0.22402597402597402
0 0.8935230618253189 0.5373376623376623 0.08930323846908735 0.3538961038961039
0 0.05103042198233562 0.9253246753246753 0.03729146221786065 0.11688311688311688
0 0.14573110893032384 0.9642857142857143 0.03042198233562316 0.09740259740259741
0 0.22178606476938176 0.9756493506493507 0.02747791952894995 0.09415584415584416
0 0.27428851815505395 0.974025974025974 0.02453385672227674 0.08441558441558442
0 0.3140333660451423 0.987012987012987 0.023552502453385672 0.08441558441558442
0 0.3577036310107949 1.0113636363636365 0.020608439646712464 0.06168831168831169
0 0.38518155053974484 1.0129870129870129 0.016683022571148183 0.05844155844155844
0 0.4111874386653582 1.0227272727272727 0.015701668302257114 0.05844155844155844
0 0.43326790971540724 1.0357142857142858 0.014720314033366046 0.05194805194805195
0 0.450441609421001 1.0422077922077921 0.013738959764474975 0.045454545454545456
0 0.4656526005888126 1.0487012987012987 0.012757605495583905 0.05194805194805195
0 0.48086359175662413 1.0568181818181819 0.011776251226692836 0.048701298701298704
0 0.4955839057899902 1.0568181818181819 0.011776251226692836 0.05519480519480519
0 0.5078508341511285 1.0633116883116882 0.012757605495583905 0.048701298701298704
0 0.5235525024533857 1.0811688311688312 0.010794896957801767 0.045454545454545456
