0 0.0418552036199095 0.8132530120481928 0.038461538461538464 0.11646586345381527
0 0.07918552036199095 0.751004016064257 0.029411764705882353 0.10441767068273092
0 0.2002262443438914 0.7610441767068273 0.024886877828054297 0.10040160642570281
0 0.25565610859728505 0.8012048192771084 0.033936651583710405 0.11646586345381527
0 0.1504524886877828 1.0080321285140563 0.07239819004524888 0.3132530120481928
0 0.14875565610859728 1.0080321285140563 0.0757918552036199 0.321285140562249
0 0.3393665158371041 0.4979919678714859 0.04524886877828054 0.1686746987951807
0 0.4688914027149321 1.1987951807228916 0.09615384615384616 0.42971887550200805
0 0.7890271493212669 1.0160642570281124 0.08031674208144797 0.2891566265060241
0 0.6849547511312217 0.8694779116465864 0.06900452488687783 0.26104417670682734
0 0.36821266968325794 0.9216867469879518 0.06221719457013575 0.26104417670682734
0 0.5492081447963801 0.7228915662650602 0.019230769230769232 0.07228915662650602
0 0.5763574660633484 0.7048192771084337 0.014705882352941176 0.060240963855421686
0 0.5984162895927602 0.7048192771084337 0.01809954751131222 0.07630522088353414
0 0.6351809954751131 0.7309236947791165 0.023755656108597284 0.08835341365461848
0 0.8269230769230769 0.8313253012048193 0.042986425339366516 0.1686746987951807
0 0.8744343891402715 0.7409638554216867 0.03619909502262444 0.12449799196787148
0 0.994343891402715 0.7690763052208835 0.05656108597285068 0.1646586345381526
0 0.9383484162895928 0.7409638554216867 0.02828054298642534 0.10040160642570281
0 0.623868778280543 0.6987951807228916 0.014705882352941176 0.0642570281124498
