0 0.948252688172043 1.1944444444444444 0.0228494623655914 0.07142857142857142
0 1.01747311827957 1.123015873015873 0.024193548387096774 0.1746031746031746
0 0.9858870967741935 1.0337301587301588 0.01478494623655914 0.051587301587301584
0 0.9254032258064516 1.0734126984126984 0.01478494623655914 0.04365079365079365
0 0.8407258064516129 1.0575396825396826 0.012096774193548387 0.04365079365079365
0 0.8091397849462365 1.0813492063492063 0.010752688172043012 0.03571428571428571
0 0.3467741935483871 1.0793650793650793 0.010752688172043012 0.031746031746031744
0 0.8185483870967742 1.1349206349206349 0.016129032258064516 0.1984126984126984
0 0.3272849462365591 1.0892857142857142 0.009408602150537635 0.027777777777777776
0 0.28091397849462363 1.0813492063492063 0.008064516129032258 0.027777777777777776
0 0.28225806451612906 1.0813492063492063 0.013440860215053764 0.03571428571428571
0 0.24865591397849462 1.0773809523809523 0.010752688172043012 0.027777777777777776
0 0.15793010752688172 1.132936507936508 0.020161290322580645 0.15476190476190477
0 0.12096774193548387 1.0952380952380953 0.010752688172043012 0.023809523809523808
0 0.10349462365591398 1.0892857142857142 0.008064516129032258 0.027777777777777776
0 0.11424731182795698 1.130952380952381 0.013440860215053764 0.12698412698412698
0 0.13440860215053763 1.0992063492063493 0.021505376344086023 0.1111111111111111
0 0.07997311827956989 1.0892857142857142 0.006720430107526882 0.01984126984126984
0 0.06989247311827956 1.117063492063492 0.013440860215053764 0.13095238095238096
0 0.05241935483870968 1.0873015873015872 0.005376344086021506 0.023809523809523808
0 0.0396505376344086 1.1408730158730158 0.020161290322580645 0.14682539682539683
