0 0.3905996758508914 3.38659793814433 0.014586709886547812 0.12371134020618557
0 0.3999189627228525 3.3221649484536084 0.012155591572123177 0.10824742268041238
0 0.4473257698541329 3.3170103092783507 0.01620745542949757 0.13917525773195877
0 0.4874392220421394 3.304123711340206 0.013776337115072933 0.1134020618556701
0 0.5429497568881686 3.554123711340206 0.019448946515397084 0.12886597938144329
0 0.5850891410048622 3.466494845360825 0.01620745542949757 0.11855670103092783
0 0.6073743922204214 3.3530927835051547 0.01053484602917342 0.07731958762886598
0 0.5822528363047001 3.3737113402061856 0.01053484602917342 0.06701030927835051
0 0.6414100486223663 3.6211340206185567 0.028363047001620744 0.5309278350515464
0 0.6831442463533225 3.365979381443299 0.012965964343598054 0.1134020618556701
0 0.8209076175040518 3.497422680412371 0.014586709886547812 0.08762886597938144
0 1.0255267423014587 3.38659793814433 0.01053484602917342 0.061855670103092786
