0 0.9880636604774535 3.386904761904762 0.015915119363395226 0.13095238095238096
0 0.9588859416445623 3.482142857142857 0.007957559681697613 0.08333333333333333
0 0.9270557029177718 3.4523809523809526 0.007957559681697613 0.09523809523809523
0 0.8839522546419099 3.4345238095238093 0.011936339522546418 0.10714285714285714
0 0.870026525198939 3.4464285714285716 0.010610079575596816 0.10714285714285714
0 0.8454907161803713 3.4285714285714284 0.011936339522546418 0.11904761904761904
0 0.35809018567639256 4.178571428571429 0.029177718832891247 0.2857142857142857
0 0.3103448275862069 3.4761904761904763 0.023872679045092837 0.23809523809523808
0 0.0709549071618037 3.5 0.009283819628647215 0.11904761904761904
0 0.04840848806366048 3.5654761904761907 0.011936339522546418 0.13095238095238096
