0 0.8513719512195121 0.8893805309734514 0.06554878048780488 0.168141592920354
0 0.7240853658536586 1.0 0.054878048780487805 0.13569321533923304
0 0.6021341463414634 0.9306784660766961 0.06097560975609756 0.13864306784660768
0 0.4809451219512195 0.9616519174041298 0.053353658536585365 0.12979351032448377
0 0.3490853658536585 0.9616519174041298 0.054878048780487805 0.12389380530973451
0 0.23246951219512196 1.0029498525073746 0.06554878048780488 0.1415929203539823
0 0.12271341463414634 0.9601769911504425 0.053353658536585365 0.12094395280235988
0 -0.004573170731707317 0.9616519174041298 0.04878048780487805 0.11799410029498525
0 0.039634146341463415 0.7772861356932154 0.054878048780487805 0.12094395280235988
0 0.12728658536585366 0.859882005899705 0.04420731707317073 0.10324483775811209
0 0.20503048780487804 0.8126843657817109 0.04725609756097561 0.10914454277286136
0 0.2995426829268293 0.7610619469026548 0.04725609756097561 0.11799410029498525
0 0.40396341463414637 0.803834808259587 0.04878048780487805 0.10914454277286136
0 0.4946646341463415 0.8023598820058997 0.04725609756097561 0.11209439528023599
0 0.6021341463414634 0.7212389380530974 0.054878048780487805 0.13864306784660768
0 0.7126524390243902 0.7581120943952803 0.04725609756097561 0.11799410029498525
0 0.8117378048780488 0.696165191740413 0.05945121951219512 0.12979351032448377
0 0.9336890243902439 0.7536873156342183 0.05030487804878049 0.11504424778761062
0 0.9245426829268293 0.5117994100294986 0.05030487804878049 0.11504424778761062
0 0.8399390243902439 0.6312684365781711 0.04573170731707317 0.10619469026548672
0 0.7324695121951219 0.5796460176991151 0.04420731707317073 0.10914454277286136
0 0.6349085365853658 0.6268436578171092 0.04725609756097561 0.10914454277286136
0 0.5503048780487805 0.5973451327433629 0.04573170731707317 0.10324483775811209
0 0.45960365853658536 0.6489675516224189 0.04420731707317073 0.0943952802359882
0 0.3643292682926829 0.6076696165191741 0.042682926829268296 0.10619469026548672
0 0.2652439024390244 0.6710914454277286 0.042682926829268296 0.10914454277286136
0 0.17759146341463414 0.6430678466076696 0.04725609756097561 0.10619469026548672
0 0.08841463414634146 0.640117994100295 0.04573170731707317 0.11209439528023599
0 0.025914634146341462 0.6386430678466076 0.04573170731707317 0.10324483775811209
0 0.06783536585365854 0.5501474926253688 0.038109756097560975 0.09144542772861357
0 0.1722560975609756 0.523598820058997 0.039634146341463415 0.09144542772861357
0 0.25990853658536583 0.5471976401179941 0.041158536585365856 0.09144542772861357
0 0.3475609756097561 0.4837758112094395 0.036585365853658534 0.08849557522123894
0 0.4336890243902439 0.5103244837758112 0.041158536585365856 0.0943952802359882
0 0.5213414634146342 0.4882005899705015 0.036585365853658534 0.09144542772861357
0 0.6097560975609756 0.4823008849557522 0.039634146341463415 0.09734513274336283
0 0.7019817073170732 0.41150442477876104 0.041158536585365856 0.10324483775811209
0 0.8086890243902439 0.45870206489675514 0.04725609756097561 0.10914454277286136
0 0.8948170731707317 0.3893805309734513 0.04573170731707317 0.0943952802359882
0 0.8971036585365854 0.2949852507374631 0.041158536585365856 0.10619469026548672
0 0.7949695121951219 0.2994100294985251 0.041158536585365856 0.10324483775811209
0 0.6935975609756098 0.3053097345132743 0.036585365853658534 0.0855457227138643
0 0.6082317073170732 0.3584070796460177 0.039634146341463415 0.09144542772861357
0 0.5297256097560976 0.33480825958702065 0.041158536585365856 0.09734513274336283
0 0.4481707317073171 0.37315634218289084 0.03353658536585366 0.09144542772861357
0 0.3666158536585366 0.39085545722713866 0.0350609756097561 0.09144542772861357
0 0.2934451219512195 0.3893805309734513 0.038109756097560975 0.08849557522123894
0 0.2149390243902439 0.37610619469026546 0.039634146341463415 0.09144542772861357
0 0.12271341463414634 0.4424778761061947 0.038109756097560975 0.08849557522123894
0 0.041920731707317076 0.42035398230088494 0.038109756097560975 0.0855457227138643
