0 0.9854070660522274 4.816666666666666 0.029185867895545316 0.9333333333333333
0 0.9715821812596006 4.4 0.010752688172043012 0.13333333333333333
0 0.8748079877112135 4.541666666666667 0.010752688172043012 0.15
0 0.8625192012288786 4.425 0.010752688172043012 0.11666666666666667
0 0.8095238095238095 4.725 0.02457757296466974 0.6166666666666667
0 0.7764976958525346 4.55 0.007680491551459293 0.1
0 0.7542242703533026 4.55 0.009216589861751152 0.1
0 0.7680491551459293 4.475 0.009216589861751152 0.08333333333333333
0 0.7757296466973886 4.558333333333334 0.006144393241167435 0.08333333333333333
0 0.7135176651305684 4.483333333333333 0.016897081413210446 0.16666666666666666
0 0.5852534562211982 4.425 0.021505376344086023 0.25
0 0.6044546850998463 4.541666666666667 0.016897081413210446 0.18333333333333332
0 0.5476190476190477 4.466666666666667 0.013824884792626729 0.2
0 0.5168970814132104 4.6 0.016897081413210446 0.16666666666666666
0 0.49923195084485406 4.508333333333334 0.01228878648233487 0.15
0 0.4738863287250384 4.6 0.013824884792626729 0.16666666666666666
0 0.4447004608294931 4.525 0.010752688172043012 0.11666666666666667
0 0.41321044546851 4.533333333333333 0.018433179723502304 0.2
0 0.3402457757296467 4.483333333333333 0.016897081413210446 0.2
0 0.2818740399385561 4.583333333333333 0.016897081413210446 0.2
0 0.2434715821812596 4.433333333333334 0.029185867895545316 0.3
0 0.17895545314900155 4.458333333333333 0.019969278033794162 0.21666666666666667
0 0.06989247311827956 4.475 0.013824884792626729 0.18333333333333332
0 0.11290322580645161 4.375 0.007680491551459293 0.08333333333333333
0 0.14208909370199693 4.408333333333333 0.007680491551459293 0.11666666666666667
0 0.07526881720430108 4.375 0.01228878648233487 0.15
0 0.020737327188940093 4.408333333333333 0.013824884792626729 0.11666666666666667
0 0.004608294930875576 4.425 0.009216589861751152 0.11666666666666667
0 0.3172043010752688 4.566666666666666 0.010752688172043012 0.13333333333333333
0 0.38863287250384027 4.516666666666667 0.006144393241167435 0.06666666666666667
