0 0.28651685393258425 1.7919708029197081 0.07415730337078652 0.25547445255474455
0 0.4898876404494382 1.6751824817518248 0.04943820224719101 0.19708029197080293
0 0.6224719101123596 1.5766423357664234 0.058426966292134834 0.1897810218978102
0 0.702247191011236 1.6897810218978102 0.04269662921348315 0.18248175182481752
0 0.750561797752809 1.7153284671532847 0.04044943820224719 0.145985401459854
0 0.8101123595505618 1.5985401459854014 0.04719101123595506 0.16058394160583941
0 0.8393258426966292 1.6642335766423357 0.033707865168539325 0.11678832116788321
0 0.8539325842696629 1.6897810218978102 0.02247191011235955 0.0948905109489051
0 0.8853932584269663 1.686131386861314 0.02696629213483146 0.08759124087591241
0 0.9438202247191011 1.686131386861314 0.03146067415730337 0.13138686131386862
0 0.9719101123595506 1.6897810218978102 0.029213483146067417 0.10948905109489052
0 0.9943820224719101 1.6897810218978102 0.029213483146067417 0.12408759124087591
0 1.0730337078651686 1.5985401459854014 0.033707865168539325 0.11678832116788321
0 1.149438202247191 1.645985401459854 0.029213483146067417 0.10948905109489052
0 1.20561797752809 1.6751824817518248 0.024719101123595506 0.0948905109489051
0 1.2370786516853933 1.6423357664233578 0.024719101123595506 0.08759124087591241
0 0.6550561797752809 1.7335766423357664 0.024719101123595506 0.0948905109489051
