0 0.05454545454545454 1.3486590038314177 0.019580419580419582 0.06130268199233716
0 0.17342657342657342 0.9272030651340997 0.08111888111888112 0.26053639846743293
0 0.2153846153846154 1.417624521072797 0.016783216783216783 0.04597701149425287
0 0.24125874125874125 1.4655172413793103 0.012587412587412588 0.034482758620689655
0 0.32797202797202796 1.157088122605364 0.06013986013986014 0.19157088122605365
0 0.3944055944055944 1.235632183908046 0.044755244755244755 0.15708812260536398
0 0.45174825174825173 1.2471264367816093 0.04195804195804196 0.12643678160919541
0 0.4664335664335664 1.3659003831417624 0.02937062937062937 0.1111111111111111
0 0.5055944055944056 1.5344827586206897 0.01818181818181818 0.06513409961685823
0 0.5496503496503496 1.496168582375479 0.019580419580419582 0.05747126436781609
0 0.6027972027972028 1.5977011494252873 0.005594405594405594 0.022988505747126436
0 0.6118881118881119 1.6455938697318007 0.009790209790209791 0.08812260536398467
0 0.6300699300699301 1.6436781609195403 0.03496503496503497 0.1685823754789272
0 0.7419580419580419 1.003831417624521 0.06573426573426573 0.1839080459770115
0 0.8335664335664336 1.2088122605363985 0.04195804195804196 0.11877394636015326
0 0.8825174825174825 1.1954022988505748 0.044755244755244755 0.13793103448275862
