0 0.026994359387590653 0.6461442786069652 0.12812248186946013 0.24751243781094528
0 0.17485898468976632 0.3793532338308458 0.08702659145850121 0.12437810945273632
0 0.41337630942788073 0.3439054726368159 0.08702659145850121 0.1654228855721393
0 0.10435132957292506 0.25870646766169153 0.0781627719580983 0.1417910447761194
0 0.2602739726027397 0.2941542288557214 0.09830781627719581 0.1480099502487562
0 0.22602739726027396 0.19154228855721392 0.0427074939564867 0.07711442786069651
0 0.32232070910556004 0.2269900497512438 0.06124093473005641 0.1281094527363184
0 0.3638195004029009 0.17039800995024876 0.055600322320709106 0.11442786069651742
0 0.49879129734085415 0.30534825870646765 0.06285253827558421 0.11567164179104478
0 0.5547945205479452 0.20087064676616914 0.053988718775181306 0.10074626865671642
0 0.6563255439161966 0.2555970149253731 0.0443190975020145 0.08084577114427861
0 0.9153908138597905 0.27300995024875624 0.09508460918614021 0.1281094527363184
0 0.38114423851732476 0.9098258706467661 0.24174053182917002 0.35696517412935325
0 0.13658340048348105 0.2332089552238806 0.052377115229653506 0.09079601990049752
