0 0.11654135338345864 1.7685810810810811 0.09273182957393483 0.40878378378378377
0 0.44569757727652465 1.802364864864865 0.08771929824561403 0.38175675675675674
0 0.202172096908939 1.7094594594594594 0.06850459482038429 0.3716216216216216
0 0.31119465329991647 1.4324324324324325 0.03926482873851295 0.19594594594594594
0 0.3830409356725146 1.4307432432432432 0.03592314118629908 0.17905405405405406
0 0.3182957393483709 1.1013513513513513 0.028404344193817876 0.12837837837837837
0 0.36507936507936506 1.1081081081081081 0.023391812865497075 0.11486486486486487
0 0.4494569757727652 1.5118243243243243 0.04845446950710108 0.2195945945945946
0 0.6115288220551378 1.724662162162162 0.07685881370091896 0.3344594594594595
0 0.5509607351712615 1.5439189189189189 0.05263157894736842 0.22297297297297297
0 0.8500417710944027 1.712837837837838 0.06934001670843776 0.2972972972972973
0 0.9741019214703425 1.7162162162162162 0.07184628237259816 0.36486486486486486
0 1.0041771094402674 1.1706081081081081 0.028404344193817876 0.11148648648648649
0 1.056390977443609 1.0658783783783783 0.02756892230576441 0.14527027027027026
0 0.7147034252297411 1.2094594594594594 0.034252297410192145 0.1554054054054054
0 0.758563074352548 1.099662162162162 0.028404344193817876 0.13175675675675674
0 0.64578111946533 1.1537162162162162 0.020050125313283207 0.10472972972972973
0 0.6762740183792816 1.1756756756756757 0.020885547201336674 0.10135135135135136
0 0.4878863826232247 1.177364864864865 0.023391812865497075 0.125
0 0.46616541353383456 1.4560810810810811 0.03341687552213868 0.20945945945945946
0 0.5885547201336675 1.5185810810810811 0.04427736006683375 0.21283783783783783
0 0.6904761904761905 1.4493243243243243 0.04093567251461988 0.21621621621621623
0 0.7305764411027569 1.508445945945946 0.05263157894736842 0.2533783783783784
0 0.7777777777777778 1.4847972972972974 0.04845446950710108 0.20608108108108109
0 0.6929824561403509 1.1047297297297298 0.01921470342522974 0.08108108108108109
0 0.8162071846282373 1.1655405405405406 0.011695906432748537 0.05405405405405406
