0 0.9856 2.072289156626506 0.0512 0.4578313253012048
0 0.0296 2.3433734939759034 0.0368 0.3253012048192771
0 0.1216 2.1265060240963853 0.032 0.27710843373493976
0 0.144 2.1867469879518073 0.0352 0.25301204819277107
0 0.356 2.0 0.0336 0.26506024096385544
0 0.9136 1.855421686746988 0.0448 0.3373493975903614
0 0.7952 2.0963855421686746 0.0736 0.5783132530120482
0 0.5528 2.1144578313253013 0.0368 0.27710843373493976
0 0.4248 2.0180722891566263 0.056 0.4457831325301205
0 0.2112 2.0421686746987953 0.0448 0.3493975903614458
0 0.2328 1.9036144578313252 0.0496 0.4578313253012048
0 0.576 2.0180722891566263 0.0608 0.5662650602409639
0 0.4848 2.0542168674698793 0.0288 0.27710843373493976
