0 0.8603744149765991 0.41379310344827586 0.0124804992199688 0.04597701149425287
0 0.7983619344773791 0.4747126436781609 0.02262090483619345 0.07126436781609195
0 0.7063182527301092 0.25517241379310346 0.06006240249609984 0.22528735632183908
0 0.6131045241809673 0.435632183908046 0.0187207488299532 0.06206896551724138
0 0.5647425897035881 0.4540229885057471 0.015600624024960999 0.052873563218390804
0 0.5288611544461779 0.4379310344827586 0.0171606864274571 0.06206896551724138
0 0.49297971918876754 0.4218390804597701 0.0234009360374415 0.09885057471264368
0 0.42589703588143524 0.3735632183908046 0.0218408736349454 0.0896551724137931
0 0.4091263650546022 0.4103448275862069 0.02262090483619345 0.08505747126436781
0 0.3631045241809672 0.4413793103448276 0.01638065522620905 0.06436781609195402
0 0.3416536661466459 0.5091954022988506 0.0109204368174727 0.052873563218390804
0 0.3237129485179407 0.49195402298850577 0.0124804992199688 0.041379310344827586
0 0.2784711388455538 0.3816091954022989 0.0265210608424337 0.09655172413793103
0 0.24297971918876754 0.4425287356321839 0.02106084243369735 0.07126436781609195
0 0.22269890795631825 0.46781609195402296 0.014820592823712949 0.052873563218390804
0 0.15054602184087362 0.42873563218390803 0.0202808112324493 0.07126436781609195
0 0.093603744149766 0.36551724137931035 0.029641185647425898 0.11494252873563218
0 0.038221528861154444 0.4471264367816092 0.0171606864274571 0.06206896551724138
