0 0.19381107491856678 1.1574585635359116 0.05863192182410423 0.2265193370165746
0 0.32328990228013027 1.1298342541436464 0.057003257328990226 0.2154696132596685
0 0.3916938110749186 1.12707182320442 0.05374592833876222 0.2430939226519337
0 0.48941368078175895 1.091160220994475 0.04723127035830619 0.2154696132596685
0 0.5553745928338762 1.1546961325966851 0.04560260586319218 0.1878453038674033
0 0.6498371335504886 1.138121546961326 0.04234527687296417 0.20994475138121546
0 0.754071661237785 1.2265193370165746 0.03908794788273615 0.1878453038674033
0 0.8232899022801303 1.2375690607734806 0.04071661237785016 0.17679558011049723
0 0.8925081433224755 1.2375690607734806 0.04560260586319218 0.1878453038674033
0 0.9340390879478827 1.212707182320442 0.050488599348534204 0.2154696132596685
0 0.9747557003257329 1.1464088397790055 0.04071661237785016 0.1712707182320442
0 1.025244299674267 1.1298342541436464 0.05374592833876222 0.2154696132596685
0 1.1514657980456027 1.361878453038674 0.026058631921824105 0.09392265193370165
0 0.3778501628664495 1.4337016574585635 0.05211726384364821 0.2154696132596685
0 0.5 1.3342541436464088 0.05211726384364821 0.2265193370165746
0 0.500814332247557 1.792817679558011 0.05374592833876222 0.2596685082872928
0 0.5846905537459284 1.6353591160220995 0.03908794788273615 0.17679558011049723
0 0.7100977198697068 1.522099447513812 0.04560260586319218 0.20441988950276244
0 0.7972312703583062 1.5359116022099448 0.04723127035830619 0.19889502762430938
0 0.6254071661237784 1.850828729281768 0.06514657980456026 0.26519337016574585
0 0.74185667752443 1.861878453038674 0.05374592833876222 0.20994475138121546
0 0.9543973941368078 1.4116022099447514 0.05211726384364821 0.24861878453038674
