0 0.3472400513478819 0.6733193277310925 0.04236200256739409 0.07352941176470588
0 0.32220795892169446 0.694327731092437 0.038510911424903725 0.06932773109243698
0 0.6508344030808729 1.2447478991596639 0.012836970474967908 0.0273109243697479
0 0.8440308087291399 1.259453781512605 0.019255455712451863 0.0273109243697479
0 1.0051347881899872 1.315126050420168 0.01797175866495507 0.029411764705882353
0 0.6328626444159179 1.300420168067227 0.01797175866495507 0.025210084033613446
0 0.5680359435173299 1.2289915966386555 0.019255455712451863 0.029411764705882353
0 0.7252888318356868 1.2237394957983194 0.01797175866495507 0.031512605042016806
0 0.745186136071887 1.2983193277310925 0.01668806161745828 0.03361344537815126
0 0.7952503209242618 1.3214285714285714 0.014120667522464698 0.025210084033613446
0 0.8549422336328626 1.351890756302521 0.01797175866495507 0.03571428571428571
0 0.9428754813863928 1.296218487394958 0.021822849807445442 0.037815126050420166
0 1.102053915275995 1.4663865546218486 0.01668806161745828 0.025210084033613446
0 1.1611039794608473 1.4453781512605042 0.021822849807445442 0.03361344537815126
0 1.2105263157894737 1.5430672268907564 0.0693196405648267 0.1869747899159664
