0 0.3690330477356181 3.823529411764706 0.030599755201958383 0.22058823529411764
0 0.42900856793145653 3.713235294117647 0.04039167686658507 0.27941176470588236
0 0.5361077111383109 3.9301470588235294 0.022031823745410038 0.15441176470588236
0 0.6175030599755202 3.9448529411764706 0.023255813953488372 0.19852941176470587
0 0.653610771113831 3.8786764705882355 0.03182374541003672 0.16911764705882354
0 0.7123623011015912 3.9816176470588234 0.02447980416156671 0.18382352941176472
0 0.730110159118727 3.963235294117647 0.030599755201958383 0.20588235294117646
0 0.7539779681762546 3.8566176470588234 0.02692778457772338 0.19852941176470587
0 0.8219094247246022 3.9926470588235294 0.028151774785801713 0.19117647058823528
0 0.9638922888616891 4.0625 0.01835985312117503 0.125
0 1.0055079559363524 4.0 0.01346389228886169 0.10294117647058823
0 1.043451652386781 3.985294117647059 0.01591187270501836 0.1323529411764706
0 1.080171358629131 3.974264705882353 0.01591187270501836 0.13970588235294118
0 1.1162790697674418 3.9816176470588234 0.017135862913096694 0.13970588235294118
0 1.1432068543451652 4.029411764705882 0.017135862913096694 0.10294117647058823
0 1.1793145654834762 4.084558823529412 0.01346389228886169 0.09558823529411764
0 1.1793145654834762 4.073529411764706 0.01346389228886169 0.10294117647058823
0 1.2019583843329253 4.051470588235294 0.012239902080783354 0.08823529411764706
0 1.237454100367197 4.055147058823529 0.012239902080783354 0.09558823529411764
0 1.2582619339045287 4.036764705882353 0.012239902080783354 0.07352941176470588
0 1.2692778457772338 4.033088235294118 0.009791921664626682 0.0661764705882353
0 1.313953488372093 4.055147058823529 0.011015911872705019 0.0661764705882353
0 1.3494492044063648 4.044117647058823 0.008567931456548347 0.058823529411764705
