0 1.0304404145077721 4.293893129770993 0.014248704663212436 0.08396946564885496
0 1.0148963730569949 4.2251908396946565 0.01683937823834197 0.09923664122137404
0 0.9844559585492227 4.297709923664122 0.018134715025906734 0.12213740458015267
0 0.9721502590673575 4.217557251908397 0.01683937823834197 0.09923664122137404
0 0.9455958549222798 4.324427480916031 0.015544041450777202 0.09923664122137404
0 0.9313471502590673 4.270992366412214 0.012953367875647668 0.09923664122137404
0 0.8944300518134715 4.293893129770993 0.019430051813471502 0.09923664122137404
0 0.8374352331606217 4.713740458015267 0.05829015544041451 0.7862595419847328
0 0.8490932642487047 4.396946564885496 0.01683937823834197 0.12213740458015267
0 0.7590673575129534 4.301526717557252 0.018134715025906734 0.11450381679389313
0 0.7752590673575129 4.316793893129771 0.014248704663212436 0.08396946564885496
0 0.7908031088082902 4.312977099236641 0.011658031088082901 0.07633587786259542
0 0.7072538860103627 4.309160305343512 0.018134715025906734 0.08396946564885496
0 0.6988341968911918 4.290076335877862 0.014248704663212436 0.10687022900763359
0 0.5680051813471503 4.312977099236641 0.02461139896373057 0.13740458015267176
0 0.572538860103627 4.427480916030534 0.015544041450777202 0.10687022900763359
0 0.5272020725388601 4.187022900763359 0.012953367875647668 0.08396946564885496
0 0.49093264248704666 4.286259541984733 0.015544041450777202 0.09923664122137404
0 0.49093264248704666 4.297709923664122 0.018134715025906734 0.0916030534351145
0 0.4540155440414508 4.343511450381679 0.014248704663212436 0.0916030534351145
0 0.41904145077720206 4.282442748091603 0.01683937823834197 0.12213740458015267
0 0.2849740932642487 4.435114503816794 0.018134715025906734 0.0916030534351145
0 0.29080310880829013 4.442748091603053 0.011658031088082901 0.07633587786259542
0 0.26295336787564766 4.309160305343512 0.018134715025906734 0.11450381679389313
0 0.22538860103626943 4.2251908396946565 0.015544041450777202 0.09923664122137404
0 0.1794041450777202 4.4541984732824424 0.01683937823834197 0.09923664122137404
0 0.19430051813471502 4.324427480916031 0.018134715025906734 0.1297709923664122
0 0.19818652849740934 4.358778625954199 0.012953367875647668 0.0916030534351145
0 0.19235751295336787 4.312977099236641 0.019430051813471502 0.13740458015267176
0 0.12694300518134716 4.385496183206107 0.02072538860103627 0.11450381679389313
0 0.052461139896373056 4.3893129770992365 0.019430051813471502 0.12213740458015267
0 0.07772020725388601 4.358778625954199 0.018134715025906734 0.0916030534351145
0 0.0783678756476684 4.374045801526718 0.01683937823834197 0.13740458015267176
0 0.06800518134715026 4.282442748091603 0.014248704663212436 0.0916030534351145
0 0.391839378238342 4.278625954198473 0.009067357512953367 0.05343511450381679
