0 0.18516355140186916 1.2222222222222223 0.05724299065420561 0.23015873015873015
0 0.29789719626168226 1.1607142857142858 0.056074766355140186 0.25
0 0.4071261682242991 1.1785714285714286 0.05724299065420561 0.23015873015873015
0 0.4976635514018692 1.2321428571428572 0.056074766355140186 0.26587301587301587
0 0.6004672897196262 1.1845238095238095 0.06074766355140187 0.25
0 0.7172897196261683 1.1944444444444444 0.056074766355140186 0.2222222222222222
0 0.7938084112149533 1.1706349206349207 0.06425233644859812 0.25396825396825395
0 0.9182242990654206 1.0932539682539681 0.06074766355140187 0.27380952380952384
0 0.15654205607476634 0.7876984126984127 0.0514018691588785 0.23412698412698413
0 0.08586448598130841 0.7400793650793651 0.0455607476635514 0.20238095238095238
0 0.20619158878504673 0.7718253968253969 0.05023364485981308 0.20238095238095238
0 0.3119158878504673 0.6607142857142857 0.04672897196261682 0.21031746031746032
0 0.3639018691588785 0.6448412698412699 0.04789719626168224 0.21825396825396826
0 0.4719626168224299 0.6646825396825397 0.04906542056074766 0.20238095238095238
0 0.5490654205607477 0.6845238095238095 0.0514018691588785 0.2261904761904762
0 0.5952102803738317 0.5912698412698413 0.052570093457943924 0.2222222222222222
0 0.8592289719626168 0.7222222222222222 0.05957943925233645 0.23015873015873015
0 1.0332943925233644 0.4861111111111111 0.05957943925233645 0.24206349206349206
0 0.9182242990654206 0.5694444444444444 0.053738317757009345 0.26587301587301587
0 0.8148364485981309 0.4861111111111111 0.05724299065420561 0.24206349206349206
0 0.7225467289719626 0.5555555555555556 0.05023364485981308 0.20634920634920634
0 0.5257009345794392 0.5277777777777778 0.0514018691588785 0.20634920634920634
0 0.4141355140186916 0.5714285714285714 0.0455607476635514 0.19047619047619047
0 0.25292056074766356 0.7242063492063492 0.04789719626168224 0.17857142857142858
0 0.18691588785046728 0.5099206349206349 0.04906542056074766 0.21031746031746032
0 0.6290887850467289 0.8511904761904762 0.052570093457943924 0.23412698412698413
