0 0.83671875 1.978448275862069 0.0390625 0.25
0 0.87578125 2.103448275862069 0.0359375 0.2413793103448276
0 0.96796875 2.1206896551724137 0.0453125 0.27586206896551724
0 0.60546875 2.0301724137931036 0.0328125 0.19827586206896552
0 0.484375 2.1206896551724137 0.021875 0.13793103448275862
0 0.41171875 2.125 0.0328125 0.16379310344827586
0 0.2953125 2.206896551724138 0.040625 0.29310344827586204
0 0.09921875 2.1508620689655173 0.0515625 0.25
0 0.14140625 2.086206896551724 0.0171875 0.1206896551724138
0 0.2484375 2.163793103448276 0.025 0.13793103448275862
0 0.54609375 2.1767241379310347 0.0234375 0.12931034482758622
0 0.7 2.060344827586207 0.01875 0.1206896551724138
0 0.73125 2.0517241379310347 0.015625 0.08620689655172414
0 0.78515625 2.021551724137931 0.0234375 0.12931034482758622
0 0.0515625 2.0301724137931036 0.021875 0.12931034482758622
0 0.1890625 2.0689655172413794 0.015625 0.08620689655172414
0 0.21640625 2.0775862068965516 0.0171875 0.10344827586206896
0 0.278125 2.043103448275862 0.015625 0.10344827586206896
0 0.3234375 2.060344827586207 0.01875 0.1206896551724138
0 0.3734375 2.1077586206896552 0.021875 0.12931034482758622
0 0.434375 2.0732758620689653 0.01875 0.12931034482758622
0 0.4703125 2.038793103448276 0.0125 0.07758620689655173
0 0.94609375 2.038793103448276 0.0171875 0.11206896551724138
0 0.76171875 2.1077586206896552 0.0140625 0.09482758620689655
0 0.6625 2.0 0.01875 0.13793103448275862
0 0.75078125 2.043103448275862 0.0140625 0.10344827586206896
0 0.54296875 2.0344827586206895 0.0109375 0.06896551724137931
0 0.64140625 2.0517241379310347 0.0234375 0.13793103448275862
0 0.57734375 2.021551724137931 0.0109375 0.0603448275862069
