0 0.24260355029585798 0.976027397260274 0.05409974640743871 0.18493150684931506
0 0.2772612003381234 0.8595890410958904 0.04902789518174133 0.17123287671232876
0 0.3330515638207946 0.9463470319634704 0.04902789518174133 0.16666666666666666
0 0.36559594251901945 1.2808219178082192 0.05156382079459002 0.2009132420091324
0 0.3727810650887574 0.8664383561643836 0.042265426880811495 0.15296803652968036
0 0.4125105663567202 0.9075342465753424 0.047337278106508875 0.18036529680365296
0 0.4814032121724429 1.235159817351598 0.05156382079459002 0.2009132420091324
0 0.5224006762468301 0.934931506849315 0.04564666103127642 0.16210045662100456
0 0.610312764158918 1.3378995433789955 0.04902789518174133 0.2009132420091324
0 0.6990701606086221 1.5947488584474885 0.06593406593406594 0.22146118721461186
0 0.8030431107354185 1.6324200913242009 0.06255283178360102 0.2054794520547945
0 0.6187658495350803 0.8664383561643836 0.04902789518174133 0.16666666666666666
0 0.7079459002535926 0.8984018264840182 0.04311073541842773 0.15753424657534246
0 0.7561284868977177 1.0890410958904109 0.054945054945054944 0.2009132420091324
0 0.8596787827557059 1.2522831050228311 0.060862214708368556 0.22602739726027396
0 0.8499577345731192 0.8595890410958904 0.044801352493660185 0.16666666666666666
0 0.871090448013525 1.0570776255707763 0.0566356720202874 0.2009132420091324
0 0.9771766694843618 1.211187214611872 0.057480980557903634 0.20776255707762556
0 0.9725274725274725 0.9851598173515982 0.05325443786982249 0.20319634703196346
0 1.099323753169907 1.3184931506849316 0.06677937447168217 0.22146118721461186
0 1.0828402366863905 0.9223744292237442 0.052409129332206254 0.1917808219178082
0 1.165680473372781 1.004566210045662 0.05917159763313609 0.1872146118721461
0 1.1855452240067625 0.839041095890411 0.060016906170752324 0.20776255707762556
