0 0.31191730847182814 1.049966009517335 0.05877584110255371 0.1053704962610469
0 0.19639237940818807 0.9792658055744392 0.038508309687880014 0.06866077498300475
0 0.1848398865018241 1.0163154316791299 0.025942440210782326 0.043507817811012914
0 0.2857721929468991 0.982324949014276 0.06323469801378193 0.11012916383412645
0 0.5121605188488042 1.0285520054384771 0.05472233481961897 0.0938137321549966
0 0.5881637616538306 1.0462270564242013 0.054316984191325496 0.10333106730115568
0 0.45358735306039727 1.016995241332427 0.05026347790839076 0.09789259007477906
0 0.6380218889339279 0.9972807613868117 0.025942440210782326 0.05710401087695445
0 0.6866639643291447 1.0234534330387492 0.009728415079043373 0.01971447994561523
0 0.724158897446291 1.0350101971447994 0.009323064450749898 0.01699524133242692
0 0.7841507904337252 1.039089055064582 0.020672882042967168 0.037389530931339225
0 0.8090798540737738 1.036709721278042 0.01783542764491285 0.02991162474507138
0 0.8115119578435347 1.026512576478586 0.025942440210782326 0.046227056424201225
0 0.8680583704904743 1.0492861998640381 0.0263477908390758 0.05778382053025153
0 0.8788001621402514 1.0030591434398368 0.02513173895419538 0.04418762746430999
0 0.976895014187272 1.0829367777022434 0.04864207539521686 0.09517335146159075
