0 0.6044142614601019 0.9401709401709402 0.10865874363327674 0.2564102564102564
0 0.27504244482173174 1.1730769230769231 0.14261460101867574 0.2863247863247863
0 0.025466893039049237 1.7905982905982907 0.013582342954159592 0.042735042735042736
0 0.14176570458404075 1.7542735042735043 0.011884550084889643 0.038461538461538464
0 0.166383701188455 1.7606837606837606 0.010186757215619695 0.03418803418803419
0 0.7385398981324278 1.5256410256410255 0.023769100169779286 0.06837606837606838
0 1.0084889643463497 1.5555555555555556 0.02037351443123939 0.05982905982905983
0 0.932937181663837 1.670940170940171 0.022071307300509338 0.05982905982905983
0 0.9134125636672326 1.688034188034188 0.02037351443123939 0.05982905982905983
0 0.8353140916808149 1.6153846153846154 0.013582342954159592 0.03418803418803419
0 0.8455008488964346 1.7115384615384615 0.013582342954159592 0.04700854700854701
0 0.8964346349745331 1.6773504273504274 0.01697792869269949 0.05555555555555555
0 0.8471986417657046 1.7072649572649572 0.013582342954159592 0.04700854700854701
0 0.8675721561969439 1.6987179487179487 0.01697792869269949 0.05555555555555555
0 0.8794567062818336 1.688034188034188 0.01697792869269949 0.05982905982905983
