0 0.08630544124371285 2.8118712273641853 0.02857796067672611 0.29577464788732394
0 0.1262002743484225 2.1498993963782698 0.031092821216278006 0.2917505030181087
0 0.15877914951989025 2.732394366197183 0.029492455418381344 0.30181086519114686
0 0.20164609053497942 2.4014084507042255 0.027434842249657063 0.25553319919517103
0 0.253543667123914 2.819919517102616 0.02423411065386374 0.2917505030181087
0 0.27926383173296754 2.475855130784708 0.02629172382258802 0.24748490945674045
0 0.3319615912208505 2.7484909456740443 0.03063557384545039 0.32595573440643866
0 0.3798582533150434 2.327967806841046 0.029492455418381344 0.289738430583501
0 0.42158207590306357 2.7243460764587524 0.02880658436213992 0.30181086519114686
0 0.44455875628715136 2.22635814889336 0.027663465935070873 0.2796780684104628
0 0.516803840877915 2.386317907444668 0.027206218564243257 0.28169014084507044
0 0.5991083676268861 2.1619718309859155 0.026748971193415638 0.29979879275653926
0 0.69387288523091 2.750503018108652 0.031092821216278006 0.32595573440643866
0 0.6846136259716507 2.2183098591549295 0.027663465935070873 0.3158953722334004
0 0.7685185185185185 2.187122736418511 0.028120713305898493 0.31388329979879276
0 0.8025834476451761 2.7062374245472838 0.03452217649748514 0.3501006036217304
0 0.8317329675354367 2.3450704225352115 0.02423411065386374 0.2716297786720322
0 0.8882030178326474 2.7535211267605635 0.02880658436213992 0.3199195171026157
0 0.8910608139003201 2.2062374245472838 0.026748971193415638 0.30784708249496984
0 0.9731367169638775 2.6690140845070425 0.029949702789208964 0.32796780684104626
0 0.9822816643804299 2.1217303822937628 0.03223593964334705 0.3118712273641851
0 1.0564700502972109 2.6167002012072436 0.031092821216278006 0.3440643863179074
