0 0.8598484848484849 0.8676470588235294 0.1553030303030303 0.4235294117647059
0 0.6770833333333334 0.7794117647058824 0.08333333333333333 0.27647058823529413
0 0.6297348484848485 0.6617647058823529 0.056818181818181816 0.22941176470588234
0 0.5738636363636364 0.6441176470588236 0.045454545454545456 0.18823529411764706
0 0.45265151515151514 0.6367647058823529 0.03977272727272727 0.16176470588235295
0 0.3229166666666667 0.6073529411764705 0.041666666666666664 0.17352941176470588
0 0.19602272727272727 0.6897058823529412 0.0625 0.22647058823529412
0 0.09564393939393939 0.36911764705882355 0.03787878787878788 0.13823529411764707
0 0.13162878787878787 0.7514705882352941 0.11174242424242424 0.31470588235294117
0 0.004734848484848485 1.0558823529411765 0.13446969696969696 0.45294117647058824
