0 0.0807909604519774 3.617283950617284 0.0192090395480226 0.19753086419753085
0 0.1638418079096045 3.6358024691358026 0.020338983050847456 0.2839506172839506
0 0.43107344632768363 3.6419753086419755 0.012429378531073447 0.1728395061728395
0 0.4457627118644068 3.691358024691358 0.012429378531073447 0.14814814814814814
0 0.4774011299435028 3.697530864197531 0.012429378531073447 0.13580246913580246
0 0.511864406779661 3.7037037037037037 0.011299435028248588 0.14814814814814814
0 0.5491525423728814 3.9814814814814814 0.00903954802259887 0.1111111111111111
0 0.5677966101694916 3.7962962962962963 0.012429378531073447 0.13580246913580246
0 0.6350282485875707 3.7839506172839505 0.00903954802259887 0.1111111111111111
0 0.6412429378531074 3.8209876543209877 0.010169491525423728 0.1111111111111111
0 0.6745762711864407 3.882716049382716 0.006779661016949152 0.08641975308641975
0 0.696045197740113 3.8333333333333335 0.006779661016949152 0.1111111111111111
0 0.7073446327683616 3.8395061728395063 0.00903954802259887 0.09876543209876543
0 0.7062146892655368 3.845679012345679 0.006779661016949152 0.08641975308641975
0 0.7378531073446327 3.814814814814815 0.006779661016949152 0.07407407407407407
0 0.7559322033898305 3.8518518518518516 0.006779661016949152 0.09876543209876543
0 0.7875706214689265 3.8333333333333335 0.006779661016949152 0.08641975308641975
0 0.8 3.845679012345679 0.004519774011299435 0.06172839506172839
0 0.9751412429378531 3.8703703703703702 0.011299435028248588 0.1111111111111111
0 1.0248587570621468 3.9444444444444446 0.013559322033898305 0.1111111111111111
0 1.0655367231638417 3.919753086419753 0.011299435028248588 0.13580246913580246
0 1.0497175141242938 3.925925925925926 0.00903954802259887 0.09876543209876543
0 0.9994350282485875 4.135802469135802 0.023728813559322035 0.5432098765432098
0 0.5847457627118644 4.0246913580246915 0.007909604519774011 0.07407407407407407
0 0.5768361581920904 3.7839506172839505 0.010169491525423728 0.1111111111111111
0 0.7598870056497176 3.845679012345679 0.005649717514124294 0.06172839506172839
