0 1.0353634577603144 0.8968531468531469 0.07072691552062868 0.15734265734265734
0 0.9616895874263262 0.5209790209790209 0.05697445972495088 0.13286713286713286
0 0.8035363457760314 1.2552447552447552 0.09037328094302555 0.21678321678321677
0 0.8772102161100196 0.9702797202797203 0.068762278978389 0.16433566433566432
0 0.7927308447937131 0.8531468531468531 0.060903732809430254 0.16083916083916083
0 0.6699410609037328 1.2937062937062938 0.07858546168958742 0.1958041958041958
0 0.6856581532416502 1.027972027972028 0.07465618860510806 0.16783216783216784
0 0.6129666011787819 0.833916083916084 0.07072691552062868 0.15034965034965034
0 0.5068762278978389 0.8181818181818182 0.06679764243614932 0.13986013986013987
0 0.5245579567779961 1.0454545454545454 0.06286836935166994 0.15384615384615385
0 0.4263261296660118 1.2027972027972027 0.0825147347740668 0.18181818181818182
0 0.3899803536345776 0.9370629370629371 0.07269155206286837 0.13986013986013987
0 0.3045186640471513 1.2167832167832169 0.09823182711198428 0.21678321678321677
0 0.15225933202357564 0.9912587412587412 0.07269155206286837 0.17832167832167833
0 0.3349705304518664 1.0874125874125875 0.07662082514734773 0.15384615384615385
0 0.8241650294695482 0.4772727272727273 0.06483300589390963 0.14335664335664336
0 0.6974459724950884 0.4632867132867133 0.0550098231827112 0.14335664335664336
0 0.587426326129666 0.5122377622377622 0.06286836935166994 0.13636363636363635
0 0.518664047151277 0.5122377622377622 0.05108055009823183 0.12237762237762238
0 0.4174852652259332 0.48426573426573427 0.060903732809430254 0.13636363636363635
0 0.33595284872298625 0.5472027972027972 0.06679764243614932 0.14335664335664336
0 0.23673870333988212 0.49475524475524474 0.068762278978389 0.15034965034965034
0 0.10903732809430255 0.493006993006993 0.07662082514734773 0.15384615384615385
