0 0.21177685950413222 2.963768115942029 0.05991735537190083 0.2463768115942029
0 0.2644628099173554 2.898550724637681 0.05371900826446281 0.21739130434782608
0 0.34710743801652894 2.9420289855072466 0.045454545454545456 0.18840579710144928
0 0.41012396694214875 2.869565217391304 0.03925619834710744 0.18840579710144928
0 0.49793388429752067 2.7934782608695654 0.045454545454545456 0.1956521739130435
0 0.53099173553719 3.38768115942029 0.05371900826446281 0.26811594202898553
0 0.5909090909090909 2.677536231884058 0.04132231404958678 0.21014492753623187
0 0.637396694214876 2.7246376811594204 0.03512396694214876 0.17391304347826086
0 0.7272727272727273 2.6847826086956523 0.04132231404958678 0.16666666666666666
0 0.7954545454545454 2.6847826086956523 0.045454545454545456 0.1956521739130435
0 0.7138429752066116 2.8333333333333335 0.047520661157024795 0.2028985507246377
0 0.8822314049586777 2.710144927536232 0.049586776859504134 0.18840579710144928
0 0.9555785123966942 2.713768115942029 0.05165289256198347 0.1956521739130435
0 0.6446280991735537 3.2028985507246377 0.049586776859504134 0.2318840579710145
0 0.7603305785123967 3.2717391304347827 0.045454545454545456 0.2536231884057971
0 0.871900826446281 3.322463768115942 0.07024793388429752 0.32608695652173914
0 1.115702479338843 2.539855072463768 0.012396694214876033 0.036231884057971016
