0 0.16218809980806143 0.4144736842105263 0.09596928982725528 0.1303827751196172
0 0.48896353166986567 0.4892344497607656 0.06621880998080615 0.08851674641148326
0 0.5321497120921305 0.47906698564593303 0.04894433781190019 0.06578947368421052
0 0.5830134357005758 0.4599282296650718 0.04702495201535509 0.06578947368421052
0 0.7164107485604606 0.513755980861244 0.0508637236084453 0.07057416267942583
0 0.8627639155470249 0.4605263157894737 0.061420345489443376 0.07416267942583732
0 0.9750479846449136 0.4988038277511962 0.04990403071017274 0.07416267942583732
0 0.7648752399232246 0.5406698564593302 0.044145873320537425 0.07416267942583732
0 0.9136276391554703 0.4916267942583732 0.046065259117082535 0.06937799043062201
0 0.8205374280230326 0.5185406698564593 0.046065259117082535 0.06339712918660287
0 0.32869481765834935 0.5221291866028708 0.029750479846449136 0.04904306220095694
0 0.2567178502879079 0.5089712918660287 0.029750479846449136 0.04425837320574163
0 0.06861804222648753 0.49940191387559807 0.05470249520153551 0.07057416267942583
0 0.42226487523992323 0.5059808612440191 0.019193857965451054 0.028708133971291867
0 0.3843570057581574 0.5161483253588517 0.012476007677543186 0.01555023923444976
0 0.6309980806142035 0.5101674641148325 0.012476007677543186 0.01555023923444976
0 0.6578694817658349 0.5197368421052632 0.008637236084452975 0.013157894736842105
0 0.23848368522072938 0.5233253588516746 0.018234165067178502 0.029904306220095694
0 0.019193857965451054 0.5263157894736842 0.01727447216890595 0.0215311004784689
0 0.2236084452975048 0.5167464114832536 0.013435700575815739 0.01674641148325359
0 0.30518234165067176 0.5311004784688995 0.011516314779270634 0.01674641148325359
0 0.29846449136276393 0.5143540669856459 0.011516314779270634 0.01674641148325359
