0 0.8063763608087092 1.3719512195121952 0.006220839813374806 0.024390243902439025
0 0.7923794712286159 1.3810975609756098 0.004665629860031105 0.024390243902439025
0 0.7799377916018663 1.396341463414634 0.004665629860031105 0.024390243902439025
0 0.7227838258164853 1.4146341463414633 0.005443234836702955 0.024390243902439025
0 0.6967340590979783 1.3932926829268293 0.004665629860031105 0.018292682926829267
0 0.6901244167962675 1.391768292682927 0.005443234836702955 0.021341463414634148
0 0.6726283048211509 1.4176829268292683 0.004665629860031105 0.024390243902439025
0 0.6621306376360808 1.4100609756097562 0.005443234836702955 0.021341463414634148
0 0.6174183514774495 1.3551829268292683 0.012441679626749611 0.057926829268292686
0 0.614307931570762 1.3323170731707317 0.01088646967340591 0.04878048780487805
0 0.5847589424572317 1.3521341463414633 0.01088646967340591 0.04573170731707317
0 0.5793157076205288 1.3795731707317074 0.007776049766718507 0.039634146341463415
0 0.5606531881804043 1.3551829268292683 0.00933125972006221 0.04573170731707317
0 0.5517107309486781 1.3780487804878048 0.008553654743390357 0.036585365853658534
0 0.5097200622083982 1.3689024390243902 0.01166407465007776 0.036585365853658534
0 0.5252721617418351 1.3384146341463414 0.008553654743390357 0.03048780487804878
0 0.49922239502332816 1.3643292682926829 0.00933125972006221 0.039634146341463415
0 0.4832814930015552 1.3490853658536586 0.008553654743390357 0.04573170731707317
0 0.463452566096423 1.3780487804878048 0.00933125972006221 0.036585365853658534
0 0.442846034214619 1.375 0.01010886469673406 0.042682926829268296
0 0.4175738724727838 1.3810975609756098 0.00933125972006221 0.036585365853658534
0 0.40279937791601866 1.3673780487804879 0.007776049766718507 0.039634146341463415
0 0.3849144634525661 1.3948170731707317 0.007776049766718507 0.039634146341463415
0 0.3759720062208398 1.3948170731707317 0.006998444790046656 0.03353658536585366
0 0.3557542768273717 1.3810975609756098 0.008553654743390357 0.036585365853658534
0 0.3343701399688958 1.3429878048780488 0.01088646967340591 0.051829268292682924
0 0.3157076205287714 1.396341463414634 0.007776049766718507 0.042682926829268296
0 0.30287713841368585 1.3871951219512195 0.008553654743390357 0.042682926829268296
0 0.2690513219284603 1.3277439024390243 0.01088646967340591 0.04573170731707317
0 0.24727838258164853 1.3978658536585367 0.007776049766718507 0.027439024390243903
0 0.22433903576982892 1.4070121951219512 0.006998444790046656 0.03353658536585366
0 0.20178849144634525 1.3384146341463414 0.01166407465007776 0.04878048780487805
0 0.19090202177293936 1.3902439024390243 0.006998444790046656 0.036585365853658534
0 0.1792379471228616 1.4009146341463414 0.006998444790046656 0.027439024390243903
0 0.16329704510108864 1.4024390243902438 0.00933125972006221 0.03048780487804878
0 0.13763608087091758 1.3948170731707317 0.00933125972006221 0.039634146341463415
0 0.11741835147744946 1.4435975609756098 0.006220839813374806 0.027439024390243903
0 0.09292379471228616 1.361280487804878 0.01166407465007776 0.04573170731707317
0 0.0797045101088647 1.3841463414634145 0.01166407465007776 0.04878048780487805
0 0.03965785381026438 1.3719512195121952 0.015552099533437015 0.054878048780487805
0 0.020995334370139968 1.4009146341463414 0.012441679626749611 0.039634146341463415
