0 0.08865814696485623 1.0555555555555556 0.05910543130990415 0.4444444444444444
0 0.14896166134185304 1.3277777777777777 0.051916932907348244 0.4222222222222222
0 0.19249201277955272 1.1888888888888889 0.0463258785942492 0.36666666666666664
0 0.23322683706070288 1.4416666666666667 0.04952076677316294 0.40555555555555556
0 0.29033546325878595 1.1444444444444444 0.04073482428115016 0.37777777777777777
0 0.3742012779552716 1.3833333333333333 0.04233226837060703 0.34444444444444444
0 0.4480830670926518 1.3055555555555556 0.039936102236421724 0.35555555555555557
0 0.48442492012779553 1.038888888888889 0.03913738019169329 0.3333333333333333
0 0.5343450479233227 1.1555555555555554 0.04153354632587859 0.3888888888888889
0 0.6062300319488818 1.2138888888888888 0.04313099041533546 0.38333333333333336
0 0.6869009584664537 1.2638888888888888 0.0463258785942492 0.38333333333333336
0 0.7587859424920128 1.0888888888888888 0.04313099041533546 0.4
0 0.8150958466453674 1.5277777777777777 0.0439297124600639 0.3888888888888889
0 0.8398562300319489 0.975 0.04712460063897764 0.4166666666666667
0 0.9013578274760383 1.25 0.05351437699680511 0.4222222222222222
0 0.9812300319488818 0.9388888888888889 0.05511182108626198 0.43333333333333335
0 1.031549520766773 1.2444444444444445 0.05511182108626198 0.4444444444444444
