0 0.2242895805142084 1.837962962962963 0.06292286874154263 0.42592592592592593
0 0.22665764546684708 1.8657407407407407 0.05548037889039242 0.4444444444444444
0 0.4495940460081191 1.7037037037037037 0.029093369418132613 0.28703703703703703
0 0.4610960757780785 1.7199074074074074 0.02368064952638701 0.20833333333333334
0 0.5808525033829499 1.6689814814814814 0.029093369418132613 0.2361111111111111
0 0.6478349120433018 1.6990740740740742 0.05480378890392422 0.4537037037037037
0 1.0284167794316643 1.4583333333333333 0.056833558863328824 0.4166666666666667
0 0.9607577807848444 1.5601851851851851 0.04871447902571042 0.4074074074074074
0 0.8914073071718539 1.3935185185185186 0.02503382949932341 0.2037037037037037
0 0.8257780784844384 1.4421296296296295 0.030446549391069014 0.25462962962962965
0 0.6092692828146143 1.662037037037037 0.02097428958051421 0.2037037037037037
0 0.7540595399188093 1.6064814814814814 0.022327469553450607 0.19444444444444445
0 0.4042625169147497 1.5393518518518519 0.012855209742895805 0.09722222222222222
0 0.27604871447902574 1.3935185185185186 0.009472259810554804 0.06481481481481481
0 0.16576454668470908 1.3333333333333333 0.014884979702300407 0.1111111111111111
0 0.12415426251691475 1.3240740740740742 0.011502029769959404 0.09259259259259259
0 0.15257104194857915 1.3171296296296295 0.011502029769959404 0.08796296296296297
0 0.32543978349120434 1.5416666666666667 0.029769959404600813 0.4722222222222222
0 0.8518267929634641 1.4537037037037037 0.023004059539918808 0.2037037037037037
0 0.8812584573748309 1.4467592592592593 0.022327469553450607 0.18055555555555555
0 0.7777401894451962 1.4791666666666667 0.031799729364005415 0.2361111111111111
