0 0.14722753346080306 6.5182926829268295 0.06500956022944551 0.47560975609756095
0 0.35850860420650094 6.371951219512195 0.06309751434034416 0.47560975609756095
0 0.5458891013384322 6.695121951219512 0.040152963671128104 0.3170731707317073
0 0.058317399617590825 6.859756097560975 0.0248565965583174 0.15853658536585366
0 0.23422562141491396 6.841463414634147 0.017208413001912046 0.12195121951219512
0 0.627151051625239 6.597560975609756 0.015296367112810707 0.12195121951219512
0 0.6405353728489483 6.579268292682927 0.019120458891013385 0.13414634146341464
0 0.7762906309751434 6.646341463414634 0.011472275334608031 0.0975609756097561
0 0.780114722753346 6.628048780487805 0.015296367112810707 0.08536585365853659
0 0.8202676864244742 6.573170731707317 0.015296367112810707 0.0975609756097561
0 0.8260038240917782 6.5182926829268295 0.015296367112810707 0.13414634146341464
0 0.9483747609942639 6.25 0.07648183556405354 0.6219512195121951
0 1.0009560229445507 6.4817073170731705 0.08986615678776291 0.47560975609756095
