0 0.10888888888888888 0.8976063829787234 0.06111111111111111 0.4122340425531915
0 0.16277777777777777 0.7805851063829787 0.052222222222222225 0.2845744680851064
0 0.20444444444444446 0.9414893617021277 0.05555555555555555 0.35638297872340424
0 0.2877777777777778 1.2539893617021276 0.057777777777777775 0.34308510638297873
0 0.2927777777777778 0.9215425531914894 0.04666666666666667 0.300531914893617
0 0.2902777777777778 0.6303191489361702 0.050555555555555555 0.2978723404255319
0 0.3511111111111111 1.0611702127659575 0.04888888888888889 0.3404255319148936
0 0.39 0.9773936170212766 0.042222222222222223 0.27925531914893614
0 0.4152777777777778 0.7566489361702128 0.045 0.29521276595744683
0 0.46 0.7632978723404256 0.052222222222222225 0.26063829787234044
0 0.46055555555555555 1.1077127659574468 0.044444444444444446 0.3271276595744681
0 0.5594444444444444 1.050531914893617 0.05 0.2978723404255319
0 0.5163888888888889 0.636968085106383 0.042777777777777776 0.24202127659574468
0 0.5605555555555556 0.8045212765957447 0.04 0.2579787234042553
0 0.6394444444444445 1.1875 0.05444444444444444 0.3377659574468085
0 0.7219444444444445 1.1037234042553192 0.050555555555555555 0.31382978723404253
0 0.6741666666666667 0.8829787234042553 0.050555555555555555 0.30851063829787234
0 0.6327777777777778 0.7832446808510638 0.04111111111111111 0.2526595744680851
0 0.6636111111111112 0.5492021276595744 0.041666666666666664 0.2473404255319149
0 0.8055555555555556 1.122340425531915 0.05555555555555555 0.3191489361702128
0 0.8905555555555555 1.2207446808510638 0.05555555555555555 0.324468085106383
0 1.0044444444444445 0.9055851063829787 0.06222222222222222 0.35904255319148937
0 0.9933333333333333 0.6356382978723404 0.05555555555555555 0.3191489361702128
0 0.9275 0.800531914893617 0.05722222222222222 0.31382978723404253
0 0.8616666666666667 0.773936170212766 0.043333333333333335 0.2712765957446808
0 0.8086111111111111 0.7367021276595744 0.05611111111111111 0.324468085106383
0 0.7788888888888889 0.7526595744680851 0.03777777777777778 0.26595744680851063
