0 1.0043336944745396 1.0679723502304148 0.028169014084507043 0.07142857142857142
0 0.9501625135427952 1.0311059907834101 0.023835319609967497 0.06682027649769585
0 0.9528710725893824 0.8732718894009217 0.024918743228602384 0.059907834101382486
0 0.8981581798483207 0.8917050691244239 0.02600216684723727 0.06912442396313365
0 0.8374864572047671 1.0887096774193548 0.02600216684723727 0.07142857142857142
0 0.8813651137594799 1.0069124423963134 0.027085590465872156 0.06912442396313365
0 0.8607800650054171 0.9216589861751152 0.020585048754062838 0.055299539170506916
0 0.8374864572047671 1.032258064516129 0.023835319609967497 0.06451612903225806
0 0.804442036836403 1.0783410138248848 0.020585048754062838 0.059907834101382486
0 0.8109425785482124 0.9147465437788018 0.02275189599133261 0.055299539170506916
0 0.7540628385698809 1.0599078341013826 0.02600216684723727 0.059907834101382486
0 0.7573131094257854 0.8963133640552995 0.02600216684723727 0.055299539170506916
0 0.695557963163597 1.131336405529954 0.030335861321776816 0.08294930875576037
0 0.7199349945828819 1.0576036866359446 0.024918743228602384 0.059907834101382486
0 0.7210184182015168 0.9308755760368663 0.02275189599133261 0.06451612903225806
0 0.6630552546045504 1.0656682027649769 0.023835319609967497 0.06682027649769585
0 0.6695557963163596 0.8940092165898618 0.023835319609967497 0.059907834101382486
0 0.5958829902491874 1.1267281105990783 0.02600216684723727 0.07373271889400922
0 0.6175514626218852 1.055299539170507 0.023835319609967497 0.06451612903225806
0 0.5785482123510293 1.0495391705069124 0.023835319609967497 0.06221198156682028
0 0.6310942578548212 0.9066820276497696 0.020585048754062838 0.0576036866359447
0 0.5888407367280607 0.9032258064516129 0.02275189599133261 0.055299539170506916
0 0.5357529794149513 0.8859447004608295 0.024918743228602384 0.06682027649769585
0 0.5178764897074756 1.0656682027649769 0.021668472372697724 0.052995391705069124
0 0.4945828819068256 0.9055299539170507 0.020585048754062838 0.055299539170506916
0 0.4626218851570964 1.076036866359447 0.021668472372697724 0.06451612903225806
0 0.5108342361863488 1.153225806451613 0.024918743228602384 0.07142857142857142
0 0.4550379198266522 0.9124423963133641 0.023835319609967497 0.059907834101382486
0 0.414409534127844 0.9009216589861752 0.02275189599133261 0.055299539170506916
0 0.3808234019501625 1.0495391705069124 0.024918743228602384 0.06682027649769585
0 0.35752979414951247 0.8928571428571429 0.02600216684723727 0.06682027649769585
0 0.3120260021668472 0.9043778801843319 0.023835319609967497 0.0576036866359447
0 0.3293607800650054 1.076036866359447 0.023835319609967497 0.06912442396313365
0 0.2887323943661972 1.1612903225806452 0.027085590465872156 0.07373271889400922
0 0.28277356446370533 1.0783410138248848 0.02600216684723727 0.055299539170506916
0 0.25568797399783316 0.8917050691244239 0.023835319609967497 0.06451612903225806
0 0.22318526543878656 1.1232718894009217 0.028169014084507043 0.07142857142857142
0 0.20693391115926327 1.0357142857142858 0.023835319609967497 0.06221198156682028
0 0.21180931744312026 0.9009216589861752 0.024918743228602384 0.06451612903225806
0 0.16522210184182015 1.0460829493087558 0.027085590465872156 0.07373271889400922
0 0.1581798483206934 0.8836405529953917 0.02600216684723727 0.06682027649769585
0 0.13109425785482123 1.0725806451612903 0.030335861321776816 0.07142857142857142
0 0.11484290357529794 0.9112903225806451 0.023835319609967497 0.0576036866359447
0 0.09371614301191766 1.012672811059908 0.02925243770314193 0.06221198156682028
0 0.06608884073672806 0.8951612903225806 0.02600216684723727 0.07142857142857142
0 0.03304442036836403 1.0184331797235022 0.02925243770314193 0.06912442396313365
0 0.04225352112676056 1.0933179723502304 0.03683640303358613 0.08986175115207373
