0 1.0604395604395604 1.7153614457831325 0.1282051282051282 0.286144578313253
0 0.5744810744810744 1.730421686746988 0.09157509157509157 0.2921686746987952
0 0.32783882783882784 1.6852409638554218 0.10622710622710622 0.32831325301204817
0 0.17887667887667888 1.3825301204819278 0.10866910866910867 0.3373493975903614
0 0.5482295482295483 1.1867469879518073 0.09035409035409035 0.2710843373493976
0 0.7216117216117216 1.3870481927710843 0.08547008547008547 0.3102409638554217
0 0.9548229548229549 1.3825301204819278 0.0927960927960928 0.29518072289156627
0 0.8070818070818071 1.0090361445783131 0.08302808302808302 0.26506024096385544
0 0.9731379731379731 1.069277108433735 0.09523809523809523 0.26506024096385544
0 0.49206349206349204 1.2801204819277108 0.05372405372405373 0.15060240963855423
