0 0.9669987546699875 1.0669934640522876 0.058530510585305104 0.14705882352941177
0 0.9564134495641345 0.9787581699346405 0.0448318804483188 0.14052287581699346
0 0.8580323785803238 0.946078431372549 0.052303860523038606 0.16666666666666666
0 0.7963885429638854 0.9477124183006536 0.06102117061021171 0.20915032679738563
0 0.7154420921544209 0.9477124183006536 0.10087173100871731 0.2549019607843137
0 0.638854296388543 1.0065359477124183 0.039850560398505604 0.1111111111111111
0 0.4476961394769614 0.8660130718954249 0.0759651307596513 0.23529411764705882
0 0.5298879202988792 1.0212418300653594 0.053549190535491904 0.14705882352941177
0 0.4016189290161893 1.1241830065359477 0.031133250311332503 0.0915032679738562
0 0.3082191780821918 0.9640522875816994 0.0186799501867995 0.05228758169934641
0 0.2683686176836862 0.9199346405228758 0.031133250311332503 0.10130718954248366
0 0.2534246575342466 0.9656862745098039 0.043586550435865505 0.12091503267973856
0 0.17995018679950187 1.0686274509803921 0.09838107098381071 0.27450980392156865
0 0.05790784557907846 1.3888888888888888 0.0784557907845579 0.21568627450980393
0 0.04919053549190536 1.0604575163398693 0.033623910336239106 0.10130718954248366
0 0.06351183063511831 1.0032679738562091 0.029887920298879204 0.0915032679738562
0 0.12577833125778332 0.946078431372549 0.039850560398505604 0.10130718954248366
0 0.12577833125778332 0.9493464052287581 0.04234122042341221 0.10784313725490197
0 0.20049813200498132 0.9411764705882353 0.029887920298879204 0.09803921568627451
