0 0.08388157894736842 0.3876475548060708 0.054402834008097166 0.11256323777403035
0 0.14612854251012145 0.4662731871838111 0.0625 0.1281618887015177
0 0.24139676113360323 0.403035413153457 0.03694331983805668 0.0851602023608769
0 0.3723431174089069 0.33811129848229343 0.04731781376518219 0.11298482293423272
0 0.4988613360323887 0.33558178752107926 0.0382085020242915 0.08431703204047218
0 0.6191801619433198 0.3534991568296796 0.0673076923076923 0.1218381112984823
0 0.7291244939271255 0.3954468802698145 0.05187246963562753 0.112141652613828
0 0.9846912955465587 0.5543844856661045 0.08577935222672065 0.15092748735244518
0 0.04377530364372469 0.43908094435075884 0.032388663967611336 0.06281618887015177
0 0.16561234817813766 0.8368465430016864 0.09640688259109312 0.19645868465430016
0 0.3837297570850202 0.903035413153457 0.11513157894736842 0.2133220910623946
0 0.6306933198380567 0.9047217537942664 0.10855263157894737 0.22934232715008432
0 0.6905364372469636 0.6711635750421585 0.06983805668016195 0.1399662731871838
0 0.21875 0.35328836424957843 0.03365384615384615 0.0733558178752108
0 0.26834514170040485 0.29131534569983136 0.026062753036437247 0.04384485666104553
0 0.34463562753036436 0.28520236087689715 0.04149797570850203 0.10497470489038786
0 0.4709008097165992 0.28836424957841483 0.03390688259109312 0.05986509274873524
0 0.524164979757085 0.31513490725126475 0.02909919028340081 0.048482293423271504
0 0.5875506072874493 0.30522765598650925 0.02327935222672065 0.048060708263069137
0 0.6893977732793523 0.2870994940978078 0.03365384615384615 0.07419898819561552
0 0.8402074898785425 0.3781618887015177 0.05339068825910931 0.1087689713322091
0 0.7711285425101214 0.3168212478920742 0.02758097165991903 0.06365935919055649
0 0.8617155870445344 0.3092327150084317 0.03618421052631579 0.06618887015177066
0 0.5155617408906883 0.2025716694772344 0.02353238866396761 0.05354131534569983
0 0.5717358299595142 0.2561129848229342 0.021002024291497976 0.047639123102866776
0 0.569078947368421 0.17811973018549748 0.016194331983805668 0.030775716694772345
0 0.6115890688259109 0.2782462057335582 0.02327935222672065 0.04384485666104553
0 0.46419534412955465 0.14650084317032042 0.021002024291497976 0.04258010118043845
0 0.12297570850202429 0.2424114671163575 0.005566801619433198 0.00927487352445194
0 0.43661437246963564 0.29131534569983136 0.02201417004048583 0.04468802698145025
0 0.39954453441295545 0.7065767284991569 0.08552631578947369 0.15261382799325462
