0 0.16295707472178061 3.624 0.006359300476947536 0.08
0 0.19475357710651828 3.588 0.01589825119236884 0.168
0 0.4300476947535771 3.72 0.012718600953895072 0.144
0 0.4407790143084261 3.68 0.015103338632750398 0.16
0 0.6263910969793323 3.728 0.00794912559618442 0.08
0 0.6494435612082671 3.62 0.017488076311605722 0.2
0 0.6764705882352942 3.78 0.00794912559618442 0.088
0 0.722972972972973 3.704 0.01987281399046105 0.192
0 0.7619236883942766 3.772 0.013513513513513514 0.184
0 0.8473767885532592 3.82 0.017488076311605722 0.2
0 0.884737678855326 4.124 0.022257551669316374 0.584
0 0.9105723370429253 3.824 0.007154213036565978 0.096
0 0.9272655007949125 3.776 0.007154213036565978 0.08
0 0.9574721780604134 3.864 0.007154213036565978 0.08
