0 0.011374876360039565 1.4697986577181208 0.016815034619188922 0.053691275167785234
0 0.040553907022749754 1.4932885906040267 0.013847675568743818 0.04697986577181208
0 0.06874381800197824 1.4211409395973154 0.01483679525222552 0.050335570469798654
0 0.08654797230464886 1.412751677852349 0.020771513353115726 0.06711409395973154
0 0.10731948565776459 1.4345637583892616 0.012858555885262116 0.050335570469798654
0 0.12561819980217606 1.3942953020134228 0.01582591493570722 0.05704697986577181
0 0.1513353115727003 1.4798657718120805 0.011869436201780416 0.04697986577181208
0 0.18298714144411474 1.4647651006711409 0.009891196834817012 0.050335570469798654
0 0.2012858555885262 1.4479865771812082 0.010880316518298714 0.03691275167785235
0 0.20375865479723046 1.429530201342282 0.009891196834817012 0.040268456375838924
0 0.228486646884273 1.4261744966442953 0.009891196834817012 0.03355704697986577
0 0.2551928783382789 1.4228187919463087 0.009891196834817012 0.03355704697986577
0 0.28239366963402573 1.3338926174496644 0.018793273986152326 0.07046979865771812
0 0.30019782393669636 1.3875838926174497 0.012858555885262116 0.03691275167785235
0 0.32443125618199803 1.3842281879194631 0.011869436201780416 0.0436241610738255
0 0.3536102868447082 1.2919463087248322 0.024727992087042534 0.09395973154362416
0 0.40158259149357073 1.3909395973154361 0.00791295746785361 0.03691275167785235
0 0.44609297725024727 1.4093959731543624 0.00791295746785361 0.026845637583892617
0 0.5049455984174085 1.3355704697986577 0.010880316518298714 0.040268456375838924
0 0.5380811078140455 1.2533557046979866 0.02373887240356083 0.07718120805369127
0 0.5865479723046488 1.3036912751677852 0.011869436201780416 0.0436241610738255
0 0.5999010880316519 1.2852348993288591 0.016815034619188922 0.053691275167785234
0 0.6196834817012858 1.308724832214765 0.012858555885262116 0.053691275167785234
0 0.6364985163204748 1.2885906040268456 0.012858555885262116 0.053691275167785234
0 0.6562809099901088 1.2583892617449663 0.012858555885262116 0.053691275167785234
0 0.6938674579624134 1.2818791946308725 0.012858555885262116 0.04697986577181208
0 0.7032640949554896 1.0788590604026846 0.03165182987141444 0.13087248322147652
0 0.7893175074183977 1.1308724832214765 0.021760633036597428 0.0738255033557047
0 0.7655786350148368 1.0838926174496644 0.033630069238377844 0.11409395973154363
0 0.7843719090009891 1.139261744966443 0.019782393669634024 0.07046979865771812
0 0.7858555885262116 1.1275167785234899 0.020771513353115726 0.0738255033557047
0 0.8293768545994066 1.2583892617449663 0.01483679525222552 0.053691275167785234
0 0.8273986152324432 1.2600671140939597 0.01483679525222552 0.06375838926174497
0 0.8392680514342236 1.226510067114094 0.01483679525222552 0.050335570469798654
0 0.870919881305638 1.2399328859060403 0.01483679525222552 0.05704697986577181
0 0.8887240356083086 1.238255033557047 0.012858555885262116 0.053691275167785234
0 0.8991097922848664 1.3070469798657718 0.03165182987141444 0.32550335570469796
0 0.9090009891196835 1.1895973154362416 0.011869436201780416 0.05704697986577181
0 0.9327398615232443 1.2063758389261745 0.019782393669634024 0.05704697986577181
0 0.9559841740850643 1.1661073825503356 0.016815034619188922 0.06375838926174497
0 0.9807121661721068 1.1879194630872483 0.016815034619188922 0.06040268456375839
0 0.9950544015825915 1.139261744966443 0.01582591493570722 0.06375838926174497
