0 0.006987577639751553 1.1525974025974026 0.026397515527950312 0.07792207792207792
0 0.09627329192546584 1.099025974025974 0.034161490683229816 0.09415584415584416
0 0.10093167701863354 1.323051948051948 0.037267080745341616 0.08766233766233766
0 0.20729813664596272 1.1136363636363635 0.03571428571428571 0.07792207792207792
0 0.05201863354037267 0.9285714285714286 0.020186335403726708 0.05194805194805195
0 0.09083850931677019 0.900974025974026 0.026397515527950312 0.06168831168831169
0 0.1203416149068323 0.8863636363636364 0.020186335403726708 0.05844155844155844
0 0.10714285714285714 0.823051948051948 0.018633540372670808 0.048701298701298704
0 0.1482919254658385 0.875 0.023291925465838508 0.048701298701298704
0 0.1529503105590062 0.827922077922078 0.017080745341614908 0.045454545454545456
0 0.18167701863354038 0.8912337662337663 0.024844720496894408 0.05519480519480519
0 0.19487577639751552 0.8344155844155844 0.023291925465838508 0.05194805194805195
0 0.18555900621118013 0.8165584415584416 0.020186335403726708 0.048701298701298704
0 0.2204968944099379 0.7840909090909091 0.021739130434782608 0.04220779220779221
0 0.2360248447204969 0.8198051948051948 0.018633540372670808 0.048701298701298704
0 0.2484472049689441 0.8457792207792207 0.021739130434782608 0.048701298701298704
0 0.2639751552795031 0.875 0.018633540372670808 0.048701298701298704
0 0.2864906832298137 0.8571428571428571 0.020186335403726708 0.045454545454545456
0 0.33462732919254656 0.8993506493506493 0.023291925465838508 0.05844155844155844
0 0.3548136645962733 0.9107142857142857 0.020186335403726708 0.048701298701298704
0 0.3501552795031056 0.8051948051948052 0.023291925465838508 0.045454545454545456
0 0.23524844720496896 0.6087662337662337 0.010869565217391304 0.022727272727272728
0 0.39285714285714285 0.5974025974025974 0.009316770186335404 0.01948051948051948
0 0.41537267080745344 0.8603896103896104 0.020186335403726708 0.045454545454545456
0 0.4309006211180124 0.8035714285714286 0.017080745341614908 0.048701298701298704
0 0.4580745341614907 0.8344155844155844 0.021739130434782608 0.05194805194805195
0 0.48214285714285715 0.8409090909090909 0.020186335403726708 0.05194805194805195
0 0.5023291925465838 0.8652597402597403 0.020186335403726708 0.048701298701298704
0 0.5093167701863354 0.8311688311688312 0.018633540372670808 0.03896103896103896
0 0.5729813664596274 0.8051948051948052 0.021739130434782608 0.03896103896103896
0 0.5667701863354038 0.9675324675324676 0.024844720496894408 0.06493506493506493
0 0.5822981366459627 0.8961038961038961 0.024844720496894408 0.05844155844155844
0 0.6226708074534162 0.849025974025974 0.021739130434782608 0.04220779220779221
0 0.6529503105590062 0.8555194805194806 0.023291925465838508 0.048701298701298704
0 0.6506211180124224 0.7938311688311688 0.018633540372670808 0.048701298701298704
0 0.702639751552795 0.823051948051948 0.023291925465838508 0.06168831168831169
0 0.718167701863354 0.836038961038961 0.023291925465838508 0.05519480519480519
0 0.7484472049689441 0.7727272727272727 0.018633540372670808 0.05194805194805195
0 0.7577639751552795 0.7678571428571429 0.018633540372670808 0.04220779220779221
0 0.7942546583850931 0.7808441558441559 0.020186335403726708 0.04220779220779221
0 0.842391304347826 0.7727272727272727 0.023291925465838508 0.045454545454545456
0 0.8066770186335404 0.827922077922078 0.023291925465838508 0.05194805194805195
0 0.8299689440993789 0.8587662337662337 0.023291925465838508 0.05519480519480519
0 0.9277950310559007 0.7775974025974026 0.023291925465838508 0.048701298701298704
0 0.9386645962732919 0.827922077922078 0.023291925465838508 0.05844155844155844
0 0.9316770186335404 0.9285714285714286 0.021739130434782608 0.05844155844155844
0 0.7150621118012422 1.0097402597402598 0.029503105590062112 0.07142857142857142
0 0.5970496894409938 0.6233766233766234 0.010869565217391304 0.025974025974025976
