0 0.11359570661896243 2.375 0.07692307692307693 0.4519230769230769
0 0.19588550983899822 2.2259615384615383 0.11270125223613596 0.7019230769230769
0 0.3877459749552773 2.389423076923077 0.06529516994633273 0.3942307692307692
0 0.4275491949910555 2.4326923076923075 0.03577817531305903 0.2692307692307692
0 0.6211985688729875 2.4663461538461537 0.022361359570661897 0.15384615384615385
0 0.5223613595706619 2.4375 0.04830053667262969 0.3076923076923077
0 0.6355098389982111 2.4615384615384617 0.024150268336314847 0.15384615384615385
0 0.6806797853309481 2.456730769230769 0.017889087656529516 0.09615384615384616
0 0.7066189624329159 2.5240384615384617 0.02146690518783542 0.14423076923076922
0 1.0022361359570662 2.4158653846153846 0.14579606440071557 0.8509615384615384
0 0.9110017889087657 2.4110576923076925 0.06708407871198568 0.40865384615384615
0 0.8443649373881932 2.5625 0.03756708407871199 0.22115384615384615
