0 0.06402439024390244 0.5806709265175719 0.05894308943089431 0.0878594249201278
0 0.11585365853658537 0.7763578274760383 0.07926829268292683 0.16293929712460065
0 0.31148373983739835 0.5583067092651757 0.049796747967479675 0.09424920127795527
0 0.3323170731707317 0.694888178913738 0.06707317073170732 0.12140575079872204
0 0.4994918699186992 0.6853035143769968 0.08028455284552846 0.15654952076677317
0 0.6255081300813008 0.7779552715654952 0.057926829268292686 0.10862619808306709
0 0.7098577235772358 0.7771565495207667 0.08231707317073171 0.14217252396166133
0 0.8277439024390244 0.7428115015974441 0.049796747967479675 0.08945686900958466
0 0.9491869918699187 0.9105431309904153 0.1016260162601626 0.20766773162939298
0 0.8927845528455285 0.6869009584664537 0.047764227642276426 0.08306709265175719
0 0.9512195121951219 0.4736421725239617 0.04878048780487805 0.07507987220447285
0 0.7245934959349594 0.3817891373801917 0.014227642276422764 0.025559105431309903
0 0.7164634146341463 0.3801916932907348 0.012195121951219513 0.022364217252396165
0 0.6844512195121951 0.37859424920127793 0.017276422764227643 0.025559105431309903
0 0.6753048780487805 0.3889776357827476 0.009146341463414634 0.01757188498402556
0 0.6300813008130082 0.39057507987220447 0.012195121951219513 0.020766773162939296
0 0.5995934959349594 0.39217252396166136 0.014227642276422764 0.020766773162939296
0 0.5665650406504065 0.36900958466453676 0.019308943089430895 0.03194888178913738
0 0.4654471544715447 0.46645367412140576 0.032520325203252036 0.05750798722044728
0 0.4496951219512195 0.38099041533546324 0.021341463414634148 0.039936102236421724
0 0.366869918699187 0.3146964856230032 0.014227642276422764 0.03194888178913738
0 0.3328252032520325 0.3250798722044728 0.013211382113821139 0.023961661341853034
0 0.3013211382113821 0.3226837060702875 0.013211382113821139 0.02875399361022364
0 0.3008130081300813 0.3706070287539936 0.016260162601626018 0.02875399361022364
0 0.29878048780487804 0.3961661341853035 0.016260162601626018 0.02875399361022364
0 0.2545731707317073 0.3314696485623003 0.013211382113821139 0.027156549520766772
0 0.25558943089430897 0.4480830670926518 0.029471544715447155 0.05591054313099041
0 0.20833333333333334 0.384185303514377 0.008130081300813009 0.01437699680511182
0 0.1839430894308943 0.38578274760383385 0.01016260162601626 0.020766773162939296
0 0.16107723577235772 0.4001597444089457 0.01524390243902439 0.03035143769968051
0 0.058434959349593495 0.38498402555910544 0.013211382113821139 0.022364217252396165
0 0.02540650406504065 0.41054313099041534 0.02032520325203252 0.038338658146964855
0 0.896849593495935 0.39696485623003197 0.019308943089430895 0.03035143769968051
0 0.6773373983739838 1.0071884984025559 0.10264227642276423 0.17092651757188498
0 0.7728658536585366 0.3889776357827476 0.013211382113821139 0.023961661341853034
0 0.8038617886178862 0.40175718849840253 0.014227642276422764 0.023961661341853034
0 0.823170731707317 0.41293929712460065 0.012195121951219513 0.023961661341853034
0 0.842479674796748 0.45926517571884984 0.036585365853658534 0.17412140575079874
0 0.9588414634146342 0.4009584664536741 0.019308943089430895 0.03514376996805112
0 0.524390243902439 0.3993610223642173 0.01016260162601626 0.019169329073482427
0 0.540650406504065 0.3937699680511182 0.012195121951219513 0.020766773162939296
0 0.3907520325203252 0.4057507987220447 0.017276422764227643 0.02875399361022364
0 0.4247967479674797 0.40654952076677314 0.014227642276422764 0.023961661341853034
0 0.08028455284552846 0.4169329073482428 0.02032520325203252 0.038338658146964855
0 0.09552845528455285 0.4520766773162939 0.028455284552845527 0.051118210862619806
0 0.038109756097560975 0.38258785942492013 0.011178861788617886 0.020766773162939296
0 0.11382113821138211 0.38099041533546324 0.006097560975609756 0.011182108626198083
