0 0.12037261069441084 3.3002832861189804 0.016210984756835228 0.12464589235127478
0 0.3577304621340431 3.344900849858357 0.009436244858456327 0.049575070821529746
0 0.5412533268812001 3.2577903682719547 0.012581659811275103 0.0906515580736544
0 0.7114686668279699 3.2932011331444757 0.012823614807645777 0.0821529745042493
0 0.9178562787321558 3.321529745042493 0.014275344785869828 0.07932011331444759
0 0.9343092184853617 3.2932011331444757 0.011855794822163078 0.0821529745042493
0 0.9646745705298815 3.3392351274787537 0.010646019840309702 0.06657223796033994
0 0.6317444955238326 2.9376770538243626 0.008226469876602952 0.04815864022662889
0 0.6195257682071135 2.826487252124646 0.008468424872973626 0.05240793201133145
0 0.520445197193322 2.7946175637393766 0.0062908299056375514 0.036827195467422094
0 0.5326639245100412 2.618271954674221 0.005564964916525526 0.032577903682719546
0 0.5639970965400436 2.6140226628895182 0.004355189934672151 0.032577903682719546
0 0.5819017662714735 2.6742209631728047 0.009678199854827003 0.14447592067988668
0 0.5907331236390031 2.623229461756374 0.004597144931042826 0.028328611898016998
0 0.6167432857488507 2.5927762039660056 0.004355189934672151 0.026912181303116147
0 0.5120977498185337 2.3895184135977336 0.0050810549237841765 0.0339943342776204
0 0.5048390999274135 2.5460339943342776 0.0050810549237841765 0.032577903682719546
0 0.8248245826276313 2.4589235127478752 0.0062908299056375514 0.039660056657223795
0 0.8930558916041617 2.495042492917847 0.006774739898378902 0.043909348441926344
0 0.9618920880716186 2.5063739376770537 0.004597144931042826 0.032577903682719546
0 0.9777401403338979 2.5007082152974505 0.005323009920154851 0.03541076487252125
0 0.9915315751270264 2.495042492917847 0.005806919912896201 0.03541076487252125
0 1.0024195499637067 2.5056657223796033 0.004839099927413501 0.031161473087818695
0 1.0127026373094605 2.63314447592068 0.009920154851197677 0.18413597733711048
0 0.16900556496491653 2.4723796033994336 0.004597144931042826 0.029745042492917848
0 0.07694168884587467 2.6225212464589234 0.004839099927413501 0.032577903682719546
0 0.02056617469150738 2.679886685552408 0.005806919912896201 0.039660056657223795
0 0.040406484393902736 2.754957507082153 0.005323009920154851 0.036827195467422094
