0 0.03634085213032581 0.7011217948717948 0.06641604010025062 0.19391025641025642
0 0.09116541353383459 0.8261217948717948 0.05325814536340852 0.15544871794871795
0 0.1055764411027569 0.8092948717948718 0.05325814536340852 0.15705128205128205
0 0.1651002506265664 0.7924679487179487 0.03822055137844611 0.1330128205128205
0 0.22086466165413535 0.7251602564102564 0.041979949874686714 0.1201923076923077
0 0.20144110275689223 0.78125 0.02694235588972431 0.07852564102564102
0 0.2756892230576441 0.7748397435897436 0.02882205513784461 0.07852564102564102
0 0.31453634085213034 0.7459935897435898 0.03383458646616541 0.09775641025641026
0 0.3609022556390977 0.7796474358974359 0.03508771929824561 0.1201923076923077
0 0.3881578947368421 0.7435897435897436 0.023182957393483708 0.08653846153846154
0 0.38596491228070173 0.7411858974358975 0.02631578947368421 0.08173076923076923
0 0.4633458646616541 0.8020833333333334 0.044486215538847115 0.14262820512820512
0 0.6118421052631579 0.7227564102564102 0.05952380952380952 0.17307692307692307
0 0.9583333333333334 0.6891025641025641 0.044486215538847115 0.125
0 0.9244987468671679 0.6514423076923077 0.039473684210526314 0.11378205128205128
0 0.8289473684210527 0.6546474358974359 0.03383458646616541 0.11698717948717949
0 0.7171052631578947 0.7251602564102564 0.046992481203007516 0.13942307692307693
0 0.7869674185463659 0.6818910256410257 0.03007518796992481 0.10096153846153846
0 0.7647243107769424 0.6875 0.02944862155388471 0.09294871794871795
0 0.7255639097744361 0.7003205128205128 0.03258145363408521 0.10256410256410256
0 0.6763784461152882 0.6955128205128205 0.02568922305764411 0.09935897435897435
0 0.6412907268170426 0.6498397435897436 0.02694235588972431 0.09134615384615384
0 0.556077694235589 0.7307692307692307 0.02443609022556391 0.08333333333333333
0 0.5338345864661654 0.7652243589743589 0.018796992481203006 0.0625
