0 0.219811320754717 0.5446841294298922 0.04641509433962264 0.24499229583975346
0 0.3290566037735849 0.5747303543913713 0.03320754716981132 0.1633281972265023
0 0.3722641509433962 0.6494607087827426 0.041132075471698115 0.2295839753466872
0 0.40037735849056605 0.6417565485362096 0.02943396226415094 0.15870570107858242
0 0.42452830188679247 0.5824345146379045 0.02490566037735849 0.12326656394453005
0 0.4981132075471698 0.539291217257319 0.03169811320754717 0.1510015408320493
0 0.5479245283018868 0.6348228043143297 0.040754716981132075 0.23420647149460708
0 0.6420754716981132 0.6479198767334361 0.019245283018867923 0.0970724191063174
0 0.6835849056603773 0.6556240369799692 0.03132075471698113 0.13713405238828968
0 0.769811320754717 0.3921417565485362 0.07018867924528302 0.3713405238828968
0 0.8826415094339622 0.5963020030816641 0.10867924528301887 0.5639445300462249
0 1.1247169811320754 0.5308166409861325 0.045660377358490566 0.2110939907550077
