0 0.055487053020961775 1.464 0.04932182490752158 0.152
0 0.10542540073982737 1.628 0.03822441430332922 0.12
0 0.12268803945745993 1.436 0.035758323057953144 0.152
0 0.1658446362515413 1.576 0.03329223181257707 0.128
0 0.23304562268803947 1.54 0.032059186189889025 0.12
0 0.18557336621454995 1.386 0.03329223181257707 0.116
0 0.2792848335388409 1.452 0.03329223181257707 0.128
0 0.3162762022194821 1.48 0.025893958076448828 0.12
0 0.35141800246609123 1.53 0.032059186189889025 0.124
0 0.4155363748458693 1.464 0.036991368680641186 0.104
0 0.45745992601726265 1.434 0.02466091245376079 0.116
0 0.5104808877928483 1.476 0.02466091245376079 0.112
0 0.5665844636251541 1.394 0.025893958076448828 0.108
0 0.6473489519112207 1.426 0.02466091245376079 0.108
0 0.6997533908754624 1.352 0.02342786683107275 0.112
0 0.7422934648581998 1.394 0.027127003699136867 0.116
0 0.7934648581997534 1.306 0.03822441430332922 0.148
0 0.8803945745992602 1.36 0.03945745992601726 0.16
0 0.9734895191122072 1.35 0.03329223181257707 0.156
0 0.9241676942046856 1.022 0.030826140567200986 0.124
0 0.8397040690505548 0.992 0.032059186189889025 0.112
0 0.94019728729963 0.934 0.02836004932182491 0.108
0 0.9247842170160296 0.754 0.01972872996300863 0.068
0 0.9568434032059187 0.772 0.01726263871763255 0.064
0 0.8286066584463625 0.738 0.014796547472256474 0.068
0 0.8113440197287299 0.91 0.02466091245376079 0.092
0 0.749075215782984 1.084 0.025893958076448828 0.104
0 0.6713933415536375 1.066 0.02836004932182491 0.1
0 0.6294697903822442 1.188 0.025893958076448828 0.096
0 0.5530209617755857 1.112 0.02342786683107275 0.104
0 0.5221948212083847 1.096 0.030826140567200986 0.096
0 0.5875462392108508 1.266 0.02342786683107275 0.1
0 0.5166461159062885 1.328 0.029593094944512947 0.112
0 0.46979038224414305 1.266 0.027127003699136867 0.116
0 0.4204685573366215 1.318 0.027127003699136867 0.116
0 0.38964241676942046 1.234 0.02219482120838471 0.1
0 0.34833538840937117 1.214 0.02342786683107275 0.116
0 0.29901356350184954 1.232 0.02342786683107275 0.104
0 0.25092478421701603 1.326 0.02836004932182491 0.116
0 0.18372379778051787 1.272 0.027127003699136867 0.104
0 0.21763255240443896 1.194 0.025893958076448828 0.116
0 0.32367447595561033 1.116 0.018495684340320593 0.088
0 0.37422934648581996 1.156 0.025893958076448828 0.088
0 0.06288532675709001 1.022 0.0345252774352651 0.132
0 0.1091245376078915 1.034 0.02836004932182491 0.124
0 0.16707768187422933 1.028 0.02836004932182491 0.104
0 0.18927250308261406 0.984 0.025893958076448828 0.096
0 0.20838471023427868 0.962 0.02466091245376079 0.108
0 0.2379778051787916 0.948 0.02466091245376079 0.096
0 0.2762022194821208 0.976 0.02219482120838471 0.08
0 0.311960542540074 0.972 0.02219482120838471 0.088
0 0.343403205918619 1.018 0.02096177558569667 0.084
0 0.37792848335388407 0.986 0.02096177558569667 0.084
0 0.40443896424167697 1.084 0.02466091245376079 0.096
0 0.4321824907521578 1.074 0.02342786683107275 0.092
0 0.46177558569667077 1.142 0.02342786683107275 0.092
0 0.008631319358816275 1.036 0.036991368680641186 0.152
0 0.1313193588162762 0.99 0.02836004932182491 0.108
0 0.28236744759556104 0.906 0.01972872996300863 0.068
0 0.33292231812577067 0.94 0.01972872996300863 0.072
0 0.3520345252774353 0.958 0.016029593094944512 0.068
0 0.3995067817509248 0.968 0.01972872996300863 0.072
0 0.4204685573366215 0.964 0.01972872996300863 0.088
0 0.45869297163995065 0.978 0.01972872996300863 0.076
0 0.47780517879161527 0.998 0.02096177558569667 0.084
0 0.5 1.012 0.02342786683107275 0.096
0 0.5456226880394575 1.02 0.02342786683107275 0.096
0 0.5856966707768188 1.036 0.02466091245376079 0.104
0 0.6152897657213316 1.044 0.02466091245376079 0.096
0 0.5702836004932182 0.958 0.02096177558569667 0.084
0 0.593094944512947 0.968 0.02219482120838471 0.088
0 0.6325524044389642 0.996 0.02466091245376079 0.096
0 0.6553637484586929 1.008 0.02836004932182491 0.104
0 0.6615289765721332 0.93 0.02096177558569667 0.084
0 0.6220715166461159 0.874 0.016029593094944512 0.076
0 0.5745992601726264 0.886 0.01726263871763255 0.068
0 0.4272503082614057 0.828 0.018495684340320593 0.072
0 0.4525277435265105 0.8 0.02219482120838471 0.064
0 0.4845869297163995 0.808 0.02219482120838471 0.072
0 0.6115906288532675 0.838 0.014796547472256474 0.06
0 0.7028360049321825 0.98 0.02466091245376079 0.104
0 0.7231812577065352 1.034 0.02836004932182491 0.1
0 0.752157829839704 0.962 0.02466091245376079 0.1
0 0.6652281134401973 0.754 0.013563501849568433 0.06
0 0.6405672009864365 0.764 0.016029593094944512 0.064
0 0.5573366214549939 0.792 0.014796547472256474 0.056
0 0.5234278668310728 0.742 0.013563501849568433 0.068
0 0.4932182490752158 0.742 0.014796547472256474 0.068
0 0.4568434032059186 0.746 0.016029593094944512 0.068
0 0.23489519112207152 0.758 0.013563501849568433 0.06
0 0.26202219482120837 0.752 0.016029593094944512 0.056
0 0.5043156596794082 0.848 0.01972872996300863 0.064
0 0.5234278668310728 0.912 0.018495684340320593 0.064
0 0.5092478421701603 0.938 0.01972872996300863 0.076
0 0.5246609124537608 1.02 0.02342786683107275 0.088
0 0.7909987669543773 1.01 0.02836004932182491 0.108
0 0.5856966707768188 1.266 0.02219482120838471 0.1
0 0.31812577065351416 1.204 0.02466091245376079 0.104
0 0.35018495684340323 1.206 0.02466091245376079 0.108
0 0.5665844636251541 1.396 0.02342786683107275 0.104
