0 0.9779750164365549 1.3644314868804666 0.030900723208415515 0.15743440233236153
0 0.8583168967784353 1.5029154518950438 0.0190664036817883 0.08454810495626822
0 0.8004602235371466 1.597667638483965 0.020381328073635765 0.11078717201166181
0 0.7350427350427351 1.651603498542274 0.013149243918474688 0.0728862973760933
0 0.688034188034188 1.5947521865889214 0.01643655489809336 0.08746355685131195
0 0.6689677843523998 1.6428571428571428 0.01643655489809336 0.08454810495626822
0 0.4072978303747535 1.7682215743440233 0.011176857330703484 0.061224489795918366
0 0.4779750164365549 1.7463556851311954 0.013149243918474688 0.052478134110787174
0 0.5312294543063774 1.7215743440233235 0.017094017094017096 0.0728862973760933
0 0.5522682445759369 1.727405247813411 0.011834319526627219 0.06705539358600583
0 0.5752794214332676 1.683673469387755 0.013149243918474688 0.061224489795918366
0 0.598948060486522 1.9212827988338192 0.05128205128205128 0.7288629737609329
0 0.6245890861275477 1.6486880466472302 0.017094017094017096 0.09037900874635568
0 -0.0009861932938856016 2.097667638483965 0.011176857330703484 0.061224489795918366
0 0.00821827744904668 2.074344023323615 0.011176857330703484 0.061224489795918366
0 0.014464168310322156 2.0787172011661808 0.01051939513477975 0.052478134110787174
0 0.22978303747534518 2.020408163265306 0.008547008547008548 0.04081632653061224
0 0.33694937541091385 2.0466472303206995 0.003287310979618672 0.01749271137026239
0 0.3126232741617357 2.0510204081632653 0.003287310979618672 0.014577259475218658
0 0.09467455621301775 2.0481049562682214 0.0026298487836949377 0.014577259475218658
0 0.3155818540433925 2.0393586005830904 0.0039447731755424065 0.02040816326530612
