0 0.07432854465958776 6.443661971830986 0.006246096189881324 0.07042253521126761
0 0.04903185509056839 6.482394366197183 0.005621486570893191 0.06338028169014084
0 0.039038101186758274 6.475352112676056 0.005621486570893191 0.06338028169014084
0 0.1283572767020612 6.542253521126761 0.005621486570893191 0.07042253521126761
0 0.13960024984384758 6.542253521126761 0.006870705808869456 0.07042253521126761
0 0.19956277326670832 6.566901408450704 0.005621486570893191 0.06338028169014084
0 0.20830730793254215 6.647887323943662 0.004372267332916927 0.04225352112676056
0 0.212367270455965 6.605633802816901 0.006246096189881324 0.056338028169014086
0 0.26764522173641475 6.616197183098592 0.005621486570893191 0.06338028169014084
0 0.2726420986883198 6.595070422535211 0.005621486570893191 0.07746478873239436
0 0.325421611492817 6.619718309859155 0.006246096189881324 0.08450704225352113
0 0.3360399750156152 6.616197183098592 0.006246096189881324 0.07746478873239436
0 0.3529044347282948 6.665492957746479 0.006246096189881324 0.07746478873239436
0 0.42941911305434105 6.503521126760563 0.011867582760774516 0.20422535211267606
0 0.5321673953778888 6.732394366197183 0.006246096189881324 0.08450704225352113
0 0.5565271705184259 6.711267605633803 0.019987507807620236 0.2676056338028169
0 0.5902560899437851 6.257042253521127 0.009993753903810118 0.11971830985915492
0 0.5902560899437851 6.580985915492958 0.009993753903810118 0.13380281690140844
0 0.6068082448469706 6.563380281690141 0.010618363522798251 0.14084507042253522
0 0.5977514053716427 6.76056338028169 0.018738288569643973 0.28169014084507044
0 0.6289818863210493 6.552816901408451 0.017489069331667707 0.21830985915492956
0 0.6314803247970019 6.778169014084507 0.017489069331667707 0.2746478873239437
0 0.6739537788881949 6.714788732394366 0.016239850093691444 0.20422535211267606
0 0.7279825109306683 6.609154929577465 0.01561524047470331 0.21830985915492956
0 0.7439100562148657 6.644366197183099 0.009993753903810118 0.13380281690140844
0 0.7657713928794504 6.619718309859155 0.011242973141786383 0.15492957746478872
0 0.7738913179262961 6.612676056338028 0.009993753903810118 0.1267605633802817
0 0.7866958151155528 6.686619718309859 0.005621486570893191 0.07746478873239436
0 0.8004372267332917 6.707746478873239 0.006870705808869456 0.09154929577464789
0 0.8001249219237976 6.651408450704225 0.006246096189881324 0.07746478873239436
0 0.8204247345409119 6.623239436619718 0.006870705808869456 0.07746478873239436
0 0.8338538413491567 6.549295774647887 0.012492192379762648 0.15492957746478872
0 0.8703935040599625 6.563380281690141 0.016864459712679577 0.22535211267605634
0 0.8881948782011243 6.528169014084507 0.013741411617738912 0.15492957746478872
0 0.8956901936289818 6.679577464788732 0.013741411617738912 0.176056338028169
0 0.9172392254840724 6.707746478873239 0.005621486570893191 0.04929577464788732
0 0.9247345409119301 6.753521126760563 0.009369144284821987 0.1267605633802817
0 0.938475952529669 6.697183098591549 0.014366021236727046 0.19718309859154928
0 0.9403497813866334 6.609154929577465 0.010618363522798251 0.13380281690140844
0 0.9678326046221112 6.690140845070423 0.004372267332916927 0.056338028169014086
0 0.9797001873828857 6.679577464788732 0.005621486570893191 0.06338028169014084
