0 0.8817715959004392 3.599099099099099 0.024158125915080528 0.1981981981981982
0 0.9242313323572474 3.5382882882882885 0.019765739385065886 0.16666666666666666
0 0.907393850658858 3.5225225225225225 0.0212298682284041 0.16216216216216217
0 0.83601756954612 3.5405405405405403 0.029282576866764276 0.1981981981981982
0 0.7419472913616398 3.4324324324324325 0.0212298682284041 0.15315315315315314
0 0.7679355783308931 3.454954954954955 0.03367496339677892 0.21621621621621623
0 0.6379941434846267 3.5112612612612613 0.038799414348462666 0.2747747747747748
0 0.6423865300146413 3.3468468468468466 0.03587115666178624 0.26126126126126126
0 0.48462664714494874 3.5382882882882885 0.032210834553440704 0.20270270270270271
0 0.5230600292825769 3.5022522522522523 0.027086383601756955 0.18468468468468469
0 0.46815519765739383 3.3085585585585586 0.02855051244509517 0.15765765765765766
0 0.40483162518301613 3.434684684684685 0.02342606149341142 0.14864864864864866
0 0.20863836017569545 3.3445945945945947 0.03806734992679356 0.2747747747747748
0 0.01903367496339678 3.470720720720721 0.024890190336749635 0.19369369369369369
0 0.045021961932650074 3.436936936936937 0.02562225475841874 0.17117117117117117
0 0.3074670571010249 3.5045045045045047 0.02635431918008785 0.17117117117117117
0 0.3136896046852123 3.563063063063063 0.019765739385065886 0.11711711711711711
0 0.2529282576866764 3.5112612612612613 0.024158125915080528 0.18468468468468469
0 0.2664714494875549 3.328828828828829 0.017569546120058566 0.11711711711711711
0 0.3583455344070278 3.4481981981981984 0.01683748169838946 0.12162162162162163
0 0.3685944363103953 3.4144144144144146 0.018301610541727673 0.11711711711711711
0 0.34260614934114203 3.3265765765765765 0.017569546120058566 0.13963963963963963
0 0.4458272327964861 3.40990990990991 0.017569546120058566 0.10810810810810811
0 0.5245241581259151 3.373873873873874 0.01683748169838946 0.10810810810810811
0 0.5940702781844802 3.400900900900901 0.018301610541727673 0.11711711711711711
0 0.5706442166910688 3.394144144144144 0.012445095168374817 0.1036036036036036
