0 0.7114695340501792 3.9705882352941178 0.017921146953405017 0.27058823529411763
0 1.0161290322580645 3.7529411764705882 0.015531660692951015 0.18823529411764706
0 0.6284348864994026 3.8705882352941177 0.009557945041816009 0.11764705882352941
0 0.6356033452807647 3.8588235294117648 0.007168458781362007 0.07058823529411765
0 0.6021505376344086 3.8294117647058825 0.009557945041816009 0.10588235294117647
0 0.6135005973715651 3.8 0.008363201911589008 0.09411764705882353
0 0.5555555555555556 3.7941176470588234 0.009557945041816009 0.10588235294117647
0 0.5370370370370371 3.8294117647058825 0.008363201911589008 0.08235294117647059
0 0.510752688172043 3.864705882352941 0.013142174432497013 0.12941176470588237
0 0.45041816009557945 4.0 0.023894862604540025 0.2823529411764706
0 0.4050179211469534 3.888235294117647 0.009557945041816009 0.10588235294117647
0 0.38829151732377537 4.070588235294117 0.023894862604540025 0.23529411764705882
0 0.3632019115890084 3.7705882352941176 0.023894862604540025 0.27058823529411763
0 0.3004778972520908 3.9176470588235293 0.02031063321385902 0.25882352941176473
0 0.24133811230585425 4.0 0.026284348864994027 0.23529411764705882
0 0.26224611708482676 4.08235294117647 0.013142174432497013 0.11764705882352941
0 0.1821983273596177 4.029411764705882 0.022700119474313024 0.24705882352941178
0 0.12186379928315412 3.9647058823529413 0.021505376344086023 0.23529411764705882
0 0.03345280764635603 4.011764705882353 0.019115890083632018 0.23529411764705882
0 0.4540023894862604 3.8117647058823527 0.026284348864994027 0.25882352941176473
0 0.501194743130227 3.7529411764705882 0.005973715651135006 0.07058823529411765
0 0.5884109916367981 3.7529411764705882 0.008363201911589008 0.07058823529411765
0 0.5752688172043011 3.7588235294117647 0.005973715651135006 0.058823529411764705
0 0.6523297491039427 3.8117647058823527 0.007168458781362007 0.07058823529411765
0 0.6606929510155317 3.835294117647059 0.0047789725209080045 0.047058823529411764
0 0.6702508960573477 3.823529411764706 0.007168458781362007 0.07058823529411765
0 0.6875746714456392 3.8529411764705883 0.008363201911589008 0.08235294117647059
