0 0.9450661241098678 1.435656836461126 0.008138351983723296 0.024128686327077747
0 0.873855544252289 1.4168900804289544 0.006103763987792472 0.01876675603217158
0 0.8092573753814852 1.4101876675603218 0.007121057985757884 0.021447721179624665
0 0.7487283825025433 1.4142091152815013 0.008138351983723296 0.01876675603217158
0 0.7075279755849441 1.4168900804289544 0.007121057985757884 0.01876675603217158
0 0.6459816887080366 1.420911528150134 0.006103763987792472 0.021447721179624665
0 0.5910478128179044 1.4128686327077749 0.006103763987792472 0.021447721179624665
0 0.5361139369277721 1.4276139410187667 0.008138351983723296 0.024128686327077747
0 0.47304170905391657 1.4343163538873995 0.006103763987792472 0.021447721179624665
0 0.4145473041709054 1.447721179624665 0.007121057985757884 0.021447721179624665
0 0.358087487283825 1.4557640750670242 0.008138351983723296 0.021447721179624665
0 0.2970498474059003 1.4597855227882037 0.006103763987792472 0.01876675603217158
0 0.2202441505595117 1.4839142091152815 0.007121057985757884 0.024128686327077747
0 0.15768056968463887 1.5281501340482573 0.026449643947100712 0.13404825737265416
0 0.1510681586978637 1.5308310991957104 0.021363173957273652 0.10187667560321716
0 0.019328585961342827 1.4249329758713136 0.006103763987792472 0.01876675603217158
0 0.02899287894201424 1.3793565683646112 0.007121057985757884 0.01876675603217158
0 0.044760935910478125 1.3230563002680966 0.006103763987792472 0.01876675603217158
0 0.07222787385554426 1.403485254691689 0.006103763987792472 0.01876675603217158
0 0.08189216683621567 1.3471849865951742 0.007121057985757884 0.01876675603217158
0 0.09511698880976602 1.3056300268096515 0.00508646998982706 0.0160857908847185
0 0.12156663275686673 1.3914209115281502 0.007121057985757884 0.021447721179624665
0 0.13123092573753814 1.341823056300268 0.006103763987792472 0.01876675603217158
0 0.14089521871820956 1.2949061662198391 0.00508646998982706 0.0160857908847185
0 0.17141403865717192 1.3806970509383378 0.00508646998982706 0.0160857908847185
0 0.18107833163784334 1.3203753351206435 0.006103763987792472 0.01876675603217158
0 0.1871820956256358 1.2841823056300268 0.006103763987792472 0.0160857908847185
0 0.22075279755849442 1.3672922252010724 0.006103763987792472 0.0160857908847185
0 0.2288911495422177 1.3136729222520107 0.006103763987792472 0.0160857908847185
0 0.23448626653102747 1.2680965147453083 0.00508646998982706 0.0160857908847185
0 0.27568667344862663 1.35656836461126 0.006103763987792472 0.0160857908847185
0 0.2807731434384537 1.2962466487935658 0.004069175991861648 0.013404825737265416
0 0.28382502543234994 1.2640750670241288 0.006103763987792472 0.01876675603217158
0 0.3275686673448627 1.339142091152815 0.006103763987792472 0.01876675603217158
0 0.32909460834181076 1.2882037533512065 0.00508646998982706 0.013404825737265416
0 0.3311291963377416 1.2533512064343164 0.00508646998982706 0.013404825737265416
0 0.3758901322482197 1.324396782841823 0.00508646998982706 0.0160857908847185
0 0.37538148524923703 1.2815013404825737 0.004069175991861648 0.0160857908847185
0 0.37639877924720244 1.242627345844504 0.004069175991861648 0.013404825737265416
0 0.42166836215666326 1.3257372654155497 0.00508646998982706 0.01876675603217158
0 0.41963377416073244 1.2855227882037534 0.00508646998982706 0.013404825737265416
0 0.41963377416073244 1.2319034852546917 0.00508646998982706 0.013404825737265416
0 0.4160732451678535 1.2050938337801609 0.006103763987792472 0.013404825737265416
0 0.4633774160732452 1.3230563002680966 0.00508646998982706 0.01876675603217158
0 0.46388606307222785 1.2841823056300268 0.004069175991861648 0.010723860589812333
0 0.46083418107833163 1.2292225201072386 0.006103763987792472 0.013404825737265416
0 0.5030518819938963 1.2265415549597856 0.007121057985757884 0.01876675603217158
0 0.5081383519837233 1.2707774798927614 0.00508646998982706 0.0160857908847185
0 0.5045778229908443 1.3203753351206435 0.006103763987792472 0.01876675603217158
0 0.5559511698880977 1.3150134048257374 0.00508646998982706 0.013404825737265416
0 0.5493387589013224 1.2734584450402144 0.004069175991861648 0.010723860589812333
0 0.5447609359104781 1.225201072386059 0.00508646998982706 0.0160857908847185
0 0.5834181078331638 1.2319034852546917 0.00508646998982706 0.013404825737265416
0 0.5874872838250255 1.2680965147453083 0.00508646998982706 0.0160857908847185
0 0.5930824008138352 1.3136729222520107 0.004069175991861648 0.0160857908847185
0 0.6169888097660223 1.2091152815013404 0.00508646998982706 0.0160857908847185
0 0.6236012207527976 1.257372654155496 0.006103763987792472 0.0160857908847185
0 0.6353001017293998 1.3163538873994638 0.00508646998982706 0.0160857908847185
0 0.6770091556459817 1.3083109919571045 0.00508646998982706 0.0160857908847185
0 0.6673448626653102 1.257372654155496 0.004069175991861648 0.0160857908847185
0 0.6658189216683622 1.2238605898123325 0.00508646998982706 0.013404825737265416
0 0.7004069175991862 1.2238605898123325 0.00508646998982706 0.013404825737265416
0 0.7095625635808749 1.2466487935656836 0.00508646998982706 0.0160857908847185
0 0.7171922685656155 1.306970509383378 0.006103763987792472 0.01876675603217158
0 0.7492370295015259 1.2238605898123325 0.00508646998982706 0.013404825737265416
0 0.7563580874872838 1.260053619302949 0.00508646998982706 0.0160857908847185
0 0.7675483214649034 1.3109919571045576 0.00508646998982706 0.0160857908847185
0 0.788911495422177 1.2171581769436997 0.00508646998982706 0.0160857908847185
0 0.7980671414038657 1.262734584450402 0.00508646998982706 0.0160857908847185
0 0.8107833163784334 1.3096514745308312 0.006103763987792472 0.01876675603217158
0 0.8351983723296033 1.1809651474530831 0.004069175991861648 0.013404825737265416
0 0.8331637843336724 1.2292225201072386 0.006103763987792472 0.01876675603217158
0 0.844354018311292 1.262734584450402 0.006103763987792472 0.0160857908847185
0 0.8585961342828077 1.3096514745308312 0.006103763987792472 0.01876675603217158
0 0.8794506612410987 1.2198391420911527 0.00508646998982706 0.0160857908847185
0 0.8931841302136317 1.2654155495978552 0.006103763987792472 0.0160857908847185
0 0.9018311291963378 1.3150134048257374 0.007121057985757884 0.01876675603217158
0 0.9267548321464903 1.2319034852546917 0.006103763987792472 0.01876675603217158
0 0.940996948118006 1.269436997319035 0.006103763987792472 0.01876675603217158
0 0.953204476093591 1.3190348525469169 0.006103763987792472 0.021447721179624665
0 0.9720244150559512 1.237265415549598 0.007121057985757884 0.01876675603217158
0 0.9821973550356052 1.3257372654155497 0.03560528992878942 0.08847184986595175
0 0.9715157680569685 1.096514745308311 0.004069175991861648 0.010723860589812333
0 0.9486266531027467 1.1420911528150135 0.00508646998982706 0.0160857908847185
0 0.8845371312309257 1.0951742627345844 0.00508646998982706 0.013404825737265416
0 0.9069175991861648 1.0656836461126005 0.00508646998982706 0.013404825737265416
0 0.9303153611393693 1.0107238605898123 0.003051881993896236 0.010723860589812333
0 0.943031536113937 0.982573726541555 0.004069175991861648 0.013404825737265416
0 0.9552390640895219 0.9557640750670241 0.004069175991861648 0.00804289544235925
0 0.9613428280773143 0.9222520107238605 0.004069175991861648 0.010723860589812333
0 0.9684638860630722 0.903485254691689 0.004069175991861648 0.010723860589812333
0 0.9760935910478128 0.886058981233244 0.017293997965412006 0.05093833780160858
0 0.974059003051882 0.7975871313672922 0.003051881993896236 0.00804289544235925
0 0.9628687690742624 0.7841823056300268 0.003051881993896236 0.00804289544235925
0 0.9593082400813835 0.7801608579088471 0.012207527975584944 0.04289544235924933
0 0.9557477110885045 0.7426273458445041 0.011190233977619531 0.03753351206434316
0 0.9374364191251272 0.7171581769436998 0.003051881993896236 0.00804289544235925
0 0.9237029501525941 0.7010723860589813 0.01017293997965412 0.029490616621983913
0 0.917090539165819 0.7211796246648794 0.011190233977619531 0.02680965147453083
0 0.917090539165819 0.7305630026809652 0.003051881993896236 0.00804289544235925
0 0.9018311291963378 0.7292225201072386 0.015259409969481181 0.03753351206434316
0 0.896236012207528 0.6997319034852547 0.012207527975584944 0.02680965147453083
0 0.8891149542217701 0.6890080428954424 0.012207527975584944 0.03753351206434316
0 0.887589013224822 0.7144772117962467 0.015259409969481181 0.03485254691689008
0 0.8855544252288912 0.7278820375335121 0.003051881993896236 0.00804289544235925
0 0.9008138351983723 0.7493297587131368 0.003051881993896236 0.00804289544235925
0 0.8774160732451679 0.7546916890080428 0.003051881993896236 0.00804289544235925
0 0.8865717192268565 0.7734584450402144 0.003051881993896236 0.00804289544235925
0 0.896236012207528 0.7882037533512064 0.002034587995930824 0.005361930294906166
0 0.9257375381485249 0.8163538873994638 0.004069175991861648 0.00804289544235925
0 0.930824008138352 0.8364611260053619 0.004069175991861648 0.010723860589812333
0 0.9247202441505595 0.8659517426273459 0.004069175991861648 0.010723860589812333
0 0.917090539165819 0.8967828418230563 0.003051881993896236 0.00804289544235925
0 0.9130213631739573 0.9061662198391421 0.003051881993896236 0.010723860589812333
0 0.9003051881993896 0.9329758713136729 0.004069175991861648 0.010723860589812333
0 0.8911495422177009 0.9664879356568364 0.004069175991861648 0.013404825737265416
0 0.8799593082400814 0.9892761394101877 0.004069175991861648 0.010723860589812333
0 0.8575788402848423 1.0254691689008042 0.004069175991861648 0.013404825737265416
0 0.8296032553407935 1.0482573726541555 0.00508646998982706 0.0160857908847185
0 0.8138351983723296 1.128686327077748 0.004069175991861648 0.010723860589812333
0 0.7843336724313327 1.0589812332439679 0.004069175991861648 0.010723860589812333
0 0.7665310274669379 1.096514745308311 0.00508646998982706 0.010723860589812333
0 0.22533062054933875 1.230563002680965 0.00508646998982706 0.0160857908847185
0 0.23499491353001017 1.1943699731903485 0.006103763987792472 0.01876675603217158
0 0.2451678535096643 1.1715817694369972 0.004069175991861648 0.0160857908847185
0 0.2558494404883011 1.1474530831099197 0.00508646998982706 0.0160857908847185
0 0.26551373346897256 1.111260053619303 0.004069175991861648 0.013404825737265416
0 0.2736520854526958 1.0884718498659518 0.004069175991861648 0.010723860589812333
0 0.2777212614445575 1.0630026809651474 0.004069175991861648 0.013404825737265416
0 0.24313326551373346 1.002680965147453 0.004069175991861648 0.010723860589812333
0 0.09918616480162767 1.272117962466488 0.00508646998982706 0.013404825737265416
0 0.12004069175991862 1.2117962466487935 0.006103763987792472 0.0160857908847185
0 0.12614445574771108 1.1729222520107239 0.004069175991861648 0.013404825737265416
0 0.13784333672431331 1.1514745308310992 0.00508646998982706 0.013404825737265416
0 0.15717192268565616 1.1300268096514745 0.00508646998982706 0.013404825737265416
0 0.16683621566632756 1.1045576407506703 0.004069175991861648 0.010723860589812333
0 0.1780264496439471 1.0737265415549597 0.004069175991861648 0.013404825737265416
0 0.18769074262461852 1.0563002680965148 0.00508646998982706 0.010723860589812333
0 0.15564598168870802 1.0375335120643432 0.004069175991861648 0.010723860589812333
0 0.1347914547304171 1.0683646112600536 0.00508646998982706 0.013404825737265416
0 0.12512716174974567 1.0268096514745308 0.004069175991861648 0.010723860589812333
0 0.10935910478128179 1.0134048257372654 0.00508646998982706 0.0160857908847185
0 0.10274669379450661 1.0053619302949062 0.004069175991861648 0.010723860589812333
0 0.12105798575788403 1.0911528150134049 0.006103763987792472 0.0160857908847185
0 0.10274669379450661 1.1193029490616622 0.004069175991861648 0.013404825737265416
0 0.08087487283825025 1.1514745308310992 0.00508646998982706 0.013404825737265416
0 0.05849440488301119 1.1836461126005362 0.00508646998982706 0.01876675603217158
0 0.030518819938962362 1.2265415549597856 0.006103763987792472 0.013404825737265416
0 0.004069175991861648 1.2868632707774799 0.006103763987792472 0.021447721179624665
0 0.003560528992878942 1.1823056300268096 0.00508646998982706 0.0160857908847185
0 0.024415055951169887 1.1501340482573728 0.006103763987792472 0.0160857908847185
0 0.018819938962360123 1.113941018766756 0.00508646998982706 0.013404825737265416
0 0.04832146490335707 1.1206434316353888 0.00508646998982706 0.010723860589812333
0 0.06917599186164802 1.0898123324396782 0.004069175991861648 0.013404825737265416
0 0.08850457782299084 1.0656836461126005 0.004069175991861648 0.013404825737265416
0 0.0595116988809766 1.061662198391421 0.00508646998982706 0.010723860589812333
0 0.0340793489318413 1.084450402144772 0.00508646998982706 0.013404825737265416
0 0.035096642929806715 1.0563002680965148 0.00508646998982706 0.010723860589812333
0 0.004069175991861648 1.0428954423592494 0.004069175991861648 0.010723860589812333
0 0.06612410986775177 1.0308310991957104 0.004069175991861648 0.00804289544235925
0 0.056459816887080364 1.020107238605898 0.003051881993896236 0.00804289544235925
0 0.0508646998982706 0.9973190348525469 0.004069175991861648 0.010723860589812333
0 0.03763987792472025 0.9745308310991957 0.004069175991861648 0.00804289544235925
0 0.025940996948118005 0.9490616621983914 0.003051881993896236 0.010723860589812333
0 0.10732451678535096 0.9691689008042895 0.003051881993896236 0.00804289544235925
0 0.08697863682604273 0.9517426273458445 0.003051881993896236 0.010723860589812333
0 0.0762970498474059 0.7774798927613941 0.002034587995930824 0.005361930294906166
0 0.09613428280773144 0.7546916890080428 0.003051881993896236 0.00804289544235925
0 0.11648016276703968 0.7439678284182306 0.003051881993896236 0.00804289544235925
0 0.13886063072227875 0.7332439678284183 0.003051881993896236 0.00804289544235925
0 0.17395727365208546 0.725201072386059 0.014242115971515769 0.040214477211796246
0 0.1963377416073245 0.6943699731903485 0.002034587995930824 0.005361930294906166
0 0.21820956256358087 0.6823056300268097 0.003051881993896236 0.00804289544235925
0 0.20956256358087488 0.6849865951742627 0.012207527975584944 0.03485254691689008
0 0.17497456765005087 0.675603217158177 0.01017293997965412 0.04289544235924933
0 0.16734486266531026 0.6769436997319035 0.011190233977619531 0.03485254691689008
0 0.14903357070193285 0.7050938337801609 0.013224821973550356 0.03753351206434316
0 0.1342828077314344 0.6890080428954424 0.012207527975584944 0.032171581769437
0 0.13072227873855544 0.6662198391420912 0.003051881993896236 0.00804289544235925
0 0.11495422177009156 0.7211796246648794 0.01017293997965412 0.032171581769437
0 0.10579857578840285 0.6890080428954424 0.002034587995930824 0.005361930294906166
0 0.09664292980671414 0.675603217158177 0.002034587995930824 0.005361930294906166
0 0.0671414038657172 0.6890080428954424 0.002034587995930824 0.005361930294906166
0 0.07019328585961343 0.710455764075067 0.012207527975584944 0.032171581769437
0 0.0686673448626653 0.7439678284182306 0.013224821973550356 0.040214477211796246
0 0.045269582909460836 0.7466487935656837 0.003051881993896236 0.00804289544235925
0 0.02695829094608342 0.760053619302949 0.003051881993896236 0.00804289544235925
0 0.23143438453713122 0.6689008042895442 0.003051881993896236 0.00804289544235925
0 0.23550356052899288 0.6447721179624665 0.003051881993896236 0.00804289544235925
0 0.8494404883011191 0.7466487935656837 0.01627670396744659 0.029490616621983913
0 0.8474059003051883 0.6957104557640751 0.002034587995930824 0.00804289544235925
0 0.8474059003051883 0.6876675603217158 0.01017293997965412 0.024128686327077747
0 0.8504577822990844 0.6729222520107239 0.002034587995930824 0.005361930294906166
0 0.8377416073245167 0.7345844504021448 0.011190233977619531 0.032171581769437
0 0.8311291963377416 0.6916890080428955 0.01017293997965412 0.02680965147453083
0 0.8311291963377416 0.6849865951742627 0.01017293997965412 0.029490616621983913
0 0.8168870803662258 0.6836461126005362 0.012207527975584944 0.02680965147453083
0 0.8026449643947101 0.7010723860589813 0.01017293997965412 0.029490616621983913
0 0.8072227873855544 0.6769436997319035 0.011190233977619531 0.024128686327077747
0 0.7873855544252288 0.6916890080428955 0.01017293997965412 0.032171581769437
0 0.7899287894201424 0.6769436997319035 0.009155645981688708 0.01876675603217158
0 0.7772126144455748 0.6635388739946381 0.01627670396744659 0.01876675603217158
0 0.7782299084435402 0.6689008042895442 0.008138351983723296 0.024128686327077747
0 0.7695829094608342 0.6823056300268097 0.003051881993896236 0.00804289544235925
0 0.7675483214649034 0.6715817694369973 0.009155645981688708 0.029490616621983913
0 0.7609359104781281 0.660857908847185 0.008138351983723296 0.03485254691689008
0 0.7512716174974567 0.6849865951742627 0.011190233977619531 0.029490616621983913
0 0.7497456765005086 0.6635388739946381 0.01017293997965412 0.029490616621983913
0 0.7878942014242116 0.6675603217158177 0.009155645981688708 0.02680965147453083
0 0.7390640895218719 0.6689008042895442 0.009155645981688708 0.024128686327077747
0 0.7349949135300101 0.6528150134048257 0.009155645981688708 0.024128686327077747
0 0.7268565615462869 0.6729222520107239 0.009155645981688708 0.032171581769437
0 0.7278738555442523 0.6514745308310992 0.003051881993896236 0.005361930294906166
0 0.7217700915564598 0.6501340482573726 0.009155645981688708 0.024128686327077747
0 0.719735503560529 0.6595174262734584 0.009155645981688708 0.0160857908847185
0 0.7192268565615463 0.67828418230563 0.01017293997965412 0.02680965147453083
0 0.7151576805696847 0.6554959785522788 0.01017293997965412 0.029490616621983913
0 0.7044760935910478 0.6554959785522788 0.009155645981688708 0.024128686327077747
0 0.7085452695829094 0.6715817694369973 0.007121057985757884 0.024128686327077747
0 0.7014242115971516 0.6729222520107239 0.007121057985757884 0.02680965147453083
0 0.6968463886063072 0.6662198391420912 0.002034587995930824 0.00804289544235925
0 0.6907426246185148 0.6689008042895442 0.01017293997965412 0.01876675603217158
0 0.6902339776195321 0.6434316353887399 0.003051881993896236 0.005361930294906166
0 0.6856561546286877 0.6554959785522788 0.008138351983723296 0.024128686327077747
0 0.6805696846388606 0.660857908847185 0.01017293997965412 0.029490616621983913
0 0.6775178026449644 0.660857908847185 0.002034587995930824 0.00804289544235925
0 0.8601220752797558 0.9075067024128687 0.003051881993896236 0.00804289544235925
0 0.87029501525941 0.8927613941018767 0.003051881993896236 0.010723860589812333
0 0.8494404883011191 0.8927613941018767 0.004069175991861648 0.010723860589812333
0 0.8570701932858596 0.8941018766756033 0.015259409969481181 0.05093833780160858
0 0.8387589013224822 0.9088471849865952 0.003051881993896236 0.010723860589812333
0 0.8296032553407935 0.9195710455764075 0.003051881993896236 0.010723860589812333
0 0.814852492370295 0.9410187667560321 0.004069175991861648 0.010723860589812333
0 0.7929806714140386 0.938337801608579 0.00508646998982706 0.010723860589812333
0 0.7833163784333672 0.9557640750670241 0.004069175991861648 0.00804289544235925
0 0.7848423194303153 0.9705093833780161 0.00508646998982706 0.010723860589812333
0 0.7695829094608342 0.9450402144772118 0.003051881993896236 0.00804289544235925
0 0.7563580874872838 0.9638069705093834 0.003051881993896236 0.00804289544235925
0 0.7400813835198372 0.9812332439678284 0.003051881993896236 0.010723860589812333
0 0.7151576805696847 0.9839142091152815 0.004069175991861648 0.010723860589812333
0 0.6937945066124109 1.002680965147453 0.004069175991861648 0.010723860589812333
0 0.688708036622584 0.9812332439678284 0.004069175991861648 0.010723860589812333
0 0.6673448626653102 1.0053619302949062 0.004069175991861648 0.010723860589812333
0 0.6424211597151577 1.0053619302949062 0.00508646998982706 0.010723860589812333
0 0.6174974567650051 1.0053619302949062 0.004069175991861648 0.010723860589812333
0 0.5910478128179044 1.0093833780160857 0.004069175991861648 0.013404825737265416
0 0.5651068158697864 1.0134048257372654 0.003051881993896236 0.010723860589812333
0 0.5381485249237029 1.0134048257372654 0.004069175991861648 0.010723860589812333
0 0.5381485249237029 0.9906166219839142 0.004069175991861648 0.00804289544235925
0 0.5620549338758901 0.9919571045576407 0.00508646998982706 0.010723860589812333
0 0.5854526958290946 0.9892761394101877 0.003051881993896236 0.010723860589812333
0 0.612410986775178 0.9865951742627346 0.004069175991861648 0.010723860589812333
0 0.6378433367243134 0.9839142091152815 0.004069175991861648 0.010723860589812333
0 0.6602238046795524 0.982573726541555 0.004069175991861648 0.013404825737265416
0 0.6805696846388606 0.9651474530831099 0.004069175991861648 0.010723860589812333
0 0.7054933875890133 0.9597855227882037 0.00508646998982706 0.010723860589812333
0 0.6993896236012207 0.9436997319034852 0.00508646998982706 0.010723860589812333
0 0.6897253306205493 0.9262734584450402 0.004069175991861648 0.013404825737265416
0 0.6739572736520855 0.9450402144772118 0.003051881993896236 0.00804289544235925
0 0.667853509664293 0.9276139410187667 0.003051881993896236 0.010723860589812333
0 0.6546286876907427 0.9664879356568364 0.003051881993896236 0.00804289544235925
0 0.6317395727365208 0.9865951742627346 0.02034587995930824 0.058981233243967826
0 0.6088504577822991 0.9691689008042895 0.003051881993896236 0.00804289544235925
0 0.6510681586978637 0.9436997319034852 0.004069175991861648 0.010723860589812333
0 0.7304170905391658 0.9597855227882037 0.004069175991861648 0.010723860589812333
0 0.7227873855544252 0.9517426273458445 0.003051881993896236 0.010723860589812333
0 0.7156663275686673 0.9249329758713136 0.003051881993896236 0.010723860589812333
0 0.7075279755849441 0.9128686327077749 0.003051881993896236 0.00804289544235925
0 0.7451678535096643 0.9463806970509383 0.003051881993896236 0.010723860589812333
0 0.7365208545269583 0.9276139410187667 0.004069175991861648 0.010723860589812333
0 0.728382502543235 0.9343163538873994 0.02034587995930824 0.05630026809651475
0 0.7619532044760936 0.9195710455764075 0.004069175991861648 0.010723860589812333
0 0.7822990844354019 0.9276139410187667 0.004069175991861648 0.010723860589812333
0 0.8087487283825026 0.9222520107238605 0.004069175991861648 0.010723860589812333
0 0.7955239064089522 0.9262734584450402 0.02034587995930824 0.05630026809651475
0 0.8179043743641913 0.9249329758713136 0.01627670396744659 0.05361930294906166
0 0.8290946083418108 0.9128686327077749 0.01627670396744659 0.045576407506702415
0 0.8387589013224822 0.8806970509383378 0.003051881993896236 0.00804289544235925
0 0.8296032553407935 0.8672922252010724 0.003051881993896236 0.00804289544235925
0 0.8179043743641913 0.8914209115281502 0.01627670396744659 0.045576407506702415
0 0.8087487283825026 0.9061662198391421 0.014242115971515769 0.04289544235924933
0 0.840793489318413 0.760053619302949 0.003051881993896236 0.00804289544235925
0 0.150559511698881 0.7949061662198391 0.014242115971515769 0.040214477211796246
0 0.14496439471007122 0.792225201072386 0.003051881993896236 0.00804289544235925
0 0.1363173957273652 0.8176943699731903 0.004069175991861648 0.010723860589812333
0 0.14496439471007122 0.8378016085790885 0.015259409969481181 0.045576407506702415
0 0.13173957273652084 0.8445040214477212 0.003051881993896236 0.010723860589812333
0 0.150559511698881 0.903485254691689 0.004069175991861648 0.010723860589812333
0 0.14394710071210579 0.8994638069705094 0.015259409969481181 0.05630026809651475
0 0.15768056968463887 0.8941018766756033 0.004069175991861648 0.00804289544235925
0 0.16683621566632756 0.8900804289544236 0.004069175991861648 0.010723860589812333
0 0.18056968463886064 0.8887399463806971 0.003051881993896236 0.00804289544235925
0 0.18463886063072227 0.9262734584450402 0.003051881993896236 0.00804289544235925
0 0.19277721261444558 0.9088471849865952 0.003051881993896236 0.010723860589812333
0 0.19938962360122076 0.938337801608579 0.004069175991861648 0.010723860589812333
0 0.20651068158697863 0.9222520107238605 0.004069175991861648 0.010723860589812333
0 0.21414038657171922 0.903485254691689 0.003051881993896236 0.010723860589812333
0 0.22329603255340794 0.9343163538873994 0.00508646998982706 0.013404825737265416
0 0.23092573753814852 0.9222520107238605 0.004069175991861648 0.010723860589812333
0 0.23499491353001017 0.9182305630026809 0.02034587995930824 0.045576407506702415
0 0.22177009155645983 0.9061662198391421 0.014242115971515769 0.04289544235924933
0 0.23499491353001017 0.953083109919571 0.004069175991861648 0.00804289544235925
0 0.2451678535096643 0.9369973190348525 0.004069175991861648 0.013404825737265416
0 0.2441505595116989 0.8981233243967829 0.004069175991861648 0.010723860589812333
0 0.25228891149542215 0.9195710455764075 0.004069175991861648 0.010723860589812333
0 0.25025432349949134 0.9611260053619303 0.004069175991861648 0.013404825737265416
0 0.25839267548321465 0.9517426273458445 0.004069175991861648 0.010723860589812333
0 0.26805696846388605 0.9571045576407506 0.019328585961342827 0.05361930294906166
0 0.25534079348931843 0.9195710455764075 0.018311291963377416 0.05361930294906166
0 0.2807731434384537 0.9664879356568364 0.004069175991861648 0.013404825737265416
0 0.2853509664292981 0.9490616621983914 0.003051881993896236 0.010723860589812333
0 0.28687690742624616 0.9932975871313673 0.006103763987792472 0.013404825737265416
0 0.30061037639877924 0.9906166219839142 0.00508646998982706 0.013404825737265416
0 0.3072227873855544 0.9691689008042895 0.004069175991861648 0.013404825737265416
0 0.3128179043743642 0.9557640750670241 0.003051881993896236 0.00804289544235925
0 0.31841302136317395 0.935656836461126 0.004069175991861648 0.010723860589812333
0 0.32655137334689727 0.9906166219839142 0.004069175991861648 0.013404825737265416
0 0.3301119023397762 0.9691689008042895 0.003051881993896236 0.00804289544235925
0 0.33723296032553407 0.9517426273458445 0.003051881993896236 0.010723860589812333
0 0.34893184130213634 1.0107238605898123 0.004069175991861648 0.010723860589812333
0 0.3560528992878942 0.9919571045576407 0.004069175991861648 0.010723860589812333
0 0.36012207527975587 0.9731903485254692 0.004069175991861648 0.010723860589812333
0 0.3631739572736521 0.9490616621983914 0.004069175991861648 0.010723860589812333
0 0.37639877924720244 1.0107238605898123 0.004069175991861648 0.010723860589812333
0 0.38046795523906407 0.9946380697050938 0.004069175991861648 0.010723860589812333
0 0.38606307222787384 0.953083109919571 0.00508646998982706 0.013404825737265416
0 0.38555442522889116 0.967828418230563 0.004069175991861648 0.010723860589812333
0 0.40284842319430314 1.0120643431635388 0.004069175991861648 0.013404825737265416
0 0.4064089521871821 0.9959785522788204 0.003051881993896236 0.00804289544235925
0 0.4104781281790437 0.9745308310991957 0.003051881993896236 0.00804289544235925
0 0.41149542217700913 0.953083109919571 0.003051881993896236 0.00804289544235925
0 0.4313326551373347 1.0107238605898123 0.004069175991861648 0.010723860589812333
0 0.4333672431332655 0.9919571045576407 0.004069175991861648 0.010723860589812333
0 0.43641912512716174 0.967828418230563 0.004069175991861648 0.010723860589812333
0 0.4379450661241099 0.9571045576407506 0.003051881993896236 0.010723860589812333
0 0.46032553407934895 1.0120643431635388 0.003051881993896236 0.00804289544235925
0 0.46032553407934895 0.9906166219839142 0.003051881993896236 0.00804289544235925
0 0.46134282807731436 0.9705093833780161 0.003051881993896236 0.010723860589812333
0 0.46185147507629704 0.9557640750670241 0.002034587995930824 0.00804289544235925
0 0.48575788402848424 1.0120643431635388 0.003051881993896236 0.00804289544235925
0 0.48575788402848424 0.9946380697050938 0.003051881993896236 0.010723860589812333
0 0.48575788402848424 0.9932975871313673 0.003051881993896236 0.00804289544235925
0 0.4862665310274669 0.9731903485254692 0.004069175991861648 0.010723860589812333
0 0.48474059003051884 0.9544235924932976 0.003051881993896236 0.010723860589812333
0 0.5116988809766022 1.0120643431635388 0.004069175991861648 0.013404825737265416
0 0.5116988809766022 0.9919571045576407 0.004069175991861648 0.010723860589812333
0 0.5101729399796541 0.9731903485254692 0.003051881993896236 0.010723860589812333
0 0.5106815869786369 0.9731903485254692 0.004069175991861648 0.010723860589812333
0 0.5356052899287894 0.9745308310991957 0.003051881993896236 0.00804289544235925
0 0.5330620549338759 0.9544235924932976 0.004069175991861648 0.010723860589812333
0 0.5584944048830112 0.9705093833780161 0.004069175991861648 0.010723860589812333
0 0.5559511698880977 0.9517426273458445 0.00508646998982706 0.010723860589812333
0 0.5849440488301119 0.9691689008042895 0.004069175991861648 0.00804289544235925
0 0.5808748728382502 0.9544235924932976 0.004069175991861648 0.010723860589812333
0 0.27416073245167855 0.6689008042895442 0.003051881993896236 0.00804289544235925
0 0.2726347914547304 0.6554959785522788 0.01017293997965412 0.029490616621983913
0 0.013733468972533061 0.7332439678284183 0.003051881993896236 0.00804289544235925
0 0.887589013224822 0.868632707774799 0.00508646998982706 0.010723860589812333
