0 0.895413870246085 2.183333333333333 0.010067114093959731 0.04
0 0.8640939597315436 2.1616666666666666 0.007829977628635347 0.03
0 1.0078299776286352 2.256666666666667 0.015659955257270694 0.05333333333333334
0 1.0022371364653244 2.078333333333333 0.008948545861297539 0.03
0 0.9765100671140939 2.1 0.011185682326621925 0.03333333333333333
0 0.9793064876957495 2.0616666666666665 0.007829977628635347 0.023333333333333334
0 0.9373601789709173 2.1266666666666665 0.008948545861297539 0.02666666666666667
0 0.918903803131991 2.0966666666666667 0.007829977628635347 0.02666666666666667
0 0.930089485458613 2.013333333333333 0.010067114093959731 0.02666666666666667
0 0.9893736017897091 1.8783333333333334 0.007829977628635347 0.023333333333333334
0 0.977069351230425 1.8616666666666666 0.007829977628635347 0.023333333333333334
0 0.9474272930648769 1.8916666666666666 0.006711409395973154 0.023333333333333334
0 0.9390380313199105 1.87 0.007829977628635347 0.02666666666666667
0 0.9161073825503355 1.8583333333333334 0.006711409395973154 0.023333333333333334
0 0.9932885906040269 1.75 0.006711409395973154 0.02
0 0.953579418344519 1.7066666666666668 0.005592841163310962 0.013333333333333334
0 0.9407158836689038 1.7283333333333333 0.006711409395973154 0.016666666666666666
0 0.9893736017897091 1.6266666666666667 0.005592841163310962 0.02
0 0.9748322147651006 1.6116666666666666 0.005592841163310962 0.016666666666666666
0 0.9636465324384788 1.62 0.005592841163310962 0.02
0 0.9250559284116331 1.66 0.0044742729306487695 0.013333333333333334
0 0.9379194630872483 1.5983333333333334 0.005592841163310962 0.016666666666666666
0 0.9435123042505593 1.6233333333333333 0.003355704697986577 0.013333333333333334
0 0.9502237136465325 1.63 0.007829977628635347 0.02666666666666667
0 0.825503355704698 1.355 0.0044742729306487695 0.016666666666666666
0 0.8120805369127517 1.345 0.0044742729306487695 0.01
0 0.7913870246085011 1.475 0.005592841163310962 0.016666666666666666
0 0.7807606263982103 1.48 0.0044742729306487695 0.013333333333333334
0 0.8803131991051454 1.53 0.0044742729306487695 0.013333333333333334
0 0.8864653243847874 1.5833333333333333 0.003355704697986577 0.013333333333333334
0 0.8814317673378076 1.6383333333333334 0.006711409395973154 0.016666666666666666
0 0.9077181208053692 1.585 0.005592841163310962 0.016666666666666666
0 0.8976510067114094 1.6266666666666667 0.016778523489932886 0.08
0 0.9155480984340044 1.72 0.005592841163310962 0.02
0 0.9295302013422819 1.73 0.015659955257270694 0.09333333333333334
0 0.8914988814317674 1.7083333333333333 0.006711409395973154 0.023333333333333334
0 0.9049217002237137 1.72 0.006711409395973154 0.02
0 0.7455257270693513 2.0016666666666665 0.007829977628635347 0.023333333333333334
0 0.7399328859060402 2.205 0.010067114093959731 0.03666666666666667
0 0.7304250559284117 2.131666666666667 0.008948545861297539 0.03666666666666667
0 0.714765100671141 2.1966666666666668 0.011185682326621925 0.03333333333333333
0 0.6935123042505593 2.183333333333333 0.011185682326621925 0.02666666666666667
0 0.6907158836689038 2.08 0.007829977628635347 0.02666666666666667
0 0.6868008948545862 2.155 0.011185682326621925 0.03
0 0.697986577181208 2.033333333333333 0.006711409395973154 0.02666666666666667
0 0.6996644295302014 1.9833333333333334 0.007829977628635347 0.02666666666666667
0 0.6912751677852349 2.058333333333333 0.026845637583892617 0.15
0 0.6437360178970917 2.015 0.007829977628635347 0.023333333333333334
0 0.6470917225950783 1.9733333333333334 0.007829977628635347 0.02666666666666667
0 0.6521252796420581 1.9466666666666668 0.006711409395973154 0.02666666666666667
0 0.4904921700223714 2.0516666666666667 0.007829977628635347 0.023333333333333334
0 0.4966442953020134 1.9366666666666668 0.008948545861297539 0.02666666666666667
0 0.5027964205816555 1.9066666666666667 0.005592841163310962 0.02
0 0.5212527964205816 1.865 0.006711409395973154 0.023333333333333334
0 0.4395973154362416 1.81 0.0044742729306487695 0.02
0 0.4278523489932886 1.86 0.007829977628635347 0.02
0 0.4312080536912752 1.84 0.005592841163310962 0.02
0 0.41387024608501116 1.8083333333333333 0.006711409395973154 0.016666666666666666
0 0.40492170022371365 1.8283333333333334 0.006711409395973154 0.023333333333333334
0 0.395413870246085 1.97 0.005592841163310962 0.02
0 0.38478747203579416 2.1033333333333335 0.008948545861297539 0.02666666666666667
0 0.371923937360179 2.0116666666666667 0.007829977628635347 0.023333333333333334
0 0.3808724832214765 1.91 0.005592841163310962 0.02
0 0.35011185682326623 2.118333333333333 0.008948545861297539 0.03666666666666667
0 0.33053691275167785 2.098333333333333 0.005592841163310962 0.016666666666666666
0 0.2684563758389262 2.175 0.008948545861297539 0.03
0 0.2477628635346756 2.1033333333333335 0.010067114093959731 0.02666666666666667
0 0.22371364653243847 2.078333333333333 0.008948545861297539 0.03
0 0.19630872483221476 2.05 0.010067114093959731 0.02666666666666667
0 0.2796420581655481 2.0433333333333334 0.008948545861297539 0.02666666666666667
0 0.21644295302013422 1.98 0.007829977628635347 0.02666666666666667
0 0.29138702460850113 2.191666666666667 0.007829977628635347 0.023333333333333334
0 0.30145413870246085 2.1283333333333334 0.007829977628635347 0.03
0 0.3131991051454139 2.1483333333333334 0.008948545861297539 0.03
0 0.2611856823266219 2.0716666666666668 0.007829977628635347 0.023333333333333334
0 0.2611856823266219 2.0416666666666665 0.007829977628635347 0.03
0 0.12751677852348994 2.145 0.008948545861297539 0.03
0 0.12304250559284116 2.078333333333333 0.006711409395973154 0.023333333333333334
0 0.11521252796420582 2.085 0.008948545861297539 0.03
0 0.087248322147651 2.125 0.008948545861297539 0.03
0 0.03131991051454139 2.2383333333333333 0.008948545861297539 0.03666666666666667
0 0.04865771812080537 2.1233333333333335 0.010067114093959731 0.03333333333333333
0 0.0587248322147651 2.105 0.010067114093959731 0.03666666666666667
0 0.06711409395973154 2.046666666666667 0.008948545861297539 0.02666666666666667
0 0.07829977628635347 2.118333333333333 0.008948545861297539 0.023333333333333334
0 0.05201342281879195 2.205 0.010067114093959731 0.03666666666666667
0 0.28691275167785235 1.9666666666666666 0.005592841163310962 0.02
0 0.30313199105145416 2.006666666666667 0.006711409395973154 0.02
0 0.31767337807606266 2.0233333333333334 0.006711409395973154 0.02666666666666667
0 0.37024608501118567 1.8766666666666667 0.0044742729306487695 0.02
0 0.3624161073825503 1.88 0.006711409395973154 0.02
0 0.3434004474272931 1.835 0.006711409395973154 0.016666666666666666
0 0.3238255033557047 1.8833333333333333 0.005592841163310962 0.02
0 0.3143176733780761 1.8783333333333334 0.006711409395973154 0.023333333333333334
0 0.1789709172259508 1.4383333333333332 0.0044742729306487695 0.016666666666666666
0 0.16778523489932887 1.4666666666666666 0.015659955257270694 0.06666666666666667
0 0.17785234899328858 1.4416666666666667 0.0044742729306487695 0.016666666666666666
0 0.11577181208053691 1.7166666666666666 0.005592841163310962 0.02
0 0.116331096196868 1.7016666666666667 0.006711409395973154 0.023333333333333334
0 0.02796420581655481 1.7066666666666668 0.006711409395973154 0.02
0 0.018456375838926176 1.6083333333333334 0.005592841163310962 0.016666666666666666
0 0.042505592841163314 1.5733333333333333 0.006711409395973154 0.013333333333333334
0 0.05592841163310962 1.57 0.0044742729306487695 0.013333333333333334
0 0.07158836689038031 1.5816666666666668 0.006711409395973154 0.016666666666666666
0 0.07885906040268456 1.5666666666666667 0.005592841163310962 0.02
0 0.050335570469798654 1.525 0.0044742729306487695 0.016666666666666666
0 0.29642058165548096 2.1866666666666665 0.006711409395973154 0.02666666666666667
0 0.34675615212527966 1.92 0.006711409395973154 0.02
0 0.33221476510067116 1.9366666666666668 0.006711409395973154 0.02
