0 0.045771578029642546 2.12248322147651 0.006102877070619006 0.02348993288590604
0 0.05797733217088056 2.1258389261744965 0.006102877070619006 0.02348993288590604
0 0.06974716652136007 2.129194630872483 0.008718395815170008 0.030201342281879196
0 0.08020924149956409 2.12248322147651 0.008718395815170008 0.03691275167785235
0 0.14428945074106364 2.109060402684564 0.00959023539668701 0.030201342281879196
0 0.14167393199651265 2.2114093959731544 0.011333914559721011 0.040268456375838924
0 0.12990409764603314 2.2533557046979866 0.015693112467306015 0.17785234899328858
0 0.26285963382737576 2.1828859060402683 0.004359197907585004 0.016778523489932886
0 0.25675675675675674 2.184563758389262 0.004359197907585004 0.020134228187919462
0 0.2872711421098518 2.13255033557047 0.004359197907585004 0.02348993288590604
0 0.3020924149956408 2.161073825503356 0.004359197907585004 0.020134228187919462
0 0.3234524847428073 2.1677852348993287 0.0052310374891020054 0.020134228187919462
0 0.33609415867480386 2.088926174496644 0.006102877070619006 0.02348993288590604
0 0.34481255448997383 2.1040268456375837 0.006102877070619006 0.020134228187919462
0 0.3583260680034874 2.0922818791946307 0.0052310374891020054 0.016778523489932886
0 0.3796861377506539 2.1023489932885906 0.006102877070619006 0.02348993288590604
0 0.45989537925021795 2.1828859060402683 0.011333914559721011 0.050335570469798654
0 0.45204882301656496 2.1057046979865772 0.004359197907585004 0.016778523489932886
0 0.4908456843940715 2.11744966442953 0.0052310374891020054 0.020134228187919462
0 0.5065387968613775 2.0922818791946307 0.008718395815170008 0.03691275167785235
0 0.5074106364428945 2.1912751677852347 0.008718395815170008 0.040268456375838924
0 0.5074106364428945 2.221476510067114 0.008718395815170008 0.040268456375838924
0 0.5318221447253705 2.184563758389262 0.006974716652136007 0.026845637583892617
0 0.5510026155187445 2.216442953020134 0.012205754141238012 0.05704697986577181
0 0.5562336530078466 2.203020134228188 0.008718395815170008 0.03691275167785235
0 0.5636442894507411 2.1459731543624163 0.006102877070619006 0.02348993288590604
0 0.5754141238012206 2.1359060402684564 0.006974716652136007 0.02348993288590604
0 0.5876198779424586 2.174496644295302 0.010462074978204011 0.040268456375838924
0 0.6098517872711421 2.2130872483221475 0.011333914559721011 0.0436241610738255
0 0.6534437663469922 2.1946308724832213 0.00959023539668701 0.040268456375838924
0 0.6578029642545772 2.2332214765100673 0.011333914559721011 0.050335570469798654
0 0.6974716652136007 2.2567114093959733 0.010462074978204011 0.0436241610738255
0 0.6992153443766347 2.226510067114094 0.012205754141238012 0.050335570469798654
0 0.7336530078465562 2.2365771812080535 0.013077593722755012 0.05704697986577181
0 0.7532693984306887 2.197986577181208 0.015693112467306015 0.06711409395973154
0 0.7972972972972973 2.192953020134228 0.014821272885789015 0.06375838926174497
0 0.8225806451612904 2.2332214765100673 0.018308631211857017 0.07046979865771812
0 0.8421970357454228 2.226510067114094 0.022667829119442023 0.08389261744966443
0 0.8609415867480383 2.1895973154362416 0.018308631211857017 0.07718120805369127
0 0.8988666085440279 2.2533557046979866 0.017436791630340016 0.07718120805369127
0 0.9433304272013949 2.1694630872483223 0.008718395815170008 0.03691275167785235
0 0.963382737576286 2.1661073825503356 0.006974716652136007 0.030201342281879196
0 0.22580645161290322 2.134228187919463 0.0052310374891020054 0.020134228187919462
