0 -0.03261675315048184 0.8172147001934236 0.0340993328391401 0.08317214700193423
0 -0.013713862120088955 0.6315280464216635 0.034840622683469234 0.09477756286266925
0 0.06523350630096368 0.6750483558994197 0.029651593773165306 0.0735009671179884
0 0.10934025203854707 0.7940038684719536 0.034840622683469234 0.09864603481624758
0 0.06041512231282432 0.49806576402321084 0.03187546330615271 0.08317214700193423
0 0.13862120088954782 0.4864603481624758 0.02223869532987398 0.07156673114119923
0 0.1441808747220163 0.660541586073501 0.028910303928836176 0.07930367504835589
0 0.24388435878428466 0.8520309477756286 0.031134173461823574 0.10251450676982592
0 0.3061527057079318 0.7127659574468085 0.025203854707190512 0.08704061895551257
0 0.36619718309859156 0.7214700193423598 0.023721275018532245 0.0851063829787234
0 0.43254262416604894 0.7253384912959381 0.022979985174203115 0.06576402321083172
0 0.47516679021497404 0.8471953578336557 0.026686434395848776 0.09284332688588008
0 0.49444032616753153 0.7108317214700194 0.023721275018532245 0.08317214700193423
0 0.5463306152705708 0.7137330754352031 0.023721275018532245 0.08123791102514506
0 0.2765011119347665 0.504835589941973 0.023721275018532245 0.06963249516441006
0 0.32765011119347665 0.5193423597678917 0.020756115641215715 0.06769825918762089
0 0.3702742772424018 0.5212765957446809 0.02001482579688658 0.06382978723404255
0 0.43217197924388434 0.5222437137330754 0.01927353595255745 0.06963249516441006
0 0.4981467753891772 0.5145067698259188 0.020756115641215715 0.07736943907156674
0 0.5463306152705708 0.5058027079303675 0.01927353595255745 0.07543520309477757
0 0.5848776871756857 0.5154738878143134 0.01927353595255745 0.06382978723404255
0 0.6245366938472943 0.5106382978723404 0.021497405485544848 0.061895551257253385
0 0.6745737583395107 0.5 0.02223869532987398 0.06769825918762089
0 0.7234988880652335 0.4864603481624758 0.02223869532987398 0.06769825918762089
0 0.69236471460341 0.8423597678916828 0.029651593773165306 0.09864603481624758
0 0.7694588584136397 0.7862669245647969 0.0340993328391401 0.11411992263056092
0 0.9125277983691623 0.8307543520309478 0.04151223128243143 0.11798839458413926
0 0.8502594514455152 0.6692456479690522 0.026686434395848776 0.07736943907156674
0 0.9343958487768718 0.7079303675048356 0.03187546330615271 0.08123791102514506
0 0.9166048925129726 0.5444874274661509 0.033358042994810974 0.08704061895551257
0 0.8851000741289844 0.4816247582205029 0.026686434395848776 0.06576402321083172
0 0.7731653076352853 0.5145067698259188 0.02223869532987398 0.06576402321083172
0 0.8220904373610082 0.48065764023210833 0.023721275018532245 0.06769825918762089
0 0.1356560415122313 0.36750483558994196 0.023721275018532245 0.06576402321083172
0 0.1738324684951816 0.3181818181818182 0.022979985174203115 0.06382978723404255
0 0.19421793921423278 0.32591876208897486 0.01927353595255745 0.05222437137330754
0 0.21052631578947367 0.33752417794970985 0.020756115641215715 0.07156673114119923
0 0.2168272794662713 0.2765957446808511 0.01704966641957005 0.05415860735009671
0 0.24091919940696813 0.3104448742746615 0.020756115641215715 0.06769825918762089
0 0.2575982209043736 0.2988394584139265 0.015567086730911787 0.048355899419729204
0 0.2731653076352854 0.30851063829787234 0.02001482579688658 0.05609284332688588
0 0.28020756115641215 0.32011605415860733 0.014825796886582653 0.048355899419729204
0 0.2935507783543366 0.41295938104448743 0.017790956263899184 0.048355899419729204
0 0.32802075611564124 0.37524177949709864 0.018532246108228317 0.058027079303675046
0 0.3569310600444774 0.3820116054158607 0.01704966641957005 0.048355899419729204
0 0.3988139362490734 0.4197292069632495 0.014825796886582653 0.05415860735009671
0 0.4191994069681245 0.38684719535783363 0.02001482579688658 0.06963249516441006
0 0.4558932542624166 0.38878143133462284 0.01927353595255745 0.058027079303675046
0 0.48517420311341736 0.39361702127659576 0.021497405485544848 0.059961315280464215
0 0.5263157894736842 0.3452611218568665 0.01927353595255745 0.06382978723404255
0 0.5763528539659006 0.3829787234042553 0.018532246108228317 0.058027079303675046
0 0.6215715344699778 0.39264990328820115 0.02001482579688658 0.058027079303675046
0 0.6945885841363973 0.3955512572533849 0.020756115641215715 0.06382978723404255
0 0.6742031134173462 0.3452611218568665 0.01704966641957005 0.06769825918762089
0 0.7835433654558932 0.3665377176015474 0.020756115641215715 0.06382978723404255
0 0.8343217197924389 0.42940038684719534 0.02001482579688658 0.061895551257253385
0 0.2972572275759822 0.2978723404255319 0.014825796886582653 0.04642166344294004
0 0.30207561156412155 0.3104448742746615 0.02001482579688658 0.05222437137330754
0 0.3172720533728688 0.3104448742746615 0.013343217197924388 0.048355899419729204
0 0.3272794662713121 0.31237911025145065 0.012601927353595256 0.048355899419729204
0 0.3476649369903632 0.2911025145067698 0.017790956263899184 0.059961315280464215
0 0.34655300222386953 0.2901353965183752 0.01704966641957005 0.058027079303675046
0 0.3687916975537435 0.3056092843326886 0.018532246108228317 0.058027079303675046
0 0.3839881393624907 0.31237911025145065 0.01630837657524092 0.05222437137330754
0 0.3999258710155671 0.30851063829787234 0.018532246108228317 0.05609284332688588
0 0.40733876945885844 0.27079303675048355 0.01704966641957005 0.05415860735009671
0 0.42327650111193477 0.2862669245647969 0.014825796886582653 0.05415860735009671
0 0.4306893995552261 0.33268858800773693 0.01630837657524092 0.05415860735009671
0 0.4458858413639733 0.30077369439071566 0.01704966641957005 0.05609284332688588
0 0.46108228317272054 0.27079303675048355 0.014825796886582653 0.061895551257253385
0 0.4892512972572276 0.2872340425531915 0.01630837657524092 0.05222437137330754
0 0.4911045218680504 0.30851063829787234 0.014084507042253521 0.048355899419729204
0 0.5122312824314307 0.29690522243713735 0.01630837657524092 0.05609284332688588
0 0.5240919199406968 0.28916827852998067 0.01927353595255745 0.06382978723404255
0 0.5363232023721275 0.30851063829787234 0.014084507042253521 0.04448742746615087
0 0.5511489992587102 0.3036750483558994 0.01704966641957005 0.058027079303675046
0 0.5652335063009637 0.28433268858800775 0.015567086730911787 0.05029013539651837
0 0.5719051148999259 0.3288201160541586 0.01704966641957005 0.05415860735009671
0 0.5856189770200149 0.2978723404255319 0.01630837657524092 0.04642166344294004
0 0.6067457375833951 0.3114119922630561 0.018532246108228317 0.061895551257253385
0 0.6063750926612306 0.30947775628626695 0.01927353595255745 0.061895551257253385
0 0.6193476649369903 0.29593810444874274 0.015567086730911787 0.058027079303675046
0 0.6338028169014085 0.3307543520309478 0.01630837657524092 0.05029013539651837
0 0.64529280948851 0.32591876208897486 0.01704966641957005 0.06382978723404255
0 0.6593773165307635 0.34235976789168276 0.014084507042253521 0.05029013539651837
0 0.6738324684951816 0.3471953578336557 0.01927353595255745 0.06769825918762089
0 0.6945885841363973 0.3114119922630561 0.01927353595255745 0.05415860735009671
0 0.7116382505559674 0.31334622823984526 0.01630837657524092 0.05415860735009671
0 0.7312824314306894 0.3230174081237911 0.02001482579688658 0.058027079303675046
0 0.7616753150481839 0.3539651837524178 0.021497405485544848 0.058027079303675046
0 0.7716827279466272 0.2940038684719536 0.01927353595255745 0.05415860735009671
0 0.8035581912527798 0.3568665377176016 0.020756115641215715 0.059961315280464215
0 0.821349147516679 0.3965183752417795 0.017790956263899184 0.05415860735009671
