0 0.9579766536964981 1.0202702702702702 0.014007782101167316 0.05675675675675676
0 0.9840466926070038 1.072972972972973 0.013229571984435798 0.05945945945945946
0 0.9599221789883269 1.2621621621621621 0.024124513618677044 0.10270270270270271
0 0.8696498054474708 1.2472972972972973 0.030350194552529183 0.12162162162162163
0 0.7750972762645915 1.204054054054054 0.03268482490272374 0.14864864864864866
0 0.7280155642023346 1.2027027027027026 0.028793774319066146 0.0972972972972973
0 0.6988326848249027 1.135135135135135 0.026459143968871595 0.10810810810810811
0 0.6408560311284047 1.1743243243243244 0.021011673151750974 0.06756756756756757
0 0.6073929961089494 1.3675675675675676 0.0178988326848249 0.07027027027027027
0 0.5801556420233464 1.1986486486486487 0.025680933852140077 0.10540540540540541
0 0.5330739299610895 1.2837837837837838 0.020233463035019456 0.0918918918918919
0 0.5046692607003891 1.1945945945945946 0.027237354085603113 0.0972972972972973
0 0.4583657587548638 1.2756756756756757 0.023346303501945526 0.08108108108108109
0 0.42684824902723734 1.2567567567567568 0.028793774319066146 0.10270270270270271
0 0.40622568093385214 1.2 0.02801556420233463 0.10270270270270271
0 0.36186770428015563 1.2486486486486486 0.024902723735408562 0.0972972972972973
0 0.3159533073929961 1.2337837837837837 0.02178988326848249 0.0945945945945946
0 0.27003891050583656 1.218918918918919 0.034241245136186774 0.12972972972972974
0 0.20739299610894943 1.2067567567567568 0.027237354085603113 0.12162162162162163
0 0.1859922178988327 1.2486486486486486 0.020233463035019456 0.08108108108108109
0 0.16848249027237355 1.1797297297297298 0.025680933852140077 0.08378378378378379
0 0.0031128404669260703 1.2391891891891893 0.02178988326848249 0.1
0 0.0023346303501945525 1.1837837837837837 0.023346303501945526 0.0972972972972973
0 0.02840466926070039 1.1837837837837837 0.025680933852140077 0.0972972972972973
0 0.09649805447470818 1.2783783783783784 0.02801556420233463 0.11351351351351352
0 0.06459143968871596 1.2702702702702702 0.023346303501945526 0.07567567567567568
0 0.13424124513618677 1.2472972972972973 0.025680933852140077 0.0891891891891892
0 0.10311284046692606 1.2351351351351352 0.021011673151750974 0.08648648648648649
0 0.06536964980544747 1.1797297297297298 0.020233463035019456 0.07837837837837838
0 0.34941634241245134 1.1662162162162162 0.010894941634241245 0.04594594594594595
0 0.22023346303501945 1.268918918918919 0.017120622568093387 0.06756756756756757
0 0.2424124513618677 1.2445945945945946 0.019455252918287938 0.07837837837837838
0 0.18754863813229572 1.1689189189189189 0.01556420233463035 0.04594594594594595
0 0.31556420233463034 1.2405405405405405 0.021011673151750974 0.0972972972972973
0 0.33852140077821014 1.172972972972973 0.014007782101167316 0.04864864864864865
0 0.3463035019455253 1.1297297297297297 0.012451361867704281 0.043243243243243246
0 0.37237354085603114 1.1878378378378378 0.019455252918287938 0.07837837837837838
0 0.6233463035019455 1.2513513513513514 0.01867704280155642 0.07567567567567568
0 0.6696498054474708 1.2216216216216216 0.024124513618677044 0.0972972972972973
