0 0.30015197568389057 2.31140350877193 0.08966565349544073 0.32456140350877194
0 0.3981762917933131 2.379385964912281 0.08206686930091185 0.2850877192982456
0 0.513677811550152 2.4100877192982457 0.0972644376899696 0.35526315789473684
0 0.5835866261398176 2.375 0.09422492401215805 0.36403508771929827
0 0.7697568389057751 2.3333333333333335 0.09270516717325228 0.34210526315789475
0 0.9468085106382979 2.2960526315789473 0.11246200607902736 0.32894736842105265
0 0.07522796352583587 3.0285087719298245 0.019756838905775075 0.05701754385964912
0 0.0972644376899696 2.9934210526315788 0.02127659574468085 0.05701754385964912
0 0.0121580547112462 3.0065789473684212 0.0182370820668693 0.05701754385964912
0 0.022796352583586626 2.883771929824561 0.0182370820668693 0.05701754385964912
0 0.06306990881458967 2.8596491228070176 0.016717325227963525 0.05263157894736842
