0 0.21237113402061855 0.6914893617021277 0.061855670103092786 0.20212765957446807
0 0.41030927835051545 0.7686170212765957 0.05567010309278351 0.18617021276595744
0 0.7010309278350515 0.7978723404255319 0.06804123711340206 0.24468085106382978
0 0.8201030927835051 0.723404255319149 0.06701030927835051 0.19148936170212766
0 0.8603092783505155 0.7473404255319149 0.05257731958762887 0.15425531914893617
0 0.08762886597938144 0.6622340425531915 0.032989690721649485 0.10106382978723404
0 1.0536082474226804 0.9029255319148937 0.03505154639175258 0.125
0 0.906701030927835 0.9042553191489362 0.031958762886597936 0.11170212765957446
0 0.6304123711340206 0.6462765957446809 0.03608247422680412 0.12234042553191489
0 0.95 0.16090425531914893 0.027835051546391754 0.08776595744680851
0 0.9768041237113402 -0.007978723404255319 0.01958762886597938 0.05319148936170213
