0 0.20015885623510724 2.3505747126436782 0.03971405877680699 0.3563218390804598
0 0.12152501985702939 2.3994252873563218 0.03335980937251787 0.3275862068965517
0 0.08538522637013503 2.9195402298850577 0.024622716441620333 0.1724137931034483
0 0.11318506751389992 2.8591954022988504 0.016679904686258934 0.1206896551724138
0 0.02660841938046068 2.3563218390804597 0.013502779984114376 0.09195402298850575
0 0.06791104050833995 2.310344827586207 0.007148530579825258 0.05747126436781609
0 0.20691024622716442 2.339080459770115 0.02779984114376489 0.2413793103448276
0 0.34868943606036534 2.293103448275862 0.022239872915011914 0.19540229885057472
0 0.27521842732327245 2.2701149425287355 0.003971405877680699 0.034482758620689655
0 0.2994440031771247 2.2701149425287355 0.004765687053216839 0.034482758620689655
0 0.4050833995234313 2.189655172413793 0.015885623510722795 0.12643678160919541
0 0.41739475774424145 2.1954022988505746 0.030976965845909452 0.2413793103448276
0 0.4380460683081811 2.2873563218390807 0.021445591739475776 0.20689655172413793
0 0.5369340746624305 2.189655172413793 0.025416997617156472 0.20689655172413793
0 0.5472597299444003 2.206896551724138 0.015885623510722795 0.16091954022988506
0 0.5806195393169182 2.264367816091954 0.023828435266084195 0.1839080459770115
0 0.619142176330421 2.2442528735632186 0.04527402700555997 0.3160919540229885
0 0.6445591739475774 2.2902298850574714 0.03733121525019857 0.3505747126436782
0 0.704527402700556 2.2701149425287355 0.030182684670373314 0.2413793103448276
0 0.7565528196981731 2.2413793103448274 0.024622716441620333 0.20689655172413793
0 0.7398729150119142 2.163793103448276 0.016679904686258934 0.14367816091954022
0 0.7128673550436855 2.1954022988505746 0.018268467037331215 0.16091954022988506
0 0.7922954725972995 2.1235632183908044 0.016679904686258934 0.14367816091954022
0 0.8101667990468626 2.189655172413793 0.023828435266084195 0.20689655172413793
0 0.8486894360603654 2.192528735632184 0.019857029388403495 0.16666666666666666
0 0.8633836378077839 2.1005747126436782 0.023828435266084195 0.14367816091954022
0 0.931691818903892 2.1350574712643677 0.019062748212867357 0.13218390804597702
