0 0.51328125 0.23109243697478993 0.0609375 0.18487394957983194
0 0.7265625 0.5199579831932774 0.05 0.14495798319327732
0 0.026953125 0.9086134453781513 0.03359375 0.10714285714285714
0 0.1171875 0.9401260504201681 0.0375 0.11554621848739496
0 0.187109375 0.9023109243697479 0.03671875 0.10714285714285714
0 0.385546875 0.8686974789915967 0.03046875 0.09873949579831932
0 0.467578125 0.9002100840336135 0.03515625 0.10714285714285714
0 0.919921875 0.8466386554621849 0.02890625 0.10084033613445378
0 0.11015625 0.5535714285714286 0.028125 0.09033613445378151
0 0.173046875 0.5609243697478992 0.02421875 0.07983193277310924
0 0.229296875 0.5619747899159664 0.02265625 0.06512605042016807
0 0.325390625 0.5619747899159664 0.02265625 0.07352941176470588
0 0.90625 0.6039915966386554 0.0234375 0.07352941176470588
0 0.966796875 0.6165966386554622 0.02265625 0.07352941176470588
0 0.85546875 0.7678571428571429 0.0328125 0.09033613445378151
0 0.650390625 0.782563025210084 0.02578125 0.0819327731092437
0 0.85703125 0.5126050420168067 0.0234375 0.07563025210084033
0 0.923046875 0.4947478991596639 0.02109375 0.06092436974789916
0 0.794921875 0.5147058823529411 0.02421875 0.06722689075630252
0 0.7515625 0.5063025210084033 0.021875 0.06722689075630252
0 0.6546875 0.6165966386554622 0.0296875 0.0819327731092437
