0 0.16911764705882354 2.4292682926829268 0.04144385026737968 0.25853658536585367
0 0.43315508021390375 2.5841463414634145 0.0213903743315508 0.15365853658536585
0 0.5120320855614974 2.9170731707317072 0.03208556149732621 0.17560975609756097
0 0.5599376114081996 2.5170731707317073 0.019162210338680926 0.12195121951219512
0 0.6564171122994652 2.398780487804878 0.026737967914438502 0.15853658536585366
0 0.6891711229946524 2.4682926829268292 0.008467023172905526 0.05365853658536585
0 0.6597593582887701 2.0280487804878047 0.007575757575757576 0.046341463414634146
0 0.6724598930481284 2.069512195121951 0.008912655971479501 0.05121951219512195
0 0.7012032085561497 2.126829268292683 0.007575757575757576 0.04878048780487805
0 0.7357397504456328 2.229268292682927 0.00980392156862745 0.05365853658536585
0 0.7526737967914439 2.268292682926829 0.008912655971479501 0.04878048780487805
0 0.7553475935828877 2.454878048780488 0.012477718360071301 0.09024390243902439
0 0.7876559714795008 2.5317073170731708 0.028966131907308377 0.18048780487804877
0 0.8814616755793226 2.5121951219512195 0.027629233511586453 0.16585365853658537
0 0.8313279857397504 2.5036585365853656 0.013814616755793227 0.1
0 0.8540552584670231 2.518292682926829 0.019162210338680926 0.10975609756097561
0 1.0164884135472372 2.4695121951219514 0.01693404634581105 0.10975609756097561
0 1.1356951871657754 2.3914634146341465 0.02540106951871658 0.16829268292682928
