0 0.09181969949916527 2.3614035087719296 0.015025041736227046 0.04912280701754386
0 0.1172787979966611 2.3035087719298244 0.012520868113522538 0.06666666666666667
0 0.1515025041736227 2.3 0.012520868113522538 0.05964912280701754
0 0.19156928213689484 2.024561403508772 0.007512520868113523 0.03508771929824561
0 0.19782971619365608 1.987719298245614 0.00667779632721202 0.031578947368421054
0 0.20993322203672787 1.9771929824561403 0.007512520868113523 0.031578947368421054
0 0.21994991652754592 1.931578947368421 0.005843071786310518 0.02456140350877193
0 0.2508347245409015 1.975438596491228 0.02921535893155259 0.14736842105263157
0 0.24415692821368948 1.9929824561403509 0.007512520868113523 0.03508771929824561
0 0.38647746243739567 2.4719298245614034 0.015025041736227046 0.07368421052631578
0 0.43030050083472454 2.566666666666667 0.015859766277128547 0.07368421052631578
0 0.5313021702838063 2.56140350877193 0.014190317195325543 0.06315789473684211
0 0.5730383973288815 2.6491228070175437 0.012520868113522538 0.06315789473684211
0 0.42070116861435725 1.9947368421052631 0.00667779632721202 0.031578947368421054
0 0.41402337228714525 1.8245614035087718 0.005008347245409015 0.021052631578947368
0 0.40191986644407346 1.8245614035087718 0.004173622704507512 0.014035087719298246
0 0.37938230383973287 1.8157894736842106 0.004173622704507512 0.017543859649122806
0 0.3426544240400668 1.8245614035087718 0.005843071786310518 0.021052631578947368
0 0.31719532554257096 1.8280701754385964 0.00333889816360601 0.021052631578947368
0 0.4574290484140234 1.8070175438596492 0.005008347245409015 0.021052631578947368
0 0.5371452420701168 1.805263157894737 0.004173622704507512 0.017543859649122806
0 0.5663606010016694 1.880701754385965 0.007512520868113523 0.03508771929824561
0 0.583889816360601 1.8368421052631578 0.005843071786310518 0.02456140350877193
0 0.5968280467445742 1.7403508771929825 0.005008347245409015 0.021052631578947368
0 0.6110183639398998 1.736842105263158 0.005008347245409015 0.021052631578947368
0 0.6473288814691152 1.7982456140350878 0.004173622704507512 0.017543859649122806
0 0.6665275459098498 1.7473684210526317 0.004173622704507512 0.021052631578947368
0 0.7036727879799666 1.792982456140351 0.005008347245409015 0.021052631578947368
0 0.6502504173622704 1.8912280701754387 0.005008347245409015 0.028070175438596492
0 0.6448247078464107 1.9052631578947368 0.005843071786310518 0.028070175438596492
0 0.6506677796327212 1.9631578947368422 0.005843071786310518 0.02456140350877193
0 0.674457429048414 1.975438596491228 0.00667779632721202 0.03508771929824561
0 0.6924040066777963 1.9596491228070176 0.007512520868113523 0.031578947368421054
0 0.6352253756260434 2.033333333333333 0.00667779632721202 0.031578947368421054
0 0.6172787979966611 2.017543859649123 0.007512520868113523 0.03508771929824561
0 0.7257929883138564 1.9526315789473685 0.007512520868113523 0.03859649122807018
0 0.7333055091819699 1.9666666666666666 0.007512520868113523 0.031578947368421054
0 0.6681969949916527 2.1789473684210527 0.009181969949916527 0.042105263157894736
0 0.7525041736227045 1.707017543859649 0.004173622704507512 0.017543859649122806
0 0.7587646076794657 1.6964912280701754 0.00333889816360601 0.017543859649122806
0 0.7742070116861436 1.7087719298245614 0.004173622704507512 0.021052631578947368
0 0.8121869782971619 1.8 0.005008347245409015 0.021052631578947368
0 0.8034223706176962 1.7824561403508772 0.005843071786310518 0.021052631578947368
0 0.7959098497495827 1.7912280701754386 0.004173622704507512 0.017543859649122806
0 0.7938230383973289 1.7263157894736842 0.005008347245409015 0.021052631578947368
0 0.7975792988313857 1.724561403508772 0.004173622704507512 0.017543859649122806
0 0.8489148580968281 1.7771929824561403 0.005008347245409015 0.02456140350877193
0 0.8697829716193656 1.768421052631579 0.005008347245409015 0.021052631578947368
0 0.8852253756260434 1.763157894736842 0.005843071786310518 0.02456140350877193
0 0.8948247078464107 1.7578947368421052 0.005008347245409015 0.021052631578947368
0 0.8393155258764607 1.763157894736842 0.005843071786310518 0.02456140350877193
0 0.8601836393989983 1.7385964912280703 0.007512520868113523 0.09473684210526316
0 0.8760434056761269 1.6912280701754385 0.004173622704507512 0.021052631578947368
0 0.8856427378964942 2.101754385964912 0.008347245409015025 0.042105263157894736
0 0.9069282136894825 2.150877192982456 0.007512520868113523 0.03508771929824561
0 0.9403171953255426 2.1649122807017545 0.009181969949916527 0.03508771929824561
0 0.9474123539232053 2.066666666666667 0.008347245409015025 0.042105263157894736
0 0.9795492487479132 2.0228070175438595 0.010851419031719533 0.05263157894736842
0 1.0095993322203674 2.0701754385964914 0.010851419031719533 0.056140350877192984
0 1.0346410684474123 1.780701754385965 0.007512520868113523 0.02456140350877193
0 1.0212854757929883 1.7771929824561403 0.005843071786310518 0.02456140350877193
0 1.001669449081803 1.756140350877193 0.005008347245409015 0.017543859649122806
0 1.0776293823038396 1.7298245614035088 0.005008347245409015 0.021052631578947368
0 1.0555091819699498 1.724561403508772 0.004173622704507512 0.017543859649122806
0 1.0500834724540902 1.7157894736842105 0.005008347245409015 0.021052631578947368
0 0.9353088480801336 1.7157894736842105 0.004173622704507512 0.021052631578947368
0 0.9561769616026711 1.712280701754386 0.004173622704507512 0.021052631578947368
0 0.9828881469115192 1.712280701754386 0.004173622704507512 0.021052631578947368
