0 0.19470046082949308 1.1024096385542168 0.02534562211981567 0.07630522088353414
0 0.41397849462365593 1.0843373493975903 0.016897081413210446 0.05220883534136546
0 0.4324116743471582 0.9969879518072289 0.016897081413210446 0.05421686746987952
0 0.6213517665130568 1.1837349397590362 0.019969278033794162 0.05823293172690763
0 0.6482334869431644 1.1536144578313252 0.015360983102918587 0.04618473895582329
0 0.6382488479262672 1.0491967871485943 0.013824884792626729 0.03815261044176707
0 0.695852534562212 1.1184738955823292 0.02304147465437788 0.0642570281124498
0 0.8394777265745008 1.070281124497992 0.019969278033794162 0.05622489959839357
0 0.9377880184331797 1.0522088353413654 0.01228878648233487 0.040160642570281124
0 0.09907834101382489 0.6947791164658634 0.013824884792626729 0.040160642570281124
0 0.1098310291858679 0.679718875502008 0.013824884792626729 0.04216867469879518
0 0.173963133640553 0.6606425702811245 0.01152073732718894 0.028112449799196786
0 0.2154377880184332 0.6475903614457831 0.014592933947772658 0.03413654618473896
0 0.34408602150537637 0.6134538152610441 0.009216589861751152 0.030120481927710843
0 0.347926267281106 0.5993975903614458 0.010752688172043012 0.030120481927710843
0 0.434331797235023 0.5481927710843374 0.01152073732718894 0.03614457831325301
0 0.5019201228878648 0.5321285140562249 0.009984639016897081 0.028112449799196786
0 0.6236559139784946 0.4759036144578313 0.010752688172043012 0.03614457831325301
0 0.6466973886328725 0.4708835341365462 0.010752688172043012 0.03413654618473896
0 0.6705069124423964 0.4578313253012048 0.009216589861751152 0.028112449799196786
0 0.7046850998463902 0.44377510040160645 0.013056835637480798 0.0321285140562249
0 0.7231182795698925 0.4819277108433735 0.008448540706605223 0.028112449799196786
0 0.978110599078341 0.48293172690763053 0.009984639016897081 0.030120481927710843
0 0.3302611367127496 0.536144578313253 0.006144393241167435 0.01606425702811245
0 0.24769585253456222 0.5190763052208835 0.0069124423963133645 0.018072289156626505
0 0.12365591397849462 0.48092369477911645 0.009216589861751152 0.02208835341365462
0 0.10023041474654378 0.4367469879518072 0.009984639016897081 0.030120481927710843
