0 0.26186313686313684 0.5336191335740073 0.01073926073926074 0.07445848375451264
0 0.5701798201798202 0.5333935018050542 0.0034965034965034965 0.00631768953068592
0 0.5743006993006993 0.5311371841155235 0.0027472527472527475 0.00631768953068592
0 0.6755744255744256 0.5388086642599278 0.002997002997002997 0.005415162454873646
0 0.6964285714285714 0.5351985559566786 0.0027472527472527475 0.005415162454873646
0 0.6994255744255744 0.5324909747292419 0.0027472527472527475 0.005415162454873646
0 0.7061688311688312 0.536326714801444 0.002247752247752248 0.004963898916967509
0 0.7347652347652348 0.5275270758122743 0.0024975024975024975 0.004512635379061372
0 0.7402597402597403 0.5277527075812274 0.0024975024975024975 0.004963898916967509
0 0.7672327672327672 0.5056407942238267 0.003996003996003996 0.007671480144404332
0 0.7721028971028971 0.5054151624548736 0.003246753246753247 0.007220216606498195
0 0.8115634365634365 0.47653429602888087 0.004745254745254745 0.008122743682310469
0 0.8193056943056943 0.47743682310469315 0.004245754245754246 0.008122743682310469
0 0.8826173826173827 0.4469765342960289 0.004995004995004995 0.01128158844765343
0 0.9479270729270729 0.41335740072202165 0.005244755244755245 0.010830324909747292
0 0.9615384615384616 0.4120036101083033 0.005994005994005994 0.01263537906137184
0 0.9745254745254746 0.779783393501805 0.07042957042957043 0.1615523465703971
0 0.9245754245754245 0.7344314079422383 0.04295704295704296 0.09431407942238267
0 0.9113386613386614 0.677797833935018 0.02047952047952048 0.042418772563176894
0 0.8577672327672328 0.6924638989169675 0.006743256743256743 0.013086642599277979
0 0.7944555444555444 0.7044223826714802 0.04295704295704296 0.08754512635379061
0 0.7671078921078921 0.6951714801444043 0.025224775224775224 0.0582129963898917
0 0.8252997002997003 0.6719314079422383 0.01023976023976024 0.023465703971119134
0 0.8104395604395604 0.6674187725631769 0.007992007992007992 0.017148014440433214
0 0.8459040959040959 0.6683212996389891 0.006493506493506494 0.01444043321299639
0 0.8361638361638362 0.6635830324909747 0.007492507492507493 0.01759927797833935
0 0.7601148851148851 0.6642599277978339 0.005244755244755245 0.011732851985559567
0 0.731018981018981 0.66764440433213 0.004495504495504496 0.010379061371841155
0 0.7196553446553446 0.6662906137184116 0.004245754245754246 0.008574007220216607
0 0.7127872127872128 0.6649368231046932 0.0014985014985014985 0.00315884476534296
0 0.7087912087912088 0.6633574007220217 0.001998001998001998 0.0036101083032490976
0 0.7042957042957043 0.6705776173285198 0.007992007992007992 0.015342960288808664
0 0.6928071928071928 0.6611010830324909 0.0024975024975024975 0.005415162454873646
0 0.6896853146853147 0.6635830324909747 0.0027472527472527475 0.004963898916967509
0 0.6761988011988012 0.6640342960288809 0.0017482517482517483 0.004061371841155234
0 0.6745754245754245 0.7504512635379061 0.011488511488511488 0.023465703971119134
0 0.647977022977023 0.6825361010830325 0.00974025974025974 0.021209386281588447
0 0.6371128871128872 0.6773465703971119 0.01098901098901099 0.02707581227436823
0 0.6077672327672328 0.6642599277978339 0.0037462537462537465 0.009025270758122744
0 0.6846903096903096 0.95735559566787 0.016233766233766232 0.034747292418772564
0 0.59502997002997 1.0090252707581226 0.018231768231768232 0.0351985559566787
0 0.5741758241758241 1.029783393501805 0.01998001998001998 0.0351985559566787
0 0.4500499500499501 1.0187274368231047 0.014985014985014986 0.03655234657039711
0 0.42482517482517484 1.0173736462093863 0.013986013986013986 0.03655234657039711
0 0.32904595404595405 0.9828519855595668 0.012237762237762238 0.0315884476534296
0 0.29745254745254746 0.98014440433213 0.013986013986013986 0.033393501805054154
0 0.27197802197802196 0.9810469314079422 0.017982017982017984 0.036101083032490974
0 0.27347652347652346 0.9808212996389891 0.012487512487512488 0.026624548736462094
0 0.0236013986013986 1.022563176895307 0.019230769230769232 0.03700361010830325
0 0.11550949050949051 0.8765794223826715 0.015234765234765234 0.037454873646209384
0 0.10077422577422578 0.8131768953068592 0.016233766233766232 0.02888086642599278
0 0.0743006993006993 0.8023465703971119 0.015734265734265736 0.032490974729241874
0 0.04582917082917083 0.6787003610108303 0.011738261738261738 0.02527075812274368
0 0.04195804195804196 0.6692238267148014 0.014485514485514486 0.029783393501805054
0 0.016608391608391608 0.6714801444043321 0.013736263736263736 0.026173285198555957
0 0.18269230769230768 0.6689981949458483 0.011738261738261738 0.020306859205776174
0 0.17207792207792208 0.6895306859205776 0.00999000999000999 0.017148014440433214
0 0.19205794205794205 0.6669675090252708 0.005994005994005994 0.011732851985559567
0 0.2152847152847153 0.6685469314079422 0.00949050949050949 0.0194043321299639
0 0.22452547452547453 0.66764440433213 0.003996003996003996 0.007671480144404332
0 0.24263236763236765 0.6647111913357401 0.003246753246753247 0.00631768953068592
0 0.2348901098901099 0.7619584837545126 0.013736263736263736 0.03023465703971119
0 0.2511238761238761 0.7522563176895307 0.013236763236763236 0.027978339350180504
0 0.2993256743256743 0.6753158844765343 0.007742257742257742 0.014891696750902527
0 0.3146853146853147 0.6624548736462094 0.006993006993006993 0.015342960288808664
0 0.3808691308691309 0.75 0.013986013986013986 0.027978339350180504
0 0.36563436563436563 0.671028880866426 0.004995004995004995 0.011732851985559567
0 0.37225274725274726 0.664485559566787 0.004745254745254745 0.010379061371841155
0 0.4308191808191808 0.6640342960288809 0.004995004995004995 0.010379061371841155
0 0.44018481518481517 0.6640342960288809 0.0037462537462537465 0.00947653429602888
0 0.4612887112887113 0.6683212996389891 0.01048951048951049 0.026173285198555957
0 0.52997002997003 0.8181407942238267 0.013986013986013986 0.029783393501805054
0 0.4976273726273726 0.8235559566787004 0.011738261738261738 0.027978339350180504
0 0.5137362637362637 0.7328519855595668 0.012987012987012988 0.02256317689530686
0 0.5574425574425574 0.7344314079422383 0.011988011988011988 0.024819494584837544
0 0.596028971028971 0.5636281588447654 0.0027472527472527475 0.00631768953068592
0 0.6221278721278721 0.5925090252707581 0.0034965034965034965 0.007220216606498195
0 0.6186313686313686 0.5974729241877257 0.0024975024975024975 0.00631768953068592
0 0.5825424575424576 0.6626805054151624 0.005244755244755245 0.012184115523465704
0 0.5578171828171828 0.6631317689530686 0.006743256743256743 0.014891696750902527
0 0.5343406593406593 0.6629061371841155 0.005244755244755245 0.010830324909747292
0 0.5144855144855145 0.6689981949458483 0.004495504495504496 0.01128158844765343
0 0.49625374625374624 0.668095667870036 0.005994005994005994 0.010379061371841155
0 0.4852647352647353 0.6513989169675091 0.003996003996003996 0.006768953068592058
0 0.4376873126873127 0.6527527075812274 0.002247752247752248 0.004061371841155234
0 0.4458041958041958 0.6523014440433214 0.0034965034965034965 0.006768953068592058
0 0.411963036963037 0.6750902527075813 0.00924075924075924 0.05415162454873646
0 0.4232017982017982 0.6486913357400722 0.005744255744255744 0.008574007220216607
0 0.7005494505494505 0.5970216606498195 0.0014985014985014985 0.0036101083032490976
0 0.6833166833166833 0.5981498194945848 0.0014985014985014985 0.00315884476534296
0 0.6780719280719281 0.5981498194945848 0.0014985014985014985 0.002256317689530686
0 0.6725774225774226 0.5974729241877257 0.000999000999000999 0.0018050541516245488
0 0.6804445554445554 0.5990523465703971 0.0012487512487512488 0.002256317689530686
0 0.6886863136863137 0.6001805054151624 0.0017482517482517483 0.002707581227436823
0 0.666958041958042 0.5979241877256317 0.0007492507492507493 0.0018050541516245488
0 0.656968031968032 0.5979241877256317 0.0007492507492507493 0.0018050541516245488
0 0.6537212787212787 0.5976985559566786 0.0012487512487512488 0.002256317689530686
0 0.8826173826173827 0.6550090252707581 0.0034965034965034965 0.006768953068592058
