0 0.9046875 2.3655913978494625 0.0125 0.043010752688172046
0 0.88515625 2.3655913978494625 0.0140625 0.043010752688172046
0 0.79765625 2.3333333333333335 0.0140625 0.043010752688172046
0 0.73984375 2.096774193548387 0.0078125 0.021505376344086023
0 0.746875 2.0403225806451615 0.015625 0.14516129032258066
0 0.7546875 2.0053763440860215 0.00625 0.021505376344086023
0 0.721875 2.1129032258064515 0.009375 0.03225806451612903
0 0.50703125 2.0053763440860215 0.0078125 0.021505376344086023
0 0.48984375 2.0591397849462365 0.0171875 0.12903225806451613
0 0.48203125 2.0188172043010755 0.0046875 0.016129032258064516
0 0.48515625 2.0591397849462365 0.0078125 0.021505376344086023
0 0.46953125 2.0698924731182795 0.0078125 0.021505376344086023
0 0.453125 2.0698924731182795 0.009375 0.03225806451612903
0 0.43046875 2.024193548387097 0.0078125 0.026881720430107527
0 0.421875 2.0806451612903225 0.00625 0.021505376344086023
0 0.4 2.03494623655914 0.00625 0.026881720430107527
0 0.3875 2.032258064516129 0.00625 0.021505376344086023
0 0.33671875 2.1370967741935485 0.0078125 0.026881720430107527
0 0.30234375 2.0725806451612905 0.0078125 0.026881720430107527
0 0.2890625 2.129032258064516 0.00625 0.021505376344086023
0 0.2625 2.1021505376344085 0.00625 0.021505376344086023
0 0.2625 2.25 0.009375 0.026881720430107527
0 0.2390625 2.225806451612903 0.009375 0.03225806451612903
0 0.2234375 2.225806451612903 0.009375 0.03225806451612903
0 0.21875 2.053763440860215 0.00625 0.021505376344086023
0 0.22734375 2.110215053763441 0.0171875 0.15591397849462366
0 0.24453125 2.0510752688172045 0.0078125 0.026881720430107527
0 0.29140625 1.89247311827957 0.0046875 0.021505376344086023
0 0.303125 1.85752688172043 0.00625 0.016129032258064516
0 0.25625 2.0913978494623655 0.0125 0.11827956989247312
0 0.27265625 2.043010752688172 0.0078125 0.021505376344086023
0 0.334375 1.803763440860215 0.00625 0.026881720430107527
0 0.3453125 1.8279569892473118 0.00625 0.021505376344086023
0 0.40078125 1.7553763440860215 0.0046875 0.016129032258064516
0 0.184375 2.096774193548387 0.00625 0.021505376344086023
0 0.1734375 2.096774193548387 0.00625 0.021505376344086023
0 0.15078125 2.1263440860215055 0.0078125 0.026881720430107527
0 0.13671875 2.131720430107527 0.0078125 0.026881720430107527
0 0.09375 2.1666666666666665 0.009375 0.03225806451612903
0 0.06796875 2.182795698924731 0.0109375 0.03225806451612903
0 0.04765625 2.1908602150537635 0.0109375 0.03763440860215054
0 0.009375 2.206989247311828 0.009375 0.026881720430107527
0 0.040625 1.6774193548387097 0.00625 0.021505376344086023
0 0.47109375 2.0295698924731185 0.0046875 0.016129032258064516
