0 0.009900990099009901 0.34303534303534305 0.00825082508250825 0.02079002079002079
0 0.013201320132013201 0.17255717255717257 0.006600660066006601 0.016632016632016633
0 0.04744224422442244 0.24740124740124741 0.005775577557755775 0.016632016632016633
0 0.03094059405940594 0.07172557172557173 0.005775577557755775 0.014553014553014554
0 0.16336633663366337 0.21205821205821207 0.0049504950495049506 0.012474012474012475
0 0.14232673267326731 0.1257796257796258 0.015676567656765675 0.060291060291060294
0 0.15387788778877887 0.13617463617463618 0.020627062706270627 0.05197505197505198
0 0.13861386138613863 0.0893970893970894 0.0033003300330033004 0.008316008316008316
0 0.17574257425742573 0.11642411642411643 0.0049504950495049506 0.012474012474012475
0 0.1806930693069307 0.13201663201663202 0.013201320132013201 0.04365904365904366
0 0.1901815181518152 0.1548856548856549 0.004125412541254125 0.010395010395010396
0 0.20874587458745875 0.12058212058212059 0.0033003300330033004 0.008316008316008316
0 0.21740924092409242 0.14656964656964658 0.012376237623762377 0.056133056133056136
0 0.22400990099009901 0.14345114345114346 0.014026402640264026 0.062370062370062374
0 0.2306105610561056 0.32536382536382535 0.004125412541254125 0.014553014553014554
0 0.20214521452145215 0.36382536382536385 0.006600660066006601 0.016632016632016633
0 0.1844059405940594 0.39397089397089397 0.005775577557755775 0.014553014553014554
0 0.15841584158415842 0.4282744282744283 0.006600660066006601 0.016632016632016633
0 0.15924092409240925 0.46361746361746364 0.00825082508250825 0.02079002079002079
0 0.14397689768976898 0.5051975051975052 0.007425742574257425 0.02079002079002079
0 0.11138613861386139 0.6018711018711018 0.009900990099009901 0.02702702702702703
0 0.11592409240924093 0.6704781704781705 0.010726072607260726 0.035343035343035345
0 0.22813531353135313 0.6715176715176715 0.04702970297029703 0.13305613305613306
0 0.3448844884488449 0.9459459459459459 0.018151815181518153 0.058212058212058215
0 0.48968646864686466 0.9698544698544699 0.015676567656765675 0.060291060291060294
0 0.7528877887788779 0.6538461538461539 0.04702970297029703 0.15592515592515593
0 0.886963696369637 0.8825363825363826 0.013201320132013201 0.0395010395010395
0 0.9971122112211221 0.7962577962577962 0.017326732673267328 0.037422037422037424
0 0.8993399339933993 0.5197505197505198 0.00825082508250825 0.02494802494802495
0 0.28506600660066006 0.3607068607068607 0.005775577557755775 0.014553014553014554
0 0.30198019801980197 0.34407484407484407 0.006600660066006601 0.014553014553014554
0 0.3259075907590759 0.32224532224532226 0.0049504950495049506 0.012474012474012475
0 0.34447194719471946 0.29521829521829523 0.004125412541254125 0.012474012474012475
0 0.3572607260726073 0.32744282744282743 0.01485148514851485 0.07692307692307693
0 0.38325082508250824 0.2692307692307692 0.004125412541254125 0.010395010395010396
0 0.3873762376237624 0.25571725571725573 0.004125412541254125 0.012474012474012475
0 0.40222772277227725 0.27546777546777546 0.015676567656765675 0.06860706860706861
0 0.40305280528052806 0.23804573804573806 0.0024752475247524753 0.010395010395010396
0 0.41171617161716173 0.22453222453222454 0.0033003300330033004 0.012474012474012475
0 0.422029702970297 0.24220374220374222 0.014026402640264026 0.06444906444906445
0 0.2990924092409241 0.5935550935550935 0.007425742574257425 0.014553014553014554
0 0.3056930693069307 0.5592515592515592 0.005775577557755775 0.016632016632016633
0 0.29125412541254125 0.579002079002079 0.009900990099009901 0.02286902286902287
0 0.34777227722772275 0.5436590436590436 0.005775577557755775 0.018711018711018712
0 0.34034653465346537 0.5031185031185031 0.005775577557755775 0.016632016632016633
0 0.36303630363036304 0.577962577962578 0.009900990099009901 0.02079002079002079
0 0.38242574257425743 0.5634095634095634 0.007425742574257425 0.02079002079002079
0 0.4084158415841584 0.41372141372141374 0.0049504950495049506 0.012474012474012475
0 0.4245049504950495 0.43243243243243246 0.005775577557755775 0.012474012474012475
0 0.389026402640264 0.3711018711018711 0.004125412541254125 0.010395010395010396
0 0.36221122112211224 0.4604989604989605 0.0049504950495049506 0.014553014553014554
0 0.35396039603960394 0.6860706860706861 0.00825082508250825 0.02079002079002079
0 0.37334983498349833 0.6860706860706861 0.009075907590759076 0.02079002079002079
0 0.39933993399339934 0.658004158004158 0.006600660066006601 0.018711018711018712
0 0.4352310231023102 0.5862785862785863 0.005775577557755775 0.016632016632016633
0 0.43935643564356436 0.7765072765072765 0.018976897689768978 0.10602910602910603
0 0.4504950495049505 0.5925155925155925 0.009900990099009901 0.02079002079002079
0 0.47483498349834985 0.5925155925155925 0.009075907590759076 0.02079002079002079
0 0.4438943894389439 0.4625779625779626 0.0049504950495049506 0.014553014553014554
0 0.40965346534653463 0.3492723492723493 0.004125412541254125 0.012474012474012475
0 0.429042904290429 0.36694386694386694 0.0049504950495049506 0.010395010395010396
0 0.43935643564356436 0.3659043659043659 0.004125412541254125 0.012474012474012475
0 0.46163366336633666 0.34407484407484407 0.004125412541254125 0.010395010395010396
0 0.46493399339933994 0.48440748440748443 0.007425742574257425 0.016632016632016633
0 0.5556930693069307 0.4979209979209979 0.005775577557755775 0.014553014553014554
0 0.5717821782178217 0.5218295218295218 0.006600660066006601 0.016632016632016633
0 0.5825082508250825 0.502079002079002 0.0049504950495049506 0.018711018711018712
0 0.516914191419142 0.4261954261954262 0.004125412541254125 0.012474012474012475
0 0.7021452145214522 0.44490644490644493 0.006600660066006601 0.02079002079002079
0 0.6749174917491749 0.38253638253638256 0.0049504950495049506 0.012474012474012475
0 0.761963696369637 0.23284823284823286 0.014026402640264026 0.07484407484407485
0 0.7351485148514851 0.20062370062370063 0.0033003300330033004 0.010395010395010396
0 0.7301980198019802 0.22453222453222454 0.009900990099009901 0.062370062370062374
0 0.726897689768977 0.19334719334719336 0.0033003300330033004 0.008316008316008316
0 0.7665016501650165 0.3305613305613306 0.0049504950495049506 0.012474012474012475
0 0.7582508250825083 0.3232848232848233 0.0033003300330033004 0.010395010395010396
0 0.7867161716171617 0.4708939708939709 0.005775577557755775 0.018711018711018712
0 0.8118811881188119 0.5291060291060291 0.00825082508250825 0.018711018711018712
0 0.8271452145214522 0.48232848232848236 0.007425742574257425 0.02079002079002079
0 0.8382838283828383 0.498960498960499 0.00825082508250825 0.02079002079002079
