0 0.7956834532374101 1.0932203389830508 0.1251798561151079 0.632768361581921
0 0.6697841726618705 1.4703389830508475 0.1237410071942446 0.6129943502824858
0 0.7446043165467626 1.5508474576271187 0.0057553956834532375 0.022598870056497175
0 0.7359712230215827 1.555084745762712 0.0057553956834532375 0.01977401129943503
0 0.99568345323741 1.6299435028248588 0.008633093525179856 0.04519774011299435
0 0.5007194244604316 1.4378531073446328 0.0028776978417266188 0.011299435028248588
0 0.49424460431654677 1.439265536723164 0.0028776978417266188 0.00847457627118644
0 0.4913669064748201 1.4590395480225988 0.0057553956834532375 0.07062146892655367
0 0.48093525179856117 1.4279661016949152 0.002158273381294964 0.00847457627118644
0 0.4758992805755396 1.4279661016949152 0.002158273381294964 0.00847457627118644
0 0.46402877697841727 1.4350282485875707 0.0028776978417266188 0.011299435028248588
0 0.45611510791366905 1.4576271186440677 0.0057553956834532375 0.07344632768361582
0 0.4460431654676259 1.4364406779661016 0.0028776978417266188 0.00847457627118644
0 0.44028776978417267 1.4322033898305084 0.0028776978417266188 0.011299435028248588
0 0.37446043165467624 1.5014124293785311 0.0035971223021582736 0.014124293785310734
0 0.379136690647482 1.5070621468926553 0.0028776978417266188 0.014124293785310734
0 0.4010791366906475 1.5451977401129944 0.005035971223021582 0.05649717514124294
0 0.40431654676258993 1.5296610169491525 0.0057553956834532375 0.06497175141242938
0 0.4053956834532374 1.5169491525423728 0.002158273381294964 0.011299435028248588
0 0.5935251798561151 1.4463276836158192 0.004316546762589928 0.03954802259887006
0 0.5705035971223021 1.3403954802259888 0.004316546762589928 0.0480225988700565
0 0.5471223021582734 1.3333333333333333 0.0035971223021582736 0.02824858757062147
0 0.4075539568345324 1.4336158192090396 0.002158273381294964 0.00847457627118644
0 0.4 1.4378531073446328 0.0028776978417266188 0.011299435028248588
0 0.3906474820143885 1.4406779661016949 0.0028776978417266188 0.011299435028248588
0 0.3712230215827338 1.4336158192090396 0.0028776978417266188 0.00847457627118644
0 0.006834532374100719 1.6567796610169492 0.01079136690647482 0.03672316384180791
0 0.018345323741007193 1.5748587570621468 0.005035971223021582 0.01977401129943503
0 0.021223021582733814 1.6850282485875707 0.007913669064748202 0.031073446327683617
0 0.0841726618705036 1.5819209039548023 0.008633093525179856 0.03389830508474576
0 0.14676258992805755 1.6101694915254237 0.007194244604316547 0.02824858757062147
0 0.1510791366906475 1.5748587570621468 0.007194244604316547 0.031073446327683617
0 0.11870503597122302 1.4901129943502824 0.0057553956834532375 0.0480225988700565
0 0.12482014388489208 1.4929378531073447 0.006474820143884892 0.059322033898305086
0 0.11906474820143885 1.5014124293785311 0.002158273381294964 0.00847457627118644
0 0.14280575539568346 1.5169491525423728 0.0035971223021582736 0.01694915254237288
0 0.1381294964028777 1.5296610169491525 0.007194244604316547 0.08192090395480225
0 0.13453237410071942 1.5056497175141244 0.0028776978417266188 0.011299435028248588
0 0.12805755395683452 1.5112994350282485 0.0028776978417266188 0.011299435028248588
0 0.12446043165467625 1.502824858757062 0.0028776978417266188 0.011299435028248588
0 0.17014388489208634 1.5112994350282485 0.0035971223021582736 0.011299435028248588
0 0.17841726618705037 1.5112994350282485 0.0028776978417266188 0.011299435028248588
0 0.18597122302158273 1.5127118644067796 0.0035971223021582736 0.014124293785310734
0 0.19316546762589928 1.5480225988700564 0.007913669064748202 0.10734463276836158
