0 0.9742228961334344 1.7565359477124183 0.01819560272934041 0.09477124183006536
0 0.9548900682335102 1.7336601307189543 0.01592115238817286 0.08823529411764706
0 0.9499620924943138 1.7091503267973855 0.006065200909780136 0.032679738562091505
0 0.9628506444275967 1.7189542483660132 0.006065200909780136 0.032679738562091505
0 0.8972706595905989 1.7287581699346406 0.00530705079605762 0.026143790849673203
0 0.8817285822592873 1.7516339869281046 0.009097801364670205 0.0392156862745098
0 0.8828658074298711 1.7156862745098038 0.0037907505686125853 0.0196078431372549
0 0.8529188779378317 1.7205882352941178 0.006065200909780136 0.029411764705882353
0 0.8517816527672479 1.7908496732026145 0.018953752843062926 0.09803921568627451
0 0.8297952994692949 1.696078431372549 0.021986353297952996 0.09803921568627451
0 0.8123578468536771 1.7124183006535947 0.00530705079605762 0.026143790849673203
0 0.7873388931008339 1.7107843137254901 0.006823351023502654 0.029411764705882353
0 0.7820318423047763 1.7647058823529411 0.008339651250947688 0.0457516339869281
0 0.7793783169067475 1.723856209150327 0.0075815011372251705 0.03594771241830065
0 0.7680060652009097 1.7581699346405228 0.0075815011372251705 0.032679738562091505
0 0.7661106899166035 1.7156862745098038 0.008339651250947688 0.0392156862745098
0 0.755117513267627 1.7156862745098038 0.01061410159211524 0.05228758169934641
0 0.7426080363912054 1.7140522875816993 0.006823351023502654 0.029411764705882353
0 0.7278241091736164 1.738562091503268 0.006065200909780136 0.026143790849673203
0 0.7172100075815011 1.723856209150327 0.01061410159211524 0.049019607843137254
0 0.7103866565579985 1.7467320261437909 0.009097801364670205 0.049019607843137254
0 0.700909780136467 1.7058823529411764 0.008339651250947688 0.0392156862745098
0 0.6944655041698257 1.723856209150327 0.0075815011372251705 0.03594771241830065
0 0.686125852918878 1.7320261437908497 0.009097801364670205 0.0392156862745098
0 0.6645185746777862 1.7401960784313726 0.009855951478392721 0.049019607843137254
0 0.6739954510993177 1.6993464052287581 0.006065200909780136 0.032679738562091505
0 0.6296436694465504 1.7009803921568627 0.006823351023502654 0.03594771241830065
0 0.6269901440485216 1.7254901960784315 0.006065200909780136 0.026143790849673203
0 0.604245640636846 1.7091503267973855 0.0075815011372251705 0.0392156862745098
0 0.5917361637604246 1.7091503267973855 0.008339651250947688 0.0392156862745098
0 0.5788476118271417 1.727124183006536 0.008339651250947688 0.042483660130718956
0 0.5193328278999242 1.6879084967320261 0.012130401819560273 0.049019607843137254
0 0.5060652009097801 1.723856209150327 0.014404852160727824 0.06209150326797386
0 0.478013646702047 1.7336601307189543 0.011372251705837756 0.05555555555555555
0 0.4852160727824109 1.684640522875817 0.01061410159211524 0.049019607843137254
0 0.49241849886277483 1.6928104575163399 0.006823351023502654 0.0392156862745098
0 0.45716451857467777 1.7042483660130718 0.009097801364670205 0.049019607843137254
0 0.4636087945413192 1.6977124183006536 0.006823351023502654 0.03594771241830065
0 0.45489006823351025 1.7156862745098038 0.015163002274450341 0.0784313725490196
0 0.4423805913570887 1.7254901960784315 0.01592115238817286 0.0718954248366013
0 0.422289613343442 1.7173202614379084 0.01061410159211524 0.05555555555555555
0 0.40636846095526913 1.723856209150327 0.012130401819560273 0.05555555555555555
0 0.3931008339651251 1.6666666666666667 0.006823351023502654 0.0392156862745098
0 0.3866565579984837 1.7058823529411764 0.006065200909780136 0.032679738562091505
0 0.3809704321455648 1.7467320261437909 0.006823351023502654 0.03594771241830065
0 0.3692191053828658 1.6879084967320261 0.012130401819560273 0.05555555555555555
0 0.35974222896133434 1.7091503267973855 0.01592115238817286 0.0784313725490196
0 0.3400303260045489 1.7205882352941178 0.009855951478392721 0.049019607843137254
0 0.3491281273692191 1.7173202614379084 0.011372251705837756 0.06209150326797386
0 0.3172858225928734 1.6977124183006536 0.014404852160727824 0.06209150326797386
0 0.34420015163002277 1.673202614379085 0.006065200909780136 0.026143790849673203
0 0.30288097043214557 1.7156862745098038 0.00530705079605762 0.026143790849673203
0 0.287338893100834 1.6862745098039216 0.006065200909780136 0.032679738562091505
0 0.29226686884003034 1.6993464052287581 0.00530705079605762 0.026143790849673203
0 0.28278999241849884 1.6862745098039216 0.009097801364670205 0.0392156862745098
0 0.2687642153146323 1.761437908496732 0.008339651250947688 0.0392156862745098
0 0.255117513267627 1.6928104575163399 0.008339651250947688 0.0392156862745098
0 0.25246398786959817 1.6339869281045751 0.006065200909780136 0.032679738562091505
0 0.21076573161485973 1.65359477124183 0.009097801364670205 0.0392156862745098
0 0.20166793025018953 1.6454248366013071 0.009097801364670205 0.042483660130718956
0 0.19446550416982564 1.630718954248366 0.008339651250947688 0.0392156862745098
0 0.18271417740712662 1.6454248366013071 0.0075815011372251705 0.03594771241830065
0 0.17437452615617893 1.6503267973856208 0.004548900682335102 0.026143790849673203
0 0.16793025018953753 1.6601307189542485 0.009855951478392721 0.0457516339869281
0 0.15011372251705837 1.619281045751634 0.006065200909780136 0.029411764705882353
0 0.14480667172100076 1.6323529411764706 0.004548900682335102 0.02287581699346405
0 0.12774829416224412 1.630718954248366 0.006823351023502654 0.026143790849673203
0 0.12054586808188021 1.6911764705882353 0.009097801364670205 0.042483660130718956
0 0.11220621683093253 1.607843137254902 0.006065200909780136 0.032679738562091505
0 0.1050037907505686 1.6503267973856208 0.009855951478392721 0.05228758169934641
0 0.10652009097801364 1.6454248366013071 0.008339651250947688 0.042483660130718956
0 0.09931766489764973 1.6127450980392157 0.006065200909780136 0.02287581699346405
0 0.08339651250947688 1.6339869281045751 0.0075815011372251705 0.0457516339869281
0 0.07657316148597422 1.6225490196078431 0.004548900682335102 0.02287581699346405
0 0.06937073540561031 1.5996732026143792 0.006823351023502654 0.029411764705882353
0 0.07240333586050038 1.6013071895424837 0.00530705079605762 0.026143790849673203
0 0.06292645943896892 1.6013071895424837 0.004548900682335102 0.0196078431372549
0 0.04624715693707354 1.6258169934640523 0.006065200909780136 0.029411764705882353
0 0.03828658074298711 1.6143790849673203 0.00530705079605762 0.026143790849673203
0 0.03980288097043214 1.5816993464052287 0.006823351023502654 0.032679738562091505
0 0.041319181197877176 1.5816993464052287 0.00530705079605762 0.026143790849673203
0 0.03184230477634572 1.5996732026143792 0.0075815011372251705 0.03594771241830065
0 0.021986353297952996 1.6127450980392157 0.0075815011372251705 0.03594771241830065
0 -0.003032600454890068 1.565359477124183 0.01819560272934041 0.08496732026143791
0 0.5121304018195603 1.7026143790849673 0.009855951478392721 0.0457516339869281
