0 0.26267395626242546 2.928870292887029 0.06312127236580517 0.6359832635983264
0 0.37226640159045726 2.9707112970711296 0.055666003976143144 0.6192468619246861
0 0.5086978131212724 3.002092050209205 0.05616302186878728 0.6569037656903766
0 0.6421471172962226 3.062761506276151 0.06262425447316103 0.6443514644351465
0 0.11332007952286283 2.8514644351464433 0.006958250497017893 0.07112970711297072
0 0.16898608349900596 2.8430962343096233 0.006958250497017893 0.07112970711297072
0 0.21371769383697814 2.8158995815899583 0.006958250497017893 0.06694560669456066
0 0.21123260437375746 2.799163179916318 0.005964214711729622 0.058577405857740586
0 0.20501988071570576 2.792887029288703 0.0054671968190854875 0.05439330543933055
0 0.20129224652087474 2.780334728033473 0.004970178926441352 0.04602510460251046
0 0.2201789264413519 2.8221757322175733 0.004970178926441352 0.04602510460251046
0 0.2323558648111332 2.8451882845188283 0.0064612326043737576 0.06694560669456066
0 0.147117296222664 2.8138075313807533 0.002982107355864811 0.02092050209205021
0 0.07082504970178927 2.8410041841004183 0.002485089463220676 0.02510460251046025
0 0.07927435387673956 2.8179916317991633 0.0034791252485089465 0.029288702928870293
0 0.10710735586481113 2.8451882845188283 0.0044731610337972166 0.08368200836820083
0 0.1824055666003976 2.8242677824267783 0.002982107355864811 0.02510460251046025
0 0.1816600397614314 2.8472803347280333 0.0054671968190854875 0.10460251046025104
0 0.22490059642147117 2.776150627615063 0.0044731610337972166 0.09623430962343096
0 0.2927435387673956 2.8263598326359833 0.003976143141153081 0.03765690376569038
0 0.2957256461232604 2.788702928870293 0.003976143141153081 0.029288702928870293
0 0.33623260437375746 2.8200836820083683 0.0034791252485089465 0.02510460251046025
0 0.7077534791252486 2.401673640167364 0.0019880715705765406 0.016736401673640166
0 0.5444831013916501 2.807531380753138 0.0034791252485089465 0.03347280334728033
0 0.5494532803180915 2.7698744769874475 0.0034791252485089465 0.03347280334728033
0 0.5606361829025845 2.776150627615063 0.003976143141153081 0.03765690376569038
0 0.5760437375745527 2.809623430962343 0.003976143141153081 0.03765690376569038
0 0.5931908548707754 2.8138075313807533 0.0044731610337972166 0.03765690376569038
0 0.4331510934393638 2.805439330543933 0.0044731610337972166 0.03765690376569038
0 0.444831013916501 2.8619246861924688 0.006958250497017893 0.17573221757322174
0 0.45054671968190857 2.801255230125523 0.0034791252485089465 0.029288702928870293
0 0.45825049701789267 2.799163179916318 0.002982107355864811 0.02510460251046025
0 0.4691848906560636 2.797071129707113 0.002982107355864811 0.029288702928870293
0 0.44160039761431413 2.8493723849372383 0.0064612326043737576 0.16736401673640167
0 0.577286282306163 2.916317991631799 0.01441351888667992 0.200836820083682
0 0.5775347912524851 2.811715481171548 0.003976143141153081 0.04184100418410042
0 0.6076043737574552 2.7343096234309625 0.0034791252485089465 0.0794979079497908
0 0.7696322067594433 2.8828451882845187 0.01441351888667992 0.2510460251046025
0 0.7736083499005965 2.809623430962343 0.0034791252485089465 0.03765690376569038
0 0.433648111332008 2.8472803347280333 0.008449304174950299 0.20502092050209206
0 0.25720675944334 2.4769874476987446 0.0044731610337972166 0.100418410041841
0 0.2139662027833002 2.493723849372385 0.0034791252485089465 0.100418410041841
0 0.30417495029821073 2.4686192468619246 0.004970178926441352 0.07531380753138076
0 0.32281312127236583 2.485355648535565 0.0034791252485089465 0.0502092050209205
0 0.32703777335984097 2.481171548117155 0.002982107355864811 0.06694560669456066
0 0.3374751491053678 2.49163179916318 0.003976143141153081 0.06276150627615062
0 0.6376739562624254 2.435146443514644 0.004970178926441352 0.09205020920502092
0 0.6317097415506958 2.4435146443514646 0.005964214711729622 0.07531380753138076
0 0.6712226640159046 2.430962343096234 0.0044731610337972166 0.07531380753138076
0 0.6756958250497018 2.4414225941422596 0.002485089463220676 0.05439330543933055
0 0.6784294234592445 2.430962343096234 0.002982107355864811 0.06694560669456066
0 0.6809145129224652 2.437238493723849 0.002982107355864811 0.06276150627615062
0 0.6841451292246521 2.428870292887029 0.002485089463220676 0.05439330543933055
0 0.6428926441351889 2.437238493723849 0.002485089463220676 0.0794979079497908
0 0.6453777335984096 2.437238493723849 0.0034791252485089465 0.07112970711297072
0 0.6491053677932406 2.433054393305439 0.002982107355864811 0.07112970711297072
0 0.6510934393638171 2.433054393305439 0.002982107355864811 0.07112970711297072
0 0.654572564612326 2.430962343096234 0.003976143141153081 0.09205020920502092
0 0.6570576540755467 2.437238493723849 0.002982107355864811 0.07112970711297072
0 0.6595427435387674 2.4476987447698746 0.002982107355864811 0.06694560669456066
0 0.6627733598409543 2.437238493723849 0.0034791252485089465 0.0794979079497908
0 0.665506958250497 2.433054393305439 0.003976143141153081 0.0794979079497908
0 0.6679920477137177 2.4393305439330546 0.002982107355864811 0.07531380753138076
0 0.6148111332007953 2.4560669456066946 0.002982107355864811 0.058577405857740586
0 0.5944333996023857 2.4476987447698746 0.003976143141153081 0.07531380753138076
0 0.55168986083499 2.4414225941422596 0.003976143141153081 0.0794979079497908
0 0.5469681908548708 2.4476987447698746 0.0044731610337972166 0.07531380753138076
0 0.5422465208747514 2.4518828451882846 0.003976143141153081 0.07531380753138076
