0 1.0345238095238096 2.722772277227723 0.024603174603174603 0.19801980198019803
0 0.9841269841269841 2.7103960396039604 0.025396825396825397 0.20297029702970298
0 0.9452380952380952 2.707920792079208 0.026984126984126985 0.19801980198019803
0 0.8964285714285715 2.73019801980198 0.024603174603174603 0.21287128712871287
0 0.8535714285714285 2.745049504950495 0.027777777777777776 0.20297029702970298
0 0.8035714285714286 2.764851485148515 0.029365079365079365 0.22277227722772278
0 0.7472222222222222 2.777227722772277 0.029365079365079365 0.24752475247524752
0 0.6825396825396826 2.745049504950495 0.02857142857142857 0.21287128712871287
0 0.6293650793650793 2.7896039603960396 0.02857142857142857 0.22277227722772278
0 0.5432539682539682 2.7995049504950495 0.029365079365079365 0.22277227722772278
0 0.48373015873015873 2.8341584158415842 0.030952380952380953 0.22277227722772278
0 0.4154761904761905 2.8168316831683167 0.027777777777777776 0.2376237623762376
0 0.3531746031746032 2.787128712871287 0.031746031746031744 0.24752475247524752
0 0.28849206349206347 2.8193069306930694 0.029365079365079365 0.24257425742574257
0 0.21587301587301588 2.8168316831683167 0.03015873015873016 0.22772277227722773
0 0.05714285714285714 2.1707920792079207 0.020634920634920634 0.17326732673267325
0 0.10277777777777777 2.1881188118811883 0.024603174603174603 0.1782178217821782
0 0.15476190476190477 2.2202970297029703 0.022222222222222223 0.19306930693069307
0 0.23055555555555557 2.0742574257425743 0.027777777777777776 0.2079207920792079
0 0.26706349206349206 2.047029702970297 0.024603174603174603 0.20297029702970298
0 0.28293650793650793 2.237623762376238 0.023015873015873017 0.2079207920792079
0 0.6932539682539682 2.103960396039604 0.023015873015873017 0.18811881188118812
0 0.6738095238095239 2.0495049504950495 0.023809523809523808 0.18811881188118812
0 0.7492063492063492 2.0717821782178216 0.023809523809523808 0.20297029702970298
0 0.775 2.089108910891089 0.023015873015873017 0.18811881188118812
