0 0.9443037974683545 0.12857142857142856 0.03848101265822785 0.22197802197802197
0 0.7921518987341772 0.07252747252747253 0.0379746835443038 0.189010989010989
0 0.769367088607595 -0.08571428571428572 0.045063291139240506 0.18461538461538463
0 0.660506329113924 -0.035164835164835165 0.033924050632911394 0.18461538461538463
0 0.6855696202531646 0.13076923076923078 0.03949367088607595 0.23076923076923078
0 0.3941772151898734 0.12527472527472527 0.04810126582278481 0.24175824175824176
0 0.31240506329113926 0.07032967032967033 0.05569620253164557 0.2153846153846154
0 0.2020253164556962 0.07472527472527472 0.04658227848101266 0.22857142857142856
0 0.23443037974683545 0.05384615384615385 0.033417721518987344 0.16483516483516483
0 0.08430379746835442 0.06483516483516484 0.0410126582278481 0.2
0 -0.014177215189873417 0.06153846153846154 0.044556962025316456 0.24615384615384617
0 0.5288607594936708 -0.0032967032967032967 0.053164556962025315 0.2571428571428571
0 0.3675949367088608 0.4945054945054945 0.06278481012658228 0.3516483516483517
0 0.4941772151898734 0.36813186813186816 0.05974683544303797 0.34505494505494505
0 0.8496202531645569 0.6285714285714286 0.06683544303797469 0.3868131868131868
