0 0.8456803005008348 0.1886094674556213 0.039440734557595995 0.07026627218934911
0 0.045075125208681135 0.06231508875739645 0.03547579298831385 0.0625
0 0.0299457429048414 0.023483727810650886 0.025667779632721203 0.04770710059171598
0 0.16965776293823037 0.8171227810650887 0.15692821368948248 0.3176775147928994
0 0.5214941569282137 0.7964127218934911 0.14440734557595994 0.3073224852071006
0 0.896389816360601 0.8370931952662722 0.14002504173622704 0.3043639053254438
0 0.7796327212020033 0.6153846153846154 0.12353923205342238 0.30177514792899407
0 0.16986644407345575 0.21264792899408283 0.1310517529215359 0.3113905325443787
0 0.39847662771285475 0.21153846153846154 0.11414858096828047 0.30029585798816566
0 0.557491652754591 0.1179733727810651 0.10371452420701169 0.257396449704142
