0 0.05803571428571429 0.834733893557423 0.025412087912087912 0.11764705882352941
0 0.12809065934065933 0.8627450980392157 0.02403846153846154 0.12885154061624648
0 0.19059065934065933 0.7857142857142857 0.030906593406593408 0.14285714285714285
0 0.3118131868131868 0.8095238095238095 0.04532967032967033 0.19607843137254902
0 0.3588598901098901 0.865546218487395 0.04326923076923077 0.20168067226890757
0 0.4059065934065934 0.8025210084033614 0.05631868131868132 0.28851540616246496
0 0.6473214285714286 0.7661064425770309 0.04189560439560439 0.24369747899159663
0 0.635989010989011 0.4677871148459384 0.034340659340659344 0.16246498599439776
0 0.7846840659340659 0.7464985994397759 0.061126373626373624 0.2773109243697479
0 0.8801510989010989 0.8137254901960784 0.03914835164835165 0.21568627450980393
0 1.0223214285714286 0.8067226890756303 0.04601648351648352 0.22969187675070027
0 0.9354395604395604 1.30812324929972 0.027472527472527472 0.1568627450980392
