0 0.1730118443316413 0.37683823529411764 0.03299492385786802 0.15808823529411764
0 0.18824027072758037 0.11580882352941177 0.027918781725888325 0.15808823529411764
0 0.24492385786802032 0.3547794117647059 0.031302876480541454 0.15808823529411764
0 0.23857868020304568 0.10661764705882353 0.023688663282571912 0.1323529411764706
0 0.28341793570219964 0.12867647058823528 0.025380710659898477 0.14705882352941177
0 0.3092216582064298 0.2113970588235294 0.024534686971235193 0.16544117647058823
0 0.32952622673434856 0.04963235294117647 0.024534686971235193 0.11397058823529412
0 0.3460236886632826 0.18198529411764705 0.018612521150592216 0.09926470588235294
0 0.3650592216582064 0.1488970588235294 0.021150592216582064 0.11397058823529412
0 0.3790186125211506 0.17095588235294118 0.021996615905245348 0.13602941176470587
0 0.4149746192893401 0.1636029411764706 0.027918781725888325 0.15073529411764705
0 0.48181049069373943 0.24816176470588236 0.04314720812182741 0.1948529411764706
0 0.7470389170896785 0.16176470588235295 0.0338409475465313 0.15441176470588236
0 0.9966159052453468 0.1323529411764706 0.030456852791878174 0.15441176470588236
0 0.6806260575296108 0.7977941176470589 0.06852791878172589 0.3897058823529412
