0 0.1918194640338505 0.5127118644067796 0.07334273624823695 0.1059322033898305
0 0.37870239774330045 0.3707627118644068 0.07475317348377997 0.1271186440677966
0 0.6156558533145275 0.6334745762711864 0.06064880112834979 0.09745762711864407
0 0.5521861777150917 0.926906779661017 0.03526093088857546 0.05296610169491525
0 0.729901269393512 1.0338983050847457 0.021156558533145273 0.038135593220338986
0 0.7919605077574048 1.13135593220339 0.012693935119887164 0.0211864406779661
0 0.807475317348378 1.11864406779661 0.015514809590973202 0.025423728813559324
0 0.8794076163610719 1.00635593220339 0.023977433004231313 0.038135593220338986
0 0.9421720733427362 0.7944915254237288 0.05077574047954866 0.07627118644067797
0 1.0049365303244007 0.809322033898305 0.04936530324400564 0.07203389830508475
0 0.9675599435825106 0.5582627118644068 0.0535966149506347 0.1038135593220339
0 0.45627644569816644 0.9364406779661016 0.02679830747531735 0.0423728813559322
