0 0.11642214860388074 0.6461305663640294 0.065309985802177 0.12926934716817987
0 0.629081874112636 1.1798530047557285 0.21462375769048747 0.4314742758322525
0 0.3467818267865594 0.5332900994379594 0.03336488405111216 0.06441850410722005
0 0.37860861334595364 0.5912235192390835 0.054424988168480834 0.10505836575875487
0 0.42865593942262187 0.4980544747081712 0.048509228584950305 0.10030263726761782
0 0.42522479886417414 0.4619541720709036 0.028868906767628964 0.055771725032425425
0 0.4921911973497397 0.490272373540856 0.029815428300993846 0.0622568093385214
0 0.5733554188357786 0.42520536100302636 0.026502602934216753 0.059230436662343275
0 0.8205158542356839 0.45136186770428016 0.030052058684335067 0.0648508430609598
0 0.8006389020350213 0.46973627323821876 0.03904401325130147 0.09295287505404237
0 0.9487695220066257 0.4615218331171639 0.024372929484145763 0.04971897968006917
0 1.0709891150023663 0.4262862083873757 0.02555608140085187 0.05188067444876784
0 0.9189540937056319 0.5836575875486382 0.047562707051585426 0.0933852140077821
0 0.9572882158069096 0.5881971465629053 0.06507335541883578 0.12840466926070038
