0 1.0127906976744185 0.6787878787878788 0.07441860465116279 0.22424242424242424
0 0.8761627906976744 0.7484848484848485 0.056976744186046514 0.19393939393939394
0 0.752906976744186 0.7727272727272727 0.05232558139534884 0.2
0 0.6377906976744186 0.796969696969697 0.05232558139534884 0.18181818181818182
0 0.4872093023255814 0.7212121212121212 0.05813953488372093 0.2
0 0.3470930232558139 0.7681818181818182 0.05232558139534884 0.19090909090909092
0 0.21337209302325583 0.7287878787878788 0.06395348837209303 0.19696969696969696
0 0.9040697674418605 0.5924242424242424 0.05465116279069768 0.1787878787878788
0 0.7709302325581395 0.5424242424242425 0.044186046511627906 0.16363636363636364
0 0.6255813953488372 0.6196969696969697 0.046511627906976744 0.16666666666666666
0 0.5267441860465116 0.5151515151515151 0.053488372093023255 0.15757575757575756
0 0.436046511627907 0.47575757575757577 0.046511627906976744 0.15151515151515152
0 0.34244186046511627 0.5575757575757576 0.05232558139534884 0.1696969696969697
0 0.2505813953488372 0.47878787878787876 0.056976744186046514 0.15151515151515152
0 0.8947674418604651 0.38181818181818183 0.04302325581395349 0.15151515151515152
0 0.8005813953488372 0.37424242424242427 0.047674418604651166 0.15454545454545454
0 0.6604651162790698 0.3696969696969697 0.05116279069767442 0.1696969696969697
0 0.5279069767441861 0.5196969696969697 0.05116279069767442 0.14242424242424243
0 0.4366279069767442 0.47575757575757577 0.04534883720930233 0.15151515151515152
0 0.34244186046511627 0.5575757575757576 0.047674418604651166 0.16363636363636364
0 0.24941860465116278 0.47878787878787876 0.05930232558139535 0.16363636363636364
0 0.31046511627906975 0.20909090909090908 0.046511627906976744 0.15757575757575756
0 0.38488372093023254 0.2818181818181818 0.046511627906976744 0.16363636363636364
0 0.5023255813953489 0.3015151515151515 0.05116279069767442 0.1484848484848485
0 0.611046511627907 0.32272727272727275 0.04534883720930233 0.14242424242424243
0 0.7313953488372092 0.28939393939393937 0.04883720930232558 0.15454545454545454
0 0.8645348837209302 0.25606060606060604 0.047674418604651166 0.1484848484848485
0 0.8302325581395349 0.11969696969696969 0.044186046511627906 0.13636363636363635
0 0.7273255813953489 0.08181818181818182 0.04302325581395349 0.14545454545454545
0 0.5982558139534884 0.08333333333333333 0.04302325581395349 0.13636363636363635
0 0.44534883720930235 0.24393939393939393 0.044186046511627906 0.15454545454545454
