0 0.2858508604206501 1.0578947368421052 0.13575525812619502 0.3431578947368421
0 0.5210325047801148 1.066315789473684 0.055449330783938815 0.13263157894736843
0 0.6013384321223709 1.068421052631579 0.04780114722753346 0.12842105263157894
0 0.6959847036328872 1.023157894736842 0.04206500956022945 0.10526315789473684
0 0.9866156787762906 1.111578947368421 0.06309751434034416 0.1936842105263158
0 0.8035372848948374 1.1778947368421053 0.07361376673040153 0.18736842105263157
0 0.4326003824091778 1.0136842105263157 0.04875717017208413 0.14526315789473684
0 0.11950286806883365 1.1189473684210527 0.04780114722753346 0.14105263157894737
0 0.027724665391969407 1.0947368421052632 0.019120458891013385 0.04631578947368421
0 0.10468451242829828 1.048421052631579 0.033460803059273424 0.06736842105263158
0 0.18116634799235182 1.0757894736842106 0.02390057361376673 0.05894736842105263
0 0.4005736137667304 1.06 0.0248565965583174 0.061052631578947365
0 0.3776290630975143 1.1 0.0248565965583174 0.07368421052631578
0 0.6295411089866156 1.045263157894737 0.03537284894837476 0.09894736842105263
0 0.8011472275334608 1.083157894736842 0.04206500956022945 0.0863157894736842
0 0.9091778202676865 1.0326315789473683 0.02676864244741874 0.06526315789473684
0 0.9383365200764818 1.0578947368421052 0.027724665391969407 0.056842105263157895
0 0.9230401529636711 1.0389473684210526 0.016252390057361378 0.04842105263157895
0 0.8436902485659655 1.045263157894737 0.02198852772466539 0.061052631578947365
0 0.6720841300191205 1.0768421052631578 0.01338432122370937 0.04
0 0.655831739961759 1.048421052631579 0.019120458891013385 0.05052631578947368
0 0.46319311663479923 1.0873684210526315 0.014340344168260038 0.031578947368421054
0 0.4679732313575526 1.1147368421052632 0.0124282982791587 0.02736842105263158
0 0.48518164435946465 1.083157894736842 0.010516252390057362 0.031578947368421054
0 0.47753346080305925 1.0905263157894738 0.006692160611854685 0.021052631578947368
0 0.18690248565965584 1.1578947368421053 0.044933078393881457 0.10526315789473684
0 0.16061185468451242 1.0863157894736841 0.017208413001912046 0.037894736842105266
0 0.3575525812619503 1.0442105263157895 0.022944550669216062 0.04631578947368421
0 0.4048757170172084 1.1073684210526316 0.02198852772466539 0.05473684210526316
0 0.7490439770554493 1.16 0.03537284894837476 0.25263157894736843
0 0.885755258126195 1.0568421052631578 0.014340344168260038 0.037894736842105266
0 0.8766730401529637 1.0578947368421052 0.009560229445506692 0.018947368421052633
0 0.8652007648183556 1.1073684210526316 0.017208413001912046 0.12210526315789473
0 0.9569789674952199 1.0694736842105264 0.017208413001912046 0.08842105263157894
