0 0.9946623093681917 1.5135135135135136 0.006753812636165577 0.03138622493461203
0 0.9639433551198258 1.5265911072362686 0.0054466230936819175 0.026155187445510025
0 0.9550108932461874 1.577593722755013 0.020261437908496733 0.11944202266782912
0 0.9666666666666667 1.4472537053182215 0.006535947712418301 0.02964254577157803
0 0.9636165577342048 1.2981691368788142 0.00784313725490196 0.02964254577157803
0 0.9506535947712418 1.4472537053182215 0.0058823529411764705 0.02789886660854403
0 0.9384531590413944 1.3443766346992154 0.006753812636165577 0.02789886660854403
0 0.9239651416122004 1.452920662598082 0.006100217864923747 0.023539668700959023
0 0.9197167755991286 1.4394071490845683 0.0058823529411764705 0.026155187445510025
0 0.8459694989106754 1.588055797733217 0.007407407407407408 0.03400174367916303
0 0.8164488017429193 1.565387968613775 0.00718954248366013 0.03225806451612903
0 0.8686274509803922 1.436355710549259 0.00522875816993464 0.021795989537925022
0 0.8564270152505447 1.444202266782912 0.00522875816993464 0.025283347863993024
0 0.9260348583877995 1.2855274629468179 0.010675381263616559 0.09154315605928509
0 0.8770152505446623 1.3020924149956408 0.00980392156862745 0.1002615518744551
0 0.8271241830065359 1.3295553618134264 0.009368191721132898 0.03138622493461203
0 0.8247276688453159 1.4891020052310375 0.0054466230936819175 0.024411508282476024
0 0.8160130718954248 1.4507410636442895 0.005010893246187364 0.022667829119442023
0 0.8076252723311547 1.547079337401918 0.006100217864923747 0.02877070619006103
0 0.796078431372549 1.4228421970357454 0.007407407407407408 0.03312990409764603
0 0.7981481481481482 1.3247602441150828 0.00849673202614379 0.03400174367916303
0 0.748474945533769 1.3496076721883175 0.0058823529411764705 0.024411508282476024
0 0.7510893246187363 1.384917175239756 0.006318082788671024 0.02702702702702703
0 0.7413943355119825 1.5823888404533566 0.006535947712418301 0.03487358326068003
0 0.7315904139433551 1.510462074978204 0.007407407407407408 0.037489102005231034
0 0.7120915032679739 1.402353966870096 0.007625272331154684 0.03225806451612903
0 0.7217864923747277 1.3247602441150828 0.006535947712418301 0.03051438535309503
0 0.7178649237472767 1.3674803836094158 0.006100217864923747 0.02702702702702703
0 0.6982570806100218 1.3482999128160418 0.007407407407407408 0.02877070619006103
0 0.6916122004357298 1.3626852659110724 0.006753812636165577 0.03138622493461203
0 0.7071895424836602 1.5972101133391456 0.008278867102396514 0.03138622493461203
0 0.6854030501089324 1.5675675675675675 0.00784313725490196 0.036617262423714034
0 0.6722222222222223 1.5710549258936355 0.006753812636165577 0.03312990409764603
0 0.6628540305010894 1.5871839581517 0.006753812636165577 0.037489102005231034
0 0.6457516339869281 1.582824760244115 0.006100217864923747 0.03400174367916303
0 0.6345315904139434 1.5950305143853531 0.0058823529411764705 0.03225806451612903
0 0.6284313725490196 1.6142109851787272 0.006318082788671024 0.03400174367916303
0 0.6034858387799564 1.6216216216216217 0.007407407407407408 0.03487358326068003
0 0.5886710239651416 1.610723626852659 0.010021786492374727 0.03574542284219703
0 0.5716775599128541 1.500871839581517 0.00522875816993464 0.02877070619006103
0 0.55479302832244 1.475588491717524 0.008061002178649237 0.042720139494333044
0 0.6006535947712418 1.5562336530078467 0.007407407407407408 0.03487358326068003
0 0.6767973856209151 1.4333042720139495 0.008061002178649237 0.03312990409764603
0 0.6872549019607843 1.4210985178727114 0.0054466230936819175 0.022667829119442023
0 0.6547930283224401 1.444202266782912 0.006753812636165577 0.03051438535309503
0 0.6381263616557734 1.4210985178727114 0.006535947712418301 0.036617262423714034
0 0.6385620915032679 1.355274629468178 0.008714596949891068 0.04097646033129904
0 0.6724400871459695 1.3408892763731473 0.004575163398692811 0.017436791630340016
0 0.6824618736383442 1.384917175239756 0.014161220043572984 0.14210985178727115
0 0.6625272331154685 1.3265039232781168 0.00392156862745098 0.014821272885789015
0 0.6181917211328976 1.3304272013949434 0.0054466230936819175 0.024411508282476024
0 0.6142701525054466 1.556669572798605 0.00718954248366013 0.03400174367916303
0 0.6042483660130719 1.5126416739319966 0.008061002178649237 0.02964254577157803
0 0.5981481481481481 1.3740191804707933 0.006753812636165577 0.03312990409764603
0 0.6028322440087146 1.346556233653008 0.006535947712418301 0.02877070619006103
0 0.5828976034858387 1.3818657367044465 0.006318082788671024 0.03138622493461203
0 0.5679738562091503 1.3570183086312118 0.006971677559912854 0.03574542284219703
0 0.5747276688453159 1.486050566695728 0.006535947712418301 0.037489102005231034
0 0.5409586056644881 1.5392327811682651 0.007407407407407408 0.03225806451612903
0 0.5298474945533769 1.49128160418483 0.006100217864923747 0.03051438535309503
0 0.524074074074074 1.6800348735832606 0.007625272331154684 0.041848299912816043
0 0.5112200435729848 1.602877070619006 0.008061002178649237 0.04097646033129904
0 0.5091503267973856 1.6251089799476897 0.006971677559912854 0.03138622493461203
0 0.48790849673202613 1.629904097646033 0.006753812636165577 0.03051438535309503
0 0.4866013071895425 1.5876198779424586 0.00718954248366013 0.043591979075850044
0 0.5461873638344227 1.3404533565823888 0.007407407407407408 0.03400174367916303
0 0.5336601307189542 1.3496076721883175 0.006753812636165577 0.036617262423714034
0 0.5139433551198257 1.373583260680035 0.006100217864923747 0.03574542284219703
0 0.49760348583877995 1.3635571054925895 0.006535947712418301 0.02964254577157803
0 0.49389978213507624 1.3805579773321708 0.006971677559912854 0.02877070619006103
0 0.4969498910675381 1.497384481255449 0.007407407407407408 0.03574542284219703
0 0.48474945533769065 1.4969485614646905 0.006971677559912854 0.03312990409764603
0 0.47570806100217866 1.3696599825632083 0.00718954248366013 0.03312990409764603
0 0.4721132897603486 1.3426329555361813 0.00784313725490196 0.02964254577157803
0 0.49161220043572984 1.2728857890148213 0.003703703703703704 0.012205754141238012
0 0.49618736383442263 1.3339145597210114 0.008061002178649237 0.03312990409764603
0 0.4556644880174292 1.2733217088055797 0.002832244008714597 0.013077593722755012
0 0.4473856209150327 1.2768090671316479 0.003703703703703704 0.014821272885789015
0 0.43300653594771243 1.2606800348735832 0.004139433551198257 0.015693112467306015
0 0.45065359477124184 1.3761987794245858 0.006753812636165577 0.03225806451612903
0 0.44193899782135077 1.3679163034001744 0.00718954248366013 0.03138622493461203
0 0.4591503267973856 1.616826503923278 0.008061002178649237 0.03574542284219703
0 0.47941176470588237 1.5448997384481256 0.00718954248366013 0.03312990409764603
0 0.4676470588235294 1.49128160418483 0.006753812636165577 0.03574542284219703
0 0.4542483660130719 1.5135135135135136 0.006971677559912854 0.03312990409764603
0 0.44248366013071894 1.5248474280732345 0.007407407407407408 0.03487358326068003
0 0.442156862745098 1.55231037489102 0.006753812636165577 0.03574542284219703
0 0.440958605664488 1.5815170008718396 0.00784313725490196 0.04010462074978204
0 0.43899782135076254 1.615082824760244 0.00784313725490196 0.03225806451612903
0 0.42538126361655776 1.4790758500435919 0.00849673202614379 0.03574542284219703
0 0.4327886710239651 1.452920662598082 0.006753812636165577 0.03225806451612903
0 0.4297385620915033 1.420662598081953 0.00718954248366013 0.03051438535309503
0 0.41568627450980394 1.4263295553618134 0.00784313725490196 0.03836094158674804
0 0.41154684095860566 1.3827375762859633 0.006100217864923747 0.03138622493461203
0 0.3989106753812636 1.4917175239755884 0.009586056644880174 0.041848299912816043
0 0.4019607843137255 1.425021795989538 0.01045751633986928 0.04097646033129904
0 0.3828976034858388 1.4707933740191805 0.007625272331154684 0.04010462074978204
0 0.36241830065359476 1.582824760244115 0.008061002178649237 0.042720139494333044
0 0.387037037037037 1.397122929380994 0.008061002178649237 0.037489102005231034
0 0.3790849673202614 1.4280732345248475 0.006535947712418301 0.036617262423714034
0 0.3644880174291939 1.422406277244987 0.008714596949891068 0.04097646033129904
0 0.37636165577342046 1.374455100261552 0.008061002178649237 0.03400174367916303
0 0.38899782135076255 1.3395815170008718 0.004139433551198257 0.018308631211857017
0 0.3356209150326797 1.467741935483871 0.008061002178649237 0.042720139494333044
0 0.3477124183006536 1.3853530950305144 0.007407407407407408 0.03487358326068003
0 0.34030501089324616 1.397122929380994 0.008714596949891068 0.03923278116826504
0 0.3427015250544662 1.3448125544899738 0.008714596949891068 0.03051438535309503
0 0.3377995642701525 1.2955536181342633 0.0032679738562091504 0.015693112467306015
0 0.33202614379084966 1.2916303400174367 0.0030501089324618735 0.014821272885789015
0 0.3212418300653595 1.2938099389712292 0.0032679738562091504 0.012205754141238012
0 0.31176470588235294 1.2933740191804708 0.00392156862745098 0.016564952048823016
0 0.3227668845315904 1.4237140366172625 0.009368191721132898 0.03836094158674804
0 0.3017429193899782 1.4062772449869223 0.009150326797385621 0.03836094158674804
0 0.307843137254902 1.598517872711421 0.008714596949891068 0.03923278116826504
0 0.29248366013071897 1.5980819529206627 0.008061002178649237 0.04010462074978204
0 0.29368191721132897 1.36050566695728 0.008278867102396514 0.03051438535309503
0 0.28311546840958607 1.3674803836094158 0.0054466230936819175 0.025283347863993024
0 0.28017429193899784 1.54359197907585 0.007407407407407408 0.03400174367916303
0 0.27712418300653596 1.5588491717523976 0.009150326797385621 0.03487358326068003
0 0.274400871459695 1.6098517872711422 0.009368191721132898 0.037489102005231034
0 0.2624183006535948 1.6190061028770706 0.00980392156862745 0.047079337401918046
0 0.23769063180827887 1.5989537925021795 0.008714596949891068 0.04882301656495205
0 0.24934640522875817 1.5767218831734962 0.007625272331154684 0.03574542284219703
0 0.2607843137254902 1.4385353095030515 0.006971677559912854 0.03487358326068003
0 0.2623093681917211 1.4036617262423714 0.006971677559912854 0.03836094158674804
0 0.26220043572984747 1.3631211857018308 0.006318082788671024 0.02702702702702703
0 0.24531590413943355 1.4237140366172625 0.006535947712418301 0.03487358326068003
0 0.23071895424836603 1.3631211857018308 0.010021786492374727 0.03923278116826504
0 0.22875816993464052 1.4333042720139495 0.006100217864923747 0.03312990409764603
0 0.2252723311546841 1.4394071490845683 0.006971677559912854 0.03138622493461203
0 0.214161220043573 1.5850043591979075 0.010021786492374727 0.041848299912816043
0 0.2111111111111111 1.4097646033129905 0.006535947712418301 0.03138622493461203
0 0.19727668845315904 1.555797733217088 0.006318082788671024 0.037489102005231034
0 0.18703703703703703 1.5623365300784655 0.009368191721132898 0.03312990409764603
0 0.184640522875817 1.6547515257192678 0.008932461873638345 0.041848299912816043
0 0.15958605664488018 1.6525719267654753 0.008061002178649237 0.03923278116826504
0 0.1443355119825708 1.559285091543156 0.007625272331154684 0.03574542284219703
0 0.1406318082788671 1.537489102005231 0.0054466230936819175 0.03051438535309503
0 0.1328976034858388 1.6089799476896252 0.008278867102396514 0.037489102005231034
0 0.12113289760348583 1.6442894507410637 0.008714596949891068 0.045335658238884045
0 0.1272331154684096 1.5666957279860505 0.006971677559912854 0.03138622493461203
0 0.16579520697167757 1.3814298169136878 0.00784313725490196 0.03400174367916303
0 0.15893246187363835 1.3679163034001744 0.005010893246187364 0.022667829119442023
0 0.14673202614379086 1.4097646033129905 0.008061002178649237 0.03836094158674804
0 0.13148148148148148 1.3565823888404533 0.008061002178649237 0.03836094158674804
0 0.12211328976034859 1.3814298169136878 0.007625272331154684 0.03923278116826504
0 0.10163398692810457 1.4019180470793373 0.007625272331154684 0.03487358326068003
0 0.09749455337690632 1.596774193548387 0.006753812636165577 0.03400174367916303
0 0.08943355119825708 1.546207497820401 0.008061002178649237 0.03574542284219703
0 0.07374727668845316 1.6268526591107235 0.007625272331154684 0.03836094158674804
0 0.06808278867102396 1.541848299912816 0.008061002178649237 0.03574542284219703
0 0.052941176470588235 1.561900610287707 0.00784313725490196 0.044463818657367045
0 0.04651416122004357 1.5911072362685266 0.00849673202614379 0.04882301656495205
0 0.022004357298474945 1.615954664341761 0.009150326797385621 0.04097646033129904
0 0.00196078431372549 1.6238012205754142 0.00784313725490196 0.04097646033129904
0 0.07287581699346406 1.3923278116826503 0.007625272331154684 0.03487358326068003
0 0.05947712418300653 1.3905841325196164 0.00784313725490196 0.036617262423714034
0 0.02505446623093682 1.3578901482127288 0.006971677559912854 0.02877070619006103
0 0.03366013071895425 1.3761987794245858 0.008932461873638345 0.03923278116826504
0 0.010348583877995643 1.3626852659110724 0.00849673202614379 0.047079337401918046
