0 0.9958466453674122 1.1286407766990292 0.008306709265175719 0.038834951456310676
0 1.0063897763578276 1.1140776699029127 0.005111821086261981 0.024271844660194174
0 0.9686900958466453 1.1395631067961165 0.008945686900958467 0.03640776699029126
0 0.9357827476038338 1.1310679611650485 0.007028753993610224 0.02912621359223301
0 0.9063897763578275 1.1310679611650485 0.007028753993610224 0.02912621359223301
0 0.8479233226837061 1.1116504854368932 0.008945686900958467 0.038834951456310676
0 0.8233226837060703 1.2366504854368932 0.02875399361022364 0.1383495145631068
0 0.7750798722044728 1.2366504854368932 0.030670926517571886 0.1383495145631068
0 0.7476038338658147 1.2245145631067962 0.028115015974440896 0.13349514563106796
0 0.6728434504792332 1.0764563106796117 0.028115015974440896 0.1383495145631068
0 0.5696485623003195 1.0558252427184467 0.022364217252396165 0.11650485436893204
0 0.5952076677316294 1.029126213592233 0.022364217252396165 0.11165048543689321
0 0.6297124600638978 1.2851941747572815 0.01597444089456869 0.09466019417475728
0 0.6431309904153355 1.1856796116504855 0.01597444089456869 0.08009708737864078
0 0.5329073482428115 1.1516990291262137 0.016613418530351438 0.08009708737864078
0 0.7054313099041534 1.174757281553398 0.025559105431309903 0.13106796116504854
0 0.7201277955271566 1.1868932038834952 0.023003194888178913 0.11165048543689321
0 0.7325878594249201 1.1322815533980584 0.017252396166134186 0.07524271844660194
0 0.7549520766773163 1.1735436893203883 0.022364217252396165 0.08009708737864078
0 0.8300319488817891 1.1031553398058251 0.0038338658146964857 0.01699029126213592
0 0.8156549520766773 1.1177184466019416 0.005750798722044728 0.02669902912621359
0 0.8194888178913738 1.108009708737864 0.0044728434504792336 0.01699029126213592
0 0.7993610223642172 1.0934466019417475 0.0038338658146964857 0.01699029126213592
0 0.805111821086262 1.1213592233009708 0.006389776357827476 0.024271844660194174
0 0.7830670926517572 1.0983009708737863 0.003194888178913738 0.01699029126213592
0 0.7763578274760383 1.1395631067961165 0.011501597444089457 0.10922330097087378
0 0.7501597444089457 1.1468446601941749 0.012779552715654952 0.12378640776699029
0 0.75814696485623 1.1116504854368932 0.008306709265175719 0.03398058252427184
0 0.65814696485623 1.1067961165048543 0.011501597444089457 0.05339805825242718
0 0.6124600638977635 1.1808252427184467 0.014696485623003195 0.0703883495145631
0 0.6156549520766773 1.1407766990291262 0.012140575079872205 0.04854368932038835
0 0.4936102236421725 1.1104368932038835 0.012140575079872205 0.04611650485436893
0 0.45111821086261983 1.1565533980582525 0.012779552715654952 0.050970873786407765
0 0.4642172523961661 1.1614077669902914 0.010862619808306708 0.050970873786407765
0 0.45079872204472843 1.125 0.012140575079872205 0.055825242718446605
0 0.4204472843450479 1.1468446601941749 0.011501597444089457 0.050970873786407765
0 0.41182108626198083 1.1201456310679612 0.007028753993610224 0.02669902912621359
0 0.3424920127795527 1.1359223300970873 0.008945686900958467 0.03398058252427184
0 0.39233226837060703 1.1225728155339805 0.0076677316293929714 0.02669902912621359
0 0.40063897763578277 1.1055825242718447 0.0076677316293929714 0.02669902912621359
0 0.4415335463258786 1.0521844660194175 0.006389776357827476 0.02669902912621359
0 0.47060702875399363 1.029126213592233 0.005750798722044728 0.019417475728155338
0 0.3124600638977636 1.1213592233009708 0.010223642172523962 0.04854368932038835
0 0.2977635782747604 1.1213592233009708 0.010223642172523962 0.05339805825242718
0 0.2629392971246006 1.1007281553398058 0.010862619808306708 0.050970873786407765
0 0.2706070287539936 1.1177184466019416 0.012140575079872205 0.04611650485436893
0 0.27252396166134185 1.1189320388349515 0.010862619808306708 0.043689320388349516
0 0.24792332268370607 1.1286407766990292 0.010223642172523962 0.04854368932038835
0 0.22555910543130991 1.1189320388349515 0.011501597444089457 0.043689320388349516
0 0.20191693290734825 1.1189320388349515 0.010223642172523962 0.038834951456310676
0 0.17348242811501596 1.0934466019417475 0.010862619808306708 0.050970873786407765
0 0.18849840255591055 1.1565533980582525 0.008945686900958467 0.0412621359223301
0 0.1485623003194888 1.1067961165048543 0.009584664536741214 0.043689320388349516
0 0.15399361022364216 1.104368932038835 0.006389776357827476 0.02912621359223301
0 0.16613418530351437 1.1189320388349515 0.006389776357827476 0.02912621359223301
0 0.10798722044728434 1.203883495145631 0.015335463258785943 0.06310679611650485
0 0.11916932907348243 1.1529126213592233 0.010862619808306708 0.04854368932038835
0 0.12747603833865814 1.1189320388349515 0.009584664536741214 0.038834951456310676
0 0.10766773162939297 1.1104368932038835 0.010862619808306708 0.0412621359223301
0 0.10063897763578275 1.0922330097087378 0.0044728434504792336 0.019417475728155338
0 0.08434504792332269 1.1516990291262137 0.012779552715654952 0.055825242718446605
0 0.0463258785942492 1.1614077669902914 0.014696485623003195 0.06067961165048544
0 0.017252396166134186 1.1104368932038835 0.011501597444089457 0.055825242718446605
0 0.01597444089456869 1.0934466019417475 0.014057507987220448 0.04611650485436893
0 0.05718849840255591 1.1201456310679612 0.010862619808306708 0.0412621359223301
0 0.051437699680511186 1.1152912621359223 0.009584664536741214 0.0412621359223301
0 0.07795527156549521 1.1092233009708738 0.006389776357827476 0.024271844660194174
0 0.0670926517571885 1.1589805825242718 0.011501597444089457 0.050970873786407765
0 0.3210862619808307 1.1298543689320388 0.008306709265175719 0.03640776699029126
0 0.797444089456869 1.2402912621359223 0.025559105431309903 0.1262135922330097
