0 0.7853236098450319 0.46536144578313254 0.03372835004557885 0.07228915662650602
0 0.7493163172288059 0.4743975903614458 0.03646308113035551 0.09337349397590361
0 0.7342752962625342 0.48343373493975905 0.04284412032816773 0.07228915662650602
0 0.6403828623518687 0.43900602409638556 0.037374658158614404 0.07379518072289157
0 0.5268915223336372 0.4796686746987952 0.03646308113035551 0.061746987951807226
0 0.3245214220601641 0.43373493975903615 0.03828623518687329 0.07530120481927711
0 0.23564266180492252 0.4615963855421687 0.03919781221513218 0.06475903614457831
0 0.41750227894257064 0.4661144578313253 0.04557885141294439 0.0858433734939759
0 0.5989061075660893 0.45256024096385544 0.041932543299908843 0.07078313253012049
0 0.6194165907019143 0.4713855421686747 0.03372835004557885 0.06325301204819277
0 0.2634457611668186 0.4661144578313253 0.03646308113035551 0.05271084337349398
0 0.5642661804922516 0.48569277108433734 0.03463992707383774 0.0677710843373494
0 0.9325432999088423 0.3621987951807229 0.023701002734731084 0.061746987951807226
0 0.9334548769371012 0.2989457831325301 0.03099361896080219 0.061746987951807226
0 0.9434822242479489 0.21762048192771086 0.08021877848678213 0.3539156626506024
0 0.8427529626253418 0.47289156626506024 0.028258887876025523 0.060240963855421686
0 0.8669097538742023 0.41792168674698793 0.03463992707383774 0.061746987951807226
0 0.8596171376481313 0.38930722891566266 0.03463992707383774 0.05572289156626506
0 0.8505013673655424 0.3132530120481928 0.027347310847766638 0.0572289156626506
0 0.8277119416590701 0.22590361445783133 0.02552415679124886 0.0572289156626506
0 0.841841385597083 0.07605421686746988 0.024612579762989972 0.05271084337349398
0 0.7880583409298085 0.34789156626506024 0.024612579762989972 0.04819277108433735
0 0.7752962625341842 0.3170180722891566 0.02643573381950775 0.04969879518072289
0 0.7830446672743847 0.21310240963855423 0.023701002734731084 0.05572289156626506
0 0.7853236098450319 0.07530120481927711 0.022789425706472195 0.05421686746987952
0 0.8026435733819508 0.0037650602409638554 0.022789425706472195 0.04066265060240964
0 0.6595259799453054 0.32153614457831325 0.028258887876025523 0.06475903614457831
0 0.7265268915223336 0.3004518072289157 0.027347310847766638 0.05572289156626506
0 0.7233363719234275 0.23343373493975902 0.02643573381950775 0.0572289156626506
0 0.7201458523245214 0.08132530120481928 0.03099361896080219 0.05120481927710843
0 0.7347310847766636 0.008283132530120483 0.023701002734731084 0.046686746987951805
0 0.6686417502278943 0.21084337349397592 0.03555150410209663 0.05120481927710843
0 0.6631722880583409 0.17846385542168675 0.03372835004557885 0.061746987951807226
0 0.6640838650865998 0.07981927710843373 0.02643573381950775 0.05421686746987952
0 0.6640838650865998 -0.012801204819277108 0.028258887876025523 0.046686746987951805
0 0.5820419325433 -0.0030120481927710845 0.019143117593436645 0.03313253012048193
0 0.6061987237921604 0.0858433734939759 0.023701002734731084 0.04216867469879518
0 0.593436645396536 0.1302710843373494 0.03463992707383774 0.05572289156626506
0 0.6358249772105743 0.1438253012048193 0.03372835004557885 0.06475903614457831
0 0.5182315405651777 -0.015060240963855422 0.024612579762989972 0.04819277108433735
0 0.4840474020054695 -0.005271084337349397 0.023701002734731084 0.046686746987951805
0 0.528714676390155 0.058734939759036146 0.027347310847766638 0.05120481927710843
0 0.545123062898815 0.17771084337349397 0.027347310847766638 0.0572289156626506
0 0.4949863263445761 0.20105421686746988 0.02917046490428441 0.05572289156626506
0 0.5132178669097539 0.28539156626506024 0.02917046490428441 0.061746987951807226
0 0.43391066545123064 0.022590361445783132 0.027347310847766638 0.04819277108433735
0 0.43072014585232454 0.1852409638554217 0.02643573381950775 0.0572289156626506
0 0.38833181403828626 0.32756024096385544 0.02917046490428441 0.061746987951807226
0 0.4544211485870556 0.4171686746987952 0.03919781221513218 0.07530120481927711
0 0.35095715587967186 -0.02033132530120482 0.02187784867821331 0.03162650602409638
0 0.39516864175022787 0.06701807228915663 0.03372835004557885 0.058734939759036146
0 0.32224247948951684 -0.0286144578313253 0.019143117593436645 0.030120481927710843
0 0.3436645396536007 0.16792168674698796 0.02917046490428441 0.06475903614457831
0 0.3236098450319052 0.09487951807228916 0.032816773017319965 0.07228915662650602
0 0.31768459434822244 0.40813253012048195 0.0300820419325433 0.0572289156626506
0 0.24749316317228806 0.10240963855421686 0.06289881494986327 0.20481927710843373
0 0.2917046490428441 0.03463855421686747 0.032816773017319965 0.06626506024096386
0 0.24202370100273474 0.054969879518072286 0.028258887876025523 0.05572289156626506
0 0.2670920692798541 0.18825301204819278 0.02917046490428441 0.06325301204819277
0 0.24703737465815861 0.24246987951807228 0.032816773017319965 0.06325301204819277
0 0.1317228805834093 -0.007530120481927711 0.024612579762989972 0.045180722891566265
0 0.15223336371923427 0.07530120481927711 0.032816773017319965 0.05120481927710843
0 0.12123974475843209 0.11295180722891567 0.02917046490428441 0.05421686746987952
0 0.20556061987237922 0.18599397590361447 0.024612579762989972 0.05572289156626506
0 0.18185961713764814 0.21460843373493976 0.0300820419325433 0.06475903614457831
0 0.27529626253418416 0.4314759036144578 0.032816773017319965 0.061746987951807226
0 0.23062898814949864 0.3049698795180723 0.03463992707383774 0.07680722891566265
0 0.0414767547857794 -0.029367469879518073 0.0300820419325433 0.043674698795180725
0 0.004557885141294439 0.03313253012048193 0.041932543299908843 0.0783132530120482
0 0.056517775752051046 0.09412650602409639 0.027347310847766638 0.058734939759036146
0 0.01731996353691887 0.13855421686746988 0.03099361896080219 0.07228915662650602
0 0.0414767547857794 0.25 0.03190519598906107 0.06927710843373494
0 0.1162260711030082 0.17771084337349397 0.03190519598906107 0.060240963855421686
0 0.09936189608021878 0.30948795180722893 0.03646308113035551 0.07680722891566265
0 0.008204193254329991 0.42620481927710846 0.03646308113035551 0.06626506024096386
0 0.0829535095715588 0.5346385542168675 0.032816773017319965 0.0572289156626506
0 0.12625341841385598 0.5203313253012049 0.03555150410209663 0.05572289156626506
0 0.08751139471285324 0.4420180722891566 0.02917046490428441 0.061746987951807226
0 0.15724703737465817 0.3441265060240964 0.0300820419325433 0.04969879518072289
0 0.6417502278942571 0.4329819277108434 0.03828623518687329 0.0677710843373494
