0 0.7733585858585859 0.4005102040816326 0.06691919191919192 0.29081632653061223
0 1.0107323232323233 0.9719387755102041 0.04671717171717172 0.20918367346938777
0 1.0404040404040404 1.1734693877551021 0.030303030303030304 0.16326530612244897
0 0.9450757575757576 1.0561224489795917 0.03409090909090909 0.15306122448979592
0 0.5315656565656566 0.7168367346938775 0.045454545454545456 0.20918367346938777
0 0.09785353535353536 0.6556122448979592 0.054292929292929296 0.2602040816326531
0 0.0763888888888889 0.7959183673469388 0.041666666666666664 0.20408163265306123
0 0.1553030303030303 0.826530612244898 0.04040404040404041 0.20408163265306123
0 0.22474747474747475 0.6964285714285714 0.04292929292929293 0.2193877551020408
0 0.31123737373737376 0.7882653061224489 0.036616161616161616 0.18877551020408162
0 0.31186868686868685 0.7882653061224489 0.03535353535353535 0.18877551020408162
0 0.40025252525252525 0.8112244897959183 0.045454545454545456 0.22448979591836735
0 0.5018939393939394 0.923469387755102 0.036616161616161616 0.17346938775510204
0 0.6938131313131313 0.7525510204081632 0.04924242424242424 0.22959183673469388
0 0.8005050505050505 1.0127551020408163 0.045454545454545456 0.17857142857142858
0 0.7998737373737373 0.9693877551020408 0.039141414141414144 0.14285714285714285
0 0.9438131313131313 1.058673469387755 0.03409090909090909 0.1377551020408163
0 1.0157828282828283 0.9846938775510204 0.04671717171717172 0.21428571428571427
