0 0.0439453125 1.346693386773547 0.02734375 0.06012024048096192
0 0.08740234375 1.2715430861723447 0.0283203125 0.05410821643286573
0 0.09521484375 1.2675350701402806 0.0107421875 0.07014028056112225
0 0.10546875 1.251503006012024 0.005859375 0.014028056112224449
0 0.1259765625 1.2615230460921845 0.005859375 0.014028056112224449
0 0.13720703125 1.2535070140280562 0.0126953125 0.03006012024048096
0 0.18212890625 1.2715430861723447 0.0068359375 0.014028056112224449
0 0.1767578125 1.3206412825651304 0.029296875 0.08016032064128256
0 0.21533203125 1.2675350701402806 0.0126953125 0.026052104208416832
0 0.22900390625 1.2565130260521042 0.0107421875 0.02404809619238477
0 0.23828125 1.2635270541082164 0.009765625 0.022044088176352707
0 0.2958984375 1.311623246492986 0.02734375 0.06613226452905811
0 0.34375 1.3567134268537073 0.03125 0.06813627254509018
0 0.37841796875 1.2645290581162325 0.0107421875 0.02404809619238477
0 0.41455078125 1.2695390781563127 0.0087890625 0.018036072144288578
0 0.43896484375 1.2675350701402806 0.0107421875 0.026052104208416832
0 0.44482421875 1.2695390781563127 0.0107421875 0.026052104208416832
0 0.470703125 1.312625250501002 0.01171875 0.06813627254509018
0 0.4521484375 1.3236472945891784 0.02734375 0.07414829659318638
0 0.59619140625 1.3416833667334669 0.0224609375 0.04609218436873747
0 0.7353515625 1.314629258517034 0.0078125 0.02004008016032064
0 0.72509765625 1.2945891783567134 0.0048828125 0.012024048096192385
0 0.74609375 1.2985971943887775 0.005859375 0.012024048096192385
0 0.7578125 1.2935871743486973 0.0078125 0.018036072144288578
0 0.78955078125 1.314629258517034 0.0126953125 0.03206412825651302
0 0.7939453125 1.3166332665330662 0.01171875 0.028056112224448898
0 0.7900390625 1.283567134268537 0.01171875 0.03406813627254509
0 0.8056640625 1.283567134268537 0.01171875 0.03006012024048096
0 0.8193359375 1.3066132264529058 0.009765625 0.056112224448897796
0 0.82568359375 1.2905811623246493 0.0107421875 0.02404809619238477
0 0.83740234375 1.2925851703406814 0.0068359375 0.01603206412825651
0 0.8662109375 1.2965931863727456 0.0078125 0.01603206412825651
0 0.87060546875 1.2945891783567134 0.0087890625 0.01603206412825651
0 0.88623046875 1.311623246492986 0.0068359375 0.014028056112224449
0 0.90966796875 1.314629258517034 0.0166015625 0.036072144288577156
0 0.93603515625 1.3006012024048097 0.0107421875 0.02404809619238477
0 0.9482421875 1.2925851703406814 0.009765625 0.02404809619238477
0 0.95654296875 1.3156312625250501 0.0087890625 0.05811623246492986
0 0.9658203125 1.2975951903807614 0.00390625 0.01002004008016032
0 0.99267578125 1.279559118236473 0.0126953125 0.03006012024048096
0 0.560546875 0.6292585170340681 0.00390625 0.008016032064128256
0 0.57275390625 1.342685370741483 0.0126953125 0.07615230460921844
0 0.626953125 1.2965931863727456 0.005859375 0.012024048096192385
0 0.703125 1.3186372745490982 0.0078125 0.01603206412825651
0 0.7587890625 0.9589178356713427 0.0078125 0.03807615230460922
0 0.7529296875 0.935871743486974 0.00390625 0.008016032064128256
0 0.74609375 0.9519038076152304 0.0078125 0.04008016032064128
