0 0.4681794470526865 1.959214501510574 0.005738132498695879 0.08157099697885196
0 0.5273865414710485 1.9259818731117824 0.0020865936358894104 0.015105740181268883
0 0.1387584767866458 2.607250755287009 0.006259780907668232 0.030211480362537766
0 0.8202921231090246 2.6299093655589125 0.0036515388628064684 0.021148036253776436
0 0.02634324465310381 2.7235649546827796 0.0495565988523735 0.3776435045317221
0 0.198226395409494 2.7416918429003023 0.029212310902451747 0.1661631419939577
0 0.2005738132498696 2.6842900302114803 0.005738132498695879 0.03927492447129909
0 0.20657276995305165 2.602719033232628 0.004173187271778821 0.021148036253776436
0 0.23761085028690662 2.604229607250755 0.0036515388628064684 0.02416918429003021
0 0.31559728742827337 2.581570996978852 0.004173187271778821 0.027190332326283987
0 0.3398539384454877 2.608761329305136 0.0036515388628064684 0.021148036253776436
0 0.3317683881064163 2.663141993957704 0.008346374543557642 0.14803625377643503
0 0.35602503912363065 2.61178247734139 0.0036515388628064684 0.021148036253776436
0 0.3635889410537298 2.598187311178248 0.004173187271778821 0.02416918429003021
0 0.3904538341158059 2.675226586102719 0.010954616588419406 0.18429003021148035
0 0.40219092331768386 2.578549848942598 0.006259780907668232 0.03323262839879154
0 0.4107981220657277 2.584592145015106 0.005738132498695879 0.027190332326283987
0 0.42357850808555036 2.596676737160121 0.004173187271778821 0.027190332326283987
0 0.43401147626499736 2.584592145015106 0.004173187271778821 0.027190332326283987
0 0.44183620239958266 2.596676737160121 0.004173187271778821 0.021148036253776436
0 0.44835680751173707 2.596676737160121 0.0036515388628064684 0.021148036253776436
0 0.454094940010433 2.622356495468278 0.0036515388628064684 0.02416918429003021
0 0.5093896713615024 2.6132930513595167 0.0036515388628064684 0.01812688821752266
0 0.5146061554512259 2.6691842900302114 0.0026082420448617634 0.015105740181268883
0 0.5599895670318206 2.5604229607250755 0.004694835680751174 0.027190332326283987
0 0.5730307772561294 2.617824773413897 0.004694835680751174 0.027190332326283987
0 0.576943140323422 2.607250755287009 0.004173187271778821 0.030211480362537766
0 0.5850286906624935 2.6163141993957706 0.004694835680751174 0.030211480362537766
0 0.587376108502869 2.63595166163142 0.004173187271778821 0.021148036253776436
0 0.594679186228482 2.63595166163142 0.005216484089723527 0.03323262839879154
0 0.6116327595200834 2.596676737160121 0.00782472613458529 0.0513595166163142
