0 1.0069599109131404 0.44561933534743203 0.05066815144766147 0.18126888217522658
0 0.9223273942093542 0.27492447129909364 0.04844097995545657 0.18126888217522658
0 0.8424276169265034 0.3731117824773414 0.053452115812917596 0.1782477341389728
0 0.8251670378619154 1.059667673716012 0.051224944320712694 0.19486404833836857
0 0.7725501113585747 0.5166163141993958 0.05066815144766147 0.18731117824773413
0 0.691815144766147 0.26057401812688824 0.04844097995545657 0.17673716012084592
0 0.6344654788418709 0.472809667673716 0.04955456570155902 0.18731117824773413
0 0.673162583518931 1.0589123867069485 0.05679287305122494 0.1903323262839879
0 0.51586859688196 1.0687311178247734 0.05178173719376392 0.20090634441087613
0 0.49526726057906456 0.39652567975830816 0.04955456570155902 0.18277945619335348
0 0.545935412026726 0.3300604229607251 0.04621380846325167 0.16767371601208458
0 0.3666481069042316 1.0634441087613293 0.05623608017817372 0.2084592145015106
0 0.21102449888641425 1.059667673716012 0.062360801781737196 0.22507552870090636
0 0.05790645879732739 0.3557401812688822 0.051224944320712694 0.19184290030211482
0 0.14226057906458797 0.3119335347432024 0.04287305122494432 0.1555891238670695
0 0.19793986636971048 0.5785498489425982 0.04621380846325167 0.19637462235649547
0 0.3596881959910913 0.5422960725075529 0.051224944320712694 0.1782477341389728
0 0.2561247216035635 0.3376132930513595 0.052338530066815145 0.18882175226586104
0 0.3819599109131403 0.2847432024169184 0.051224944320712694 0.19184290030211482
