0 0.8715220949263502 1.541025641025641 0.04091653027823241 0.13846153846153847
0 0.9304418985270049 1.7256410256410257 0.04746317512274959 0.1794871794871795
0 0.9549918166939444 1.541025641025641 0.03436988543371522 0.1076923076923077
0 0.8297872340425532 1.6256410256410256 0.03273322422258593 0.11282051282051282
0 0.7495908346972177 1.7615384615384615 0.05564648117839607 0.18974358974358974
0 0.7831423895253683 1.476923076923077 0.027823240589198037 0.08205128205128205
0 0.7798690671031097 1.5743589743589743 0.024549918166939442 0.09230769230769231
0 0.7184942716857611 1.6102564102564103 0.03927986906710311 0.1641025641025641
0 0.6636661211129297 1.8358974358974358 0.05073649754500818 0.18461538461538463
0 0.6333878887070377 1.8384615384615384 0.03927986906710311 0.15897435897435896
0 0.532733224222586 1.912820512820513 0.04746317512274959 0.19487179487179487
0 0.5450081833060556 1.7717948717948717 0.0425531914893617 0.15897435897435896
0 0.5032733224222586 1.5769230769230769 0.03436988543371522 0.1282051282051282
0 0.6522094926350246 1.441025641025641 0.014729950900163666 0.05128205128205128
0 0.6145662847790507 1.435897435897436 0.014729950900163666 0.041025641025641026
0 0.7103109656301145 1.4846153846153847 0.01309328968903437 0.046153846153846156
0 0.527823240589198 1.541025641025641 0.01800327332242226 0.06666666666666667
0 0.5490998363338789 1.4974358974358974 0.014729950900163666 0.06153846153846154
0 0.44271685761047463 1.5461538461538462 0.01800327332242226 0.06666666666666667
0 0.4157119476268412 1.7538461538461538 0.03273322422258593 0.11282051282051282
0 0.37479541734860883 1.7230769230769232 0.05237315875613748 0.17435897435897435
0 0.1276595744680851 1.9076923076923078 0.03600654664484452 0.13333333333333333
0 0.18657937806873978 1.6897435897435897 0.022913256955810146 0.07692307692307693
0 0.12438625204582651 1.817948717948718 0.03927986906710311 0.11794871794871795
0 -0.0016366612111292963 1.8256410256410256 0.029459901800327332 0.11282051282051282
0 0.019639934533551555 1.7384615384615385 0.03600654664484452 0.10256410256410256
0 0.09983633387888707 1.7025641025641025 0.022913256955810146 0.07179487179487179
0 0.27495908346972175 1.5846153846153845 0.016366612111292964 0.06153846153846154
0 0.5990180032733224 1.4 0.016366612111292964 0.05128205128205128
0 0.588379705400982 1.382051282051282 0.014729950900163666 0.046153846153846156
0 0.5687397708674304 1.3794871794871795 0.011456628477905073 0.041025641025641026
0 0.530278232405892 1.376923076923077 0.01309328968903437 0.046153846153846156
0 0.5049099836333879 1.5435897435897437 0.031096563011456628 0.2564102564102564
0 0.4787234042553192 1.3871794871794871 0.011456628477905073 0.046153846153846156
0 0.45499181669394434 1.376923076923077 0.01309328968903437 0.046153846153846156
0 0.42962356792144024 1.3461538461538463 0.014729950900163666 0.046153846153846156
0 0.3985270049099836 1.3717948717948718 0.011456628477905073 0.046153846153846156
0 0.34288052373158756 1.3846153846153846 0.011456628477905073 0.041025641025641026
0 0.32733224222585927 1.3794871794871795 0.009819967266775777 0.03076923076923077
0 0.27086743044189854 1.4897435897435898 0.01800327332242226 0.05641025641025641
0 0.2381342062193126 1.5205128205128204 0.014729950900163666 0.046153846153846156
0 0.20703764320785598 1.5076923076923077 0.014729950900163666 0.05128205128205128
0 0.22913256955810146 1.564102564102564 0.03600654664484452 0.20512820512820512
0 0.28477905073649756 1.4615384615384615 0.019639934533551555 0.18461538461538463
0 0.26759410801963995 1.382051282051282 0.011456628477905073 0.035897435897435895
0 0.24959083469721768 1.3846153846153846 0.011456628477905073 0.041025641025641026
0 0.21522094926350246 1.376923076923077 0.014729950900163666 0.046153846153846156
0 0.18739770867430441 1.4 0.014729950900163666 0.05128205128205128
0 0.03764320785597381 1.471794871794872 0.016366612111292964 0.041025641025641026
0 0.05810147299509002 1.5179487179487179 0.04091653027823241 0.28717948717948716
0 0.0662847790507365 1.3948717948717948 0.011456628477905073 0.041025641025641026
0 0.08265139116202946 1.3974358974358974 0.014729950900163666 0.05641025641025641
0 0.1039279869067103 1.4307692307692308 0.01800327332242226 0.06153846153846154
0 0.12274959083469722 1.412820512820513 0.01309328968903437 0.046153846153846156
0 0.1448445171849427 1.376923076923077 0.02127659574468085 0.05641025641025641
0 0.17430441898527005 1.3743589743589744 0.014729950900163666 0.041025641025641026
0 0.5490998363338789 1.3923076923076922 0.011456628477905073 0.035897435897435895
0 0.5049099836333879 1.3871794871794871 0.014729950900163666 0.046153846153846156
0 0.6382978723404256 1.3641025641025641 0.01309328968903437 0.041025641025641026
0 0.5057283142389526 1.3846153846153846 0.01309328968903437 0.041025641025641026
