0 0.9730713245997089 2.3715753424657535 0.042212518195050945 0.25
0 1.0229257641921397 2.344178082191781 0.04294032023289665 0.25
0 0.9956331877729258 1.875 0.01601164483260553 0.09246575342465753
0 0.9512372634643377 2.106164383561644 0.013100436681222707 0.07534246575342465
0 0.8941048034934498 2.2414383561643834 0.019650655021834062 0.10616438356164383
0 0.8981077147016011 1.9092465753424657 0.01601164483260553 0.09246575342465753
0 0.8191411935953421 1.9212328767123288 0.015283842794759825 0.0958904109589041
0 0.7863901018922853 1.851027397260274 0.008005822416302766 0.03767123287671233
0 0.7638282387190685 1.856164383561644 0.005094614264919942 0.0273972602739726
0 0.7292576419213974 1.8784246575342465 0.01601164483260553 0.09246575342465753
0 0.6979621542940321 2.046232876712329 0.008733624454148471 0.04452054794520548
0 0.6648471615720524 1.8595890410958904 0.015283842794759825 0.06164383561643835
0 0.673216885007278 2.482876712328767 0.034934497816593885 0.1917808219178082
0 0.6124454148471615 2.440068493150685 0.025473071324599708 0.16095890410958905
0 0.6419213973799127 2.3801369863013697 0.02911208151382824 0.18493150684931506
0 0.3606259097525473 2.0 0.04002911208151383 0.23972602739726026
0 0.17976710334788937 2.363013698630137 0.042212518195050945 0.2328767123287671
0 0.4596069868995633 2.13527397260274 0.018195050946142648 0.10616438356164383
0 0.5815138282387191 2.065068493150685 0.01601164483260553 0.08904109589041095
0 0.5418486171761281 2.0530821917808217 0.015283842794759825 0.07876712328767123
0 0.5010917030567685 1.8767123287671232 0.012372634643377001 0.0547945205479452
0 0.47307132459970885 1.9503424657534247 0.013100436681222707 0.06506849315068493
0 0.42831149927219797 1.9674657534246576 0.008005822416302766 0.04452054794520548
0 0.3027656477438137 2.035958904109589 0.01455604075691412 0.07191780821917808
0 0.237627365356623 2.0222602739726026 0.016739446870451237 0.07876712328767123
0 0.2390829694323144 2.375 0.016739446870451237 0.08561643835616438
0 0.2165211062590975 1.922945205479452 0.008005822416302766 0.03767123287671233
0 0.2893013100436681 1.821917808219178 0.008005822416302766 0.0410958904109589
0 0.05021834061135371 1.9452054794520548 0.011644832605531296 0.0547945205479452
0 0.6652110625909753 1.8013698630136987 0.008733624454148471 0.0410958904109589
