0 0.5545417680454177 1.455367231638418 0.07988645579886455 0.2824858757062147
0 0.994728304947283 1.384180790960452 0.009732360097323601 0.0384180790960452
0 0.9653284671532847 1.344632768361582 0.0052716950527169504 0.015819209039548022
0 0.9693836171938361 1.3898305084745763 0.011759935117599351 0.03389830508474576
0 0.6879562043795621 1.5107344632768362 0.01013787510137875 0.031638418079096044
0 0.709448499594485 1.4649717514124294 0.010948905109489052 0.03728813559322034
0 0.7518248175182481 1.4977401129943504 0.008110300081103 0.02824858757062147
0 0.7678426601784266 1.3333333333333333 0.006893755068937551 0.022598870056497175
0 0.7739253852392538 1.4022598870056497 0.01338199513381995 0.04519774011299435
0 0.7869018653690186 1.3717514124293786 0.01338199513381995 0.04067796610169491
0 0.18471208434712083 1.4570621468926555 0.011759935117599351 0.04180790960451977
0 0.2070154095701541 1.3915254237288135 0.015815085158150853 0.04858757062146893
0 0.2386455798864558 1.3649717514124293 0.011759935117599351 0.04519774011299435
0 0.2491889699918897 1.3875706214689265 0.015815085158150853 0.04745762711864407
