0 0.14556135770234988 7.577669902912621 0.006527415143603133 0.06796116504854369
0 0.24151436031331594 7.495145631067961 0.03655352480417755 0.27184466019417475
0 0.30221932114882505 7.805825242718447 0.050913838120104436 0.46601941747572817
0 0.34073107049608353 8.04368932038835 0.0391644908616188 0.3592233009708738
0 0.4366840731070496 7.927184466019417 0.050913838120104436 0.49514563106796117
0 0.48237597911227154 7.883495145631068 0.06135770234986945 0.5048543689320388
0 0.5280678851174935 7.941747572815534 0.05352480417754569 0.44660194174757284
0 0.6703655352480418 7.509708737864078 0.02741514360313316 0.22330097087378642
0 0.7519582245430809 7.577669902912621 0.02349869451697128 0.22330097087378642
0 0.7976501305483029 7.713592233009709 0.031331592689295036 0.2621359223300971
0 0.816579634464752 7.504854368932039 0.0195822454308094 0.1553398058252427
0 0.8616187989556136 7.611650485436893 0.018276762402088774 0.1941747572815534
0 0.9007832898172323 7.378640776699029 0.033942558746736295 0.3106796116504854
0 0.9255874673629243 7.567961165048544 0.018276762402088774 0.1650485436893204
0 1.0848563968668408 7.436893203883495 0.018276762402088774 0.1553398058252427
0 1.1063968668407311 7.621359223300971 0.01174934725848564 0.11650485436893204
0 1.1187989556135771 7.504854368932039 0.007832898172323759 0.05825242718446602
0 1.135117493472585 7.621359223300971 0.014360313315926894 0.13592233009708737
0 1.056135770234987 7.436893203883495 0.007832898172323759 0.07766990291262135
0 1.0652741514360313 7.519417475728155 0.015665796344647518 0.2815533980582524
0 1.0306788511749347 7.519417475728155 0.014360313315926894 0.14563106796116504
0 0.9973890339425587 7.771844660194175 0.013054830287206266 0.14563106796116504
0 0.9549608355091384 7.669902912621359 0.016971279373368148 0.13592233009708737
0 1.0097911227154046 7.543689320388349 0.01174934725848564 0.11650485436893204
0 0.9921671018276762 7.645631067961165 0.015665796344647518 0.1262135922330097
0 0.7754569190600522 7.58252427184466 0.013054830287206266 0.13592233009708737
0 0.8413838120104439 7.597087378640777 0.009138381201044387 0.06796116504854369
