0 0.012672811059907835 1.0383211678832116 0.0069124423963133645 0.014598540145985401
0 0.023809523809523808 1.0465328467153285 0.009216589861751152 0.020072992700729927
0 0.044162826420890935 1.0437956204379562 0.005376344086021506 0.010948905109489052
0 0.04953917050691244 1.0383211678832116 0.005376344086021506 0.010948905109489052
0 0.05837173579109063 1.042883211678832 0.0030721966205837174 0.009124087591240875
0 0.06144393241167435 1.042883211678832 0.006144393241167435 0.012773722627737226
0 0.065284178187404 1.042883211678832 0.004608294930875576 0.012773722627737226
0 0.07949308755760369 1.052007299270073 0.005376344086021506 0.012773722627737226
0 0.0890937019969278 1.0456204379562044 0.006144393241167435 0.014598540145985401
0 0.09907834101382489 1.0437956204379562 0.006144393241167435 0.014598540145985401
0 0.108678955453149 1.0483576642335766 0.0038402457757296467 0.009124087591240875
0 0.1152073732718894 1.0501824817518248 0.0030721966205837174 0.009124087591240875
0 0.12135176651305683 1.0583941605839415 0.006144393241167435 0.0364963503649635
0 0.1259600614439324 1.0583941605839415 0.006144393241167435 0.0364963503649635
0 0.13287250384024576 1.0675182481751824 0.009216589861751152 0.05474452554744526
0 0.13978494623655913 1.0447080291970803 0.004608294930875576 0.012773722627737226
0 0.1455453149001536 1.072080291970803 0.008448540706605223 0.06386861313868614
0 0.15284178187403993 1.041058394160584 0.0030721966205837174 0.009124087591240875
0 0.15937019969278035 1.0675182481751824 0.0069124423963133645 0.043795620437956206
0 0.1639784946236559 1.0474452554744527 0.002304147465437788 0.0072992700729927005
0 0.1716589861751152 1.0364963503649636 0.0038402457757296467 0.0072992700729927005
0 0.17588325652841783 1.0374087591240877 0.0030721966205837174 0.009124087591240875
0 0.1816436251920123 1.0456204379562044 0.0069124423963133645 0.01824817518248175
0 0.21121351766513058 1.0346715328467153 0.007680491551459293 0.01824817518248175
0 0.1935483870967742 1.0218978102189782 0.010752688172043012 0.029197080291970802
0 0.2304147465437788 0.9698905109489051 0.010752688172043012 0.03102189781021898
0 0.29838709677419356 1.0483576642335766 0.009984639016897081 0.023722627737226276
0 0.3379416282642089 1.0127737226277371 0.007680491551459293 0.021897810218978103
0 0.3598310291858679 1.082116788321168 0.008448540706605223 0.01824817518248175
0 0.3671274961597542 1.0684306569343065 0.007680491551459293 0.05656934306569343
0 0.3774961597542243 1.0538321167883211 0.0038402457757296467 0.012773722627737226
0 0.3836405529953917 1.0483576642335766 0.0038402457757296467 0.009124087591240875
0 0.3990015360983103 1.0401459854014599 0.01152073732718894 0.025547445255474453
0 0.4078341013824885 1.0437956204379562 0.006144393241167435 0.01824817518248175
0 0.4205069124423963 1.0437956204379562 0.0038402457757296467 0.010948905109489052
0 0.42473118279569894 1.0456204379562044 0.004608294930875576 0.010948905109489052
0 0.44086021505376344 1.0474452554744527 0.009216589861751152 0.025547445255474453
0 0.45161290322580644 1.0465328467153285 0.006144393241167435 0.016423357664233577
0 0.4592933947772657 1.0538321167883211 0.004608294930875576 0.012773722627737226
0 0.46543778801843316 1.061131386861314 0.006144393241167435 0.016423357664233577
0 0.467357910906298 1.0492700729927007 0.0069124423963133645 0.01824817518248175
0 0.47619047619047616 1.0474452554744527 0.007680491551459293 0.01824817518248175
0 0.4823348694316436 1.0447080291970803 0.006144393241167435 0.016423357664233577
0 0.49539170506912444 1.0675182481751824 0.006144393241167435 0.014598540145985401
0 0.48963133640552997 1.0748175182481752 0.008448540706605223 0.08394160583941605
0 0.5015360983102919 1.0437956204379562 0.006144393241167435 0.014598540145985401
0 0.5122887864823349 1.052919708029197 0.004608294930875576 0.014598540145985401
0 0.5168970814132104 1.0693430656934306 0.010752688172043012 0.06934306569343066
0 0.5234254992319508 1.0456204379562044 0.0038402457757296467 0.010948905109489052
0 0.5345622119815668 1.0474452554744527 0.004608294930875576 0.010948905109489052
0 0.5372503840245776 1.0684306569343065 0.008448540706605223 0.05656934306569343
0 0.5414746543778802 1.0474452554744527 0.0030721966205837174 0.0072992700729927005
0 0.5476190476190477 1.0675182481751824 0.009216589861751152 0.06569343065693431
0 0.5579877112135176 1.0474452554744527 0.0038402457757296467 0.010948905109489052
0 0.565284178187404 1.0538321167883211 0.006144393241167435 0.016423357664233577
0 0.5729646697388633 1.0447080291970803 0.0030721966205837174 0.009124087591240875
0 0.5829493087557603 1.0474452554744527 0.0030721966205837174 0.0072992700729927005
0 0.597926267281106 1.0456204379562044 0.005376344086021506 0.014598540145985401
0 0.6048387096774194 1.0401459854014599 0.0069124423963133645 0.01824817518248175
0 0.6232718894009217 1.0392335766423357 0.005376344086021506 0.016423357664233577
0 0.6309523809523809 1.073905109489051 0.016129032258064516 0.04562043795620438
0 0.6666666666666666 1.052007299270073 0.021505376344086023 0.04927007299270073
0 0.6977726574500768 1.0447080291970803 0.020737327188940093 0.04927007299270073
0 0.7354070660522274 1.0757299270072993 0.019201228878648235 0.04562043795620438
0 0.7254224270353302 1.062956204379562 0.013056835637480798 0.03467153284671533
0 0.7757296466973886 1.0757299270072993 0.02304147465437788 0.04927007299270073
0 0.8125960061443932 1.0364963503649636 0.007680491551459293 0.01824817518248175
0 0.7964669738863287 1.0538321167883211 0.007680491551459293 0.016423357664233577
0 0.7864823348694316 1.0866788321167884 0.013824884792626729 0.11496350364963503
0 0.7772657450076805 1.0401459854014599 0.007680491551459293 0.01824817518248175
0 0.8337173579109063 1.041058394160584 0.0069124423963133645 0.016423357664233577
0 0.8379416282642089 1.1003649635036497 0.015360983102918587 0.12043795620437957
0 0.8506144393241167 1.052919708029197 0.008448540706605223 0.01824817518248175
0 0.868663594470046 1.0383211678832116 0.009216589861751152 0.021897810218978103
0 0.8782642089093702 1.0437956204379562 0.0069124423963133645 0.01824817518248175
0 0.8947772657450077 1.0474452554744527 0.007680491551459293 0.01824817518248175
0 0.9032258064516129 1.0246350364963503 0.006144393241167435 0.016423357664233577
0 0.9124423963133641 1.0401459854014599 0.006144393241167435 0.01824817518248175
0 0.9228110599078341 1.0465328467153285 0.0069124423963133645 0.020072992700729927
0 0.9327956989247311 1.0465328467153285 0.0069124423963133645 0.020072992700729927
0 0.9485407066052227 1.0483576642335766 0.007680491551459293 0.016423357664233577
0 0.9535330261136713 1.0392335766423357 0.0069124423963133645 0.016423357664233577
0 0.9627496159754224 1.0419708029197081 0.01152073732718894 0.025547445255474453
0 0.9758064516129032 1.0401459854014599 0.01152073732718894 0.029197080291970802
0 0.2119815668202765 1.0337591240875912 0.007680491551459293 0.020072992700729927
