0 0.018846588767433094 1.3331476323119777 0.024500565397663022 0.06350974930362117
0 0.048812664907651716 1.4175487465181058 0.01394647568790049 0.04178272980501393
0 0.06407840180927252 1.3454038997214484 0.008669430833019224 0.026740947075208913
0 0.08198266113833397 1.3983286908077994 0.012438748586505842 0.03454038997214485
0 0.11515265736901621 1.3662952646239555 0.0079155672823219 0.027298050139275765
0 0.1269317753486619 1.3598885793871867 0.006973237843950245 0.024512534818941504
0 0.11128910667169242 1.3142061281337047 0.004711647191858273 0.015598885793871866
0 0.1683942706370147 1.3401114206128133 0.012627214474180174 0.048467966573816156
0 0.17216358839050133 1.3144846796657381 0.006973237843950245 0.022841225626740947
0 0.18102148511119487 1.3618384401114205 0.008480964945344893 0.02841225626740947
0 0.18073878627968337 1.3604456824512534 0.006784771956275914 0.024512534818941504
0 0.21221258952129665 1.2944289693593314 0.014700339238597813 0.052924791086350974
0 0.23322653599698454 1.315041782729805 0.006596306068601583 0.019498607242339833
0 0.24434602336977007 1.3272980501392757 0.0054655107425555976 0.017270194986072424
0 0.24698454579721071 1.373259052924791 0.008480964945344893 0.026740947075208913
0 0.2537693177534866 1.3612813370473538 0.005088578967206936 0.01838440111420613
0 0.25367508480964945 1.3604456824512534 0.005653976630229929 0.01894150417827298
0 0.26187335092348285 1.3690807799442897 0.006219374293252921 0.017270194986072424
0 0.2717678100263852 1.358774373259053 0.00603090840557859 0.022284122562674095
0 0.35167734640030157 1.3715877437325905 0.006407840180927252 0.02116991643454039
0 0.3589332830757633 1.354874651810585 0.005088578967206936 0.013370473537604457
0 0.3748586505842443 1.321448467966574 0.007161703731624576 0.02562674094707521
0 0.38230305314738033 1.3217270194986073 0.005842442517904259 0.01838440111420613
0 0.42866566151526575 1.3459610027855153 0.010742555597436865 0.03231197771587744
0 0.4781379570297776 1.3370473537604457 0.0158311345646438 0.057938718662952644
0 0.4689031285337354 1.3197771587743732 0.009046362608367886 0.028969359331476322
0 0.5435356200527705 1.3181058495821727 0.007538635506973238 0.026740947075208913
0 0.5645495665284583 1.3545961002785516 0.01564266867696947 0.05738161559888579
0 0.5712401055408971 1.3236768802228411 0.00603090840557859 0.020055710306406686
0 0.5989445910290238 1.3217270194986073 0.023746701846965697 0.07966573816155989
0 0.6164719185827365 1.3331476323119777 0.005277044854881266 0.020055710306406686
0 0.6418205804749341 1.3891364902506964 0.01375800980022616 0.04958217270194986
0 0.6765925367508481 1.3649025069637883 0.014323407463249152 0.053481894150417826
0 0.6954391255182812 1.3704735376044568 0.02186204297022239 0.06796657381615599
0 0.6952506596306068 1.3944289693593315 0.02148511119487373 0.0713091922005571
0 0.6938371654730494 1.328133704735376 0.013381078024877497 0.0479108635097493
0 0.7088202035431587 1.3309192200557103 0.00603090840557859 0.016713091922005572
0 0.7217301168488504 1.3467966573816157 0.013004146249528835 0.04178272980501393
0 0.7426498303807011 1.3194986072423398 0.024689031285337355 0.09192200557103064
0 0.769411986430456 1.3250696378830085 0.009234828496042216 0.0350974930362117
0 0.8038070109310215 1.3682451253481893 0.008669430833019224 0.027855153203342618
0 0.8800414624952884 1.3437325905292479 0.006219374293252921 0.024512534818941504
0 0.8970033923859781 1.4105849582172703 0.0182811911044101 0.10027855153203342
0 0.9264983038070109 1.3289693593314764 0.023369770071617037 0.06740947075208914
0 0.9353562005277045 1.35041782729805 0.013192612137203167 0.0479108635097493
0 0.9538258575197889 1.3345403899721449 0.015454202789295138 0.050696378830083565
0 0.9230116848850358 1.060724233983287 0.004711647191858273 0.016713091922005572
0 0.882114587259706 1.0740947075208913 0.005842442517904259 0.017827298050139277
0 0.8913494157557482 0.6718662952646239 0.006973237843950245 0.01894150417827298
0 0.09423294383716548 0.9935933147632312 0.008669430833019224 0.02618384401114206
0 0.11081794195250659 1.0777158774373259 0.029400678477195626 0.18997214484679667
0 0.10949868073878628 0.8142061281337047 0.024877497173011683 0.10306406685236769
0 0.12674330946098755 1.3598885793871867 0.006973237843950245 0.02562674094707521
0 0.3362231436110064 1.360724233983287 0.0079155672823219 0.02618384401114206
0 0.24792687523558235 1.2813370473537604 0.0024500565397663023 0.007799442896935933
0 0.5018846588767433 1.045125348189415 0.005653976630229929 0.022284122562674095
