0 0.004326328800988875 0.7941888619854721 0.030902348578491966 0.07263922518159806
0 0.07169344870210136 0.8256658595641646 0.029666254635352288 0.06295399515738499
0 0.11186650185414092 0.8196125907990315 0.03337453646477132 0.06537530266343826
0 0.1619283065512979 0.7966101694915254 0.03955500618046971 0.08232445520581114
0 0.01668726823238566 0.7239709443099274 0.021013597033374538 0.043583535108958835
0 0.03646477132262052 0.7191283292978208 0.023485784919653894 0.043583535108958835
0 0.07169344870210136 0.725181598062954 0.007416563658838072 0.01694915254237288
0 0.07972805933250927 0.7372881355932204 0.013597033374536464 0.0847457627118644
0 0.08590852904820766 0.7058111380145279 0.006180469715698393 0.01694915254237288
0 0.09641532756489493 0.7530266343825666 0.022249690976514216 0.053268765133171914
0 0.12237330037082818 0.7336561743341404 0.019777503090234856 0.0387409200968523
0 0.1761433868974042 0.7300242130750605 0.023485784919653894 0.04116222760290557
0 0.14400494437577255 0.6840193704600485 0.006180469715698393 0.012106537530266344
0 0.1619283065512979 0.6924939467312349 0.004944375772558714 0.009685230024213076
0 0.188504326328801 0.6888619854721549 0.006180469715698393 0.012106537530266344
0 0.05377008652657602 0.6573849878934624 0.00865265760197775 0.05084745762711865
0 0.0580964153275649 0.6585956416464891 0.009888751545117428 0.048426150121065374
0 0.06489493201483312 0.6428571428571429 0.003708281829419036 0.007263922518159807
0 0.06860321384425216 0.6537530266343826 0.00865265760197775 0.048426150121065374
0 0.07911001236093942 0.6476997578692494 0.007416563658838072 0.03631961259079903
0 0.09332509270704574 0.6513317191283293 0.00865265760197775 0.043583535108958835
0 0.1477132262051916 0.652542372881356 0.00865265760197775 0.05084745762711865
0 0.18170580964153277 0.6549636803874092 0.009888751545117428 0.04600484261501211
0 0.18541409147095178 0.6549636803874092 0.007416563658838072 0.04116222760290557
0 0.1903584672435105 0.652542372881356 0.007416563658838072 0.03631961259079903
0 0.19468479604449937 0.652542372881356 0.006180469715698393 0.03631961259079903
0 0.1983930778739184 0.6513317191283293 0.00865265760197775 0.0387409200968523
0 0.22867737948084055 0.6731234866828087 0.004944375772558714 0.009685230024213076
0 0.23547589616810877 0.6755447941888619 0.00865265760197775 0.043583535108958835
0 0.28553770086526575 0.6658595641646489 0.009888751545117428 0.053268765133171914
0 0.642150803461063 0.6791767554479419 0.006180469715698393 0.012106537530266344
0 0.6711990111248455 0.6779661016949152 0.004944375772558714 0.009685230024213076
0 0.6835599505562423 0.6731234866828087 0.004944375772558714 0.009685230024213076
0 0.6934487021013597 0.6743341404358354 0.004944375772558714 0.007263922518159807
0 0.7021013597033374 0.6731234866828087 0.004944375772558714 0.009685230024213076
0 0.23485784919653893 0.7203389830508474 0.022249690976514216 0.05084745762711865
0 0.21322620519159455 0.7699757869249395 0.023485784919653894 0.048426150121065374
0 0.23053152039555005 0.7699757869249395 0.018541409147095178 0.043583535108958835
0 0.21755253399258342 0.8462469733656174 0.04449938195302843 0.09927360774818401
0 0.21631644004944375 0.8849878934624698 0.054388133498145856 0.11380145278450363
0 0.26452410383189123 0.788135593220339 0.027194066749072928 0.06053268765133172
0 0.26328800988875156 0.8861985472154964 0.022249690976514216 0.053268765133171914
0 0.28059332509270707 0.7397094430992736 0.019777503090234856 0.04600484261501211
0 0.33065512978986406 0.7445520581113801 0.02595797280593325 0.05084745762711865
0 0.34919653893695923 0.7518159806295399 0.030902348578491966 0.06537530266343826
0 0.3541409147095179 0.8062953995157385 0.02843016069221261 0.07263922518159806
0 0.3936959208899876 0.7675544794188862 0.023485784919653894 0.06295399515738499
0 0.39555006180469715 0.7421307506053268 0.019777503090234856 0.04116222760290557
0 0.430778739184178 0.7239709443099274 0.018541409147095178 0.0387409200968523
0 0.45859085290482077 0.7336561743341404 0.022249690976514216 0.05811138014527845
0 0.45859085290482077 0.7360774818401937 0.022249690976514216 0.05811138014527845
0 0.46971569839307786 0.8196125907990315 0.019777503090234856 0.05569007263922518
0 0.4604449938195303 0.8002421307506054 0.023485784919653894 0.05569007263922518
0 0.5037082818294191 0.7772397094430993 0.02595797280593325 0.048426150121065374
0 0.5 0.738498789346247 0.018541409147095178 0.048426150121065374
0 0.5296662546353523 0.8087167070217918 0.02595797280593325 0.05811138014527845
0 0.5432632880098888 0.7481840193704601 0.023485784919653894 0.053268765133171914
0 0.5747836835599506 0.7433414043583535 0.022249690976514216 0.048426150121065374
0 0.5852904820766378 0.7651331719128329 0.021013597033374538 0.048426150121065374
0 0.6242274412855378 0.7832929782082324 0.022249690976514216 0.05569007263922518
0 0.619283065512979 0.7106537530266344 0.0173053152039555 0.04116222760290557
0 0.642150803461063 0.7300242130750605 0.016069221260815822 0.03631961259079903
0 0.6495673671199012 0.7772397094430993 0.021013597033374538 0.048426150121065374
0 0.6699629171817059 0.7602905569007264 0.027194066749072928 0.053268765133171914
0 0.6934487021013597 0.7820823244552058 0.019777503090234856 0.043583535108958835
0 0.695920889987639 0.7167070217917676 0.019777503090234856 0.043583535108958835
0 0.7119901112484549 0.7215496368038741 0.007416563658838072 0.014527845036319613
0 0.7249690976514215 0.7336561743341404 0.02595797280593325 0.053268765133171914
0 0.7737948084054388 0.7506053268765133 0.022249690976514216 0.043583535108958835
0 0.723114956736712 0.7808716707021792 0.024721878862793572 0.04600484261501211
0 0.7571075401730532 0.7820823244552058 0.02843016069221261 0.05811138014527845
0 0.7218788627935723 0.8656174334140436 0.04449938195302843 0.07990314769975787
0 0.796044499381953 0.7469733656174334 0.029666254635352288 0.05569007263922518
0 0.8164400494437577 0.7409200968523002 0.018541409147095178 0.043583535108958835
0 0.8349814585908529 0.7106537530266344 0.018541409147095178 0.04600484261501211
0 0.8621755253399258 0.7566585956416465 0.02843016069221261 0.05569007263922518
0 0.869592088998764 0.8002421307506054 0.03337453646477132 0.07021791767554479
0 0.9171817058096415 0.7336561743341404 0.0173053152039555 0.043583535108958835
0 0.9289245982694685 0.761501210653753 0.02595797280593325 0.05084745762711865
0 0.9301606922126081 0.7941888619854721 0.023485784919653894 0.048426150121065374
0 0.7750309023485785 1.24818401937046 0.04697156983930779 0.1234866828087167
0 0.9468479604449939 1.1610169491525424 0.06674907292954264 0.11864406779661017
0 0.9524103831891224 0.6670702179176755 0.003708281829419036 0.007263922518159807
0 0.7354758961681088 0.6779661016949152 0.007416563658838072 0.014527845036319613
0 0.7490729295426453 0.7203389830508474 0.007416563658838072 0.01694915254237288
0 0.7626699629171817 0.7094430992736077 0.007416563658838072 0.014527845036319613
0 0.7985166872682324 0.7021791767554479 0.007416563658838072 0.014527845036319613
