0 1.338095238095238 0.9120234604105572 0.009523809523809525 0.017595307917888565
0 0.9944444444444445 1.5425219941348973 0.03015873015873016 0.05278592375366569
0 0.8674603174603175 1.5102639296187683 0.023809523809523808 0.05865102639296188
0 0.8007936507936508 1.4824046920821115 0.026984126984126985 0.04398826979472141
0 0.6841269841269841 1.3695014662756597 0.01904761904761905 0.04105571847507331
0 0.5746031746031746 1.3577712609970674 0.01904761904761905 0.04105571847507331
0 0.9674603174603175 1.2697947214076246 0.020634920634920634 0.0469208211143695
0 0.9777777777777777 1.2346041055718475 0.01904761904761905 0.03519061583577713
0 0.6507936507936508 1.2096774193548387 0.01904761904761905 0.04398826979472141
0 0.6595238095238095 1.1788856304985338 0.01746031746031746 0.03519061583577713
0 0.776984126984127 1.1041055718475072 0.014285714285714285 0.03225806451612903
0 0.7142857142857143 1.1114369501466275 0.012698412698412698 0.02932551319648094
0 0.6880952380952381 1.0747800586510263 0.014285714285714285 0.020527859237536656
0 0.7063492063492064 1.0102639296187683 0.012698412698412698 0.026392961876832845
0 0.8603174603174604 1.063049853372434 0.012698412698412698 0.026392961876832845
0 0.8261904761904761 1.0601173020527859 0.014285714285714285 0.026392961876832845
0 0.8198412698412698 1.0542521994134897 0.014285714285714285 0.03225806451612903
0 0.7793650793650794 1.030791788856305 0.012698412698412698 0.026392961876832845
0 0.7984126984126985 1.0425219941348973 0.012698412698412698 0.026392961876832845
0 0.8103174603174603 1.0117302052785924 0.011111111111111112 0.02346041055718475
0 0.707936507936508 0.9046920821114369 0.012698412698412698 0.020527859237536656
0 0.8420634920634921 0.8826979472140762 0.007936507936507936 0.011730205278592375
0 0.7484126984126984 0.844574780058651 0.007936507936507936 0.017595307917888565
0 0.7198412698412698 0.8401759530791789 0.007936507936507936 0.01466275659824047
0 0.6682539682539682 0.8284457478005866 0.006349206349206349 0.01466275659824047
0 0.653968253968254 0.8357771260997068 0.006349206349206349 0.011730205278592375
0 0.6357142857142857 0.8401759530791789 0.007936507936507936 0.01466275659824047
0 0.6134920634920635 0.8548387096774194 0.007936507936507936 0.01466275659824047
0 0.792063492063492 0.8093841642228738 0.009523809523809525 0.017595307917888565
0 0.7595238095238095 0.8049853372434017 0.007936507936507936 0.01466275659824047
0 0.7404761904761905 0.8108504398826979 0.007936507936507936 0.01466275659824047
0 0.8 0.7697947214076246 0.006349206349206349 0.008797653958944282
0 0.7825396825396825 0.7932551319648093 0.012698412698412698 0.06158357771260997
0 0.7571428571428571 0.7712609970674487 0.006349206349206349 0.011730205278592375
0 0.7492063492063492 0.7947214076246334 0.006349206349206349 0.011730205278592375
0 0.7357142857142858 0.8269794721407625 0.01746031746031746 0.08797653958944282
0 0.7182539682539683 0.8372434017595308 0.01746031746031746 0.08504398826979472
0 0.7309523809523809 0.7727272727272727 0.004761904761904762 0.008797653958944282
0 0.6976190476190476 0.7844574780058651 0.004761904761904762 0.008797653958944282
0 0.6857142857142857 0.7683284457478006 0.006349206349206349 0.011730205278592375
0 0.6746031746031746 0.7800586510263929 0.006349206349206349 0.011730205278592375
