0 0.30584192439862545 11.511111111111111 0.024054982817869417 0.3111111111111111
0 0.7946735395189003 11.544444444444444 0.029209621993127148 0.4222222222222222
0 0.8324742268041238 11.6 0.02577319587628866 0.35555555555555557
0 0.8187285223367697 11.322222222222223 0.022336769759450172 0.3333333333333333
0 0.8951890034364262 11.477777777777778 0.020618556701030927 0.28888888888888886
0 0.9304123711340206 11.622222222222222 0.018900343642611683 0.3111111111111111
0 0.968213058419244 11.688888888888888 0.022336769759450172 0.35555555555555557
0 0.9914089347079038 11.933333333333334 0.020618556701030927 0.3111111111111111
0 1.0266323024054982 11.444444444444445 0.02577319587628866 0.35555555555555557
0 1.0670103092783505 11.422222222222222 0.020618556701030927 0.3111111111111111
0 1.0859106529209621 11.688888888888888 0.030927835051546393 0.35555555555555557
0 1.111683848797251 11.477777777777778 0.020618556701030927 0.28888888888888886
0 1.1512027491408934 11.566666666666666 0.020618556701030927 0.28888888888888886
0 1.2061855670103092 11.61111111111111 0.020618556701030927 0.37777777777777777
0 1.2835051546391754 11.233333333333333 0.020618556701030927 0.28888888888888886
