0 0.5687460216422661 0.9194214876033058 0.037555697008274984 0.13429752066115702
0 0.43634627625716105 0.6508264462809917 0.033099936346276254 0.128099173553719
0 0.2978994271164863 0.9338842975206612 0.0483768300445576 0.15289256198347106
0 0.15467854869509867 0.878099173553719 0.041374920432845325 0.128099173553719
0 0.1295353278166773 0.96849173553719 0.04392106938255888 0.18078512396694216
0 0.09007001909611713 0.9462809917355371 0.052196053469127944 0.1921487603305785
0 -0.001591343093570974 1.1022727272727273 0.08020369191597708 0.3615702479338843
0 0.28962444302991724 1.165289256198347 0.09420751113940165 0.35330578512396693
0 0.6802991725015913 1.3827479338842976 0.12316995544239338 0.4080578512396694
0 0.9045194143857416 1.3620867768595042 0.10757479312539783 0.3956611570247934
