0 0.2586158977209561 1.7405541561712847 0.04474708171206226 0.17632241813602015
0 0.36784324624791553 1.7896725440806045 0.04974986103390772 0.20235096557514692
0 0.43829905503057254 1.749790092359362 0.04613674263479711 0.17632241813602015
0 0.5090327959977765 1.63056255247691 0.04196775986659255 0.16792611251049538
0 0.581017231795442 1.714945424013434 0.039188438021122846 0.16540722082283796
0 0.6873262923846581 1.716624685138539 0.039466370205669815 0.163727959697733
0 0.014452473596442469 1.707808564231738 0.0027793218454697055 0.008396305625524769
0 0.020150083379655365 1.707808564231738 0.0025013896609227346 0.008396305625524769
0 0.164952751528627 1.698992443324937 0.003057254030016676 0.009235936188077247
0 0.15619788771539744 1.7065491183879093 0.006114508060033352 0.020990764063811923
0 0.16634241245136186 1.7187237615449202 0.005836575875486381 0.020151133501259445
0 0.4110617009449694 1.6985726280436608 0.006114508060033352 0.020151133501259445
0 0.5726792662590328 1.6049538203190596 0.0019455252918287938 0.005877413937867338
0 0.6406336853807671 1.774979009235936 0.0038910505836575876 0.01343408900083963
0 0.6492495831017232 1.7544080604534005 0.0038910505836575876 0.012594458438287154
0 0.6527237354085603 1.7317380352644836 0.004168982768204558 0.014273719563392108
0 0.6620344635908838 1.7732997481108312 0.01500833796553641 0.052057094878253565
0 0.7354085603112841 1.6397984886649875 0.006114508060033352 0.04869857262804366
0 0.7399944413563091 1.6238455079764904 0.0025013896609227346 0.008396305625524769
0 0.7484713729849917 1.626784214945424 0.0016675931072818232 0.005877413937867338
0 0.7948860478043357 1.646095717884131 0.005002779321845469 0.03442485306465155
0 0.8210116731517509 1.6234256926952142 0.0016675931072818232 0.005877413937867338
0 0.8169816564758199 1.6234256926952142 0.0019455252918287938 0.005877413937867338
0 0.8610339077265148 1.6309823677581865 0.0016675931072818232 0.0041981528127623844
0 0.8720122290161201 1.6452560873215785 0.003613118399110617 0.031066330814441646
0 0.9013340744858255 1.6343408900083962 0.0016675931072818232 0.005877413937867338
0 0.9376042245692051 1.658270361041142 0.006948304613674263 0.04534005037783375
0 0.9471928849360756 1.6624685138539044 0.006670372429127293 0.03526448362720403
0 0.8332406892718177 1.7191435768261965 0.0038910505836575876 0.0109151973131822
0 0.8550583657587548 1.6943744752308985 0.003613118399110617 0.010075566750629723
0 0.882295719844358 1.718303946263644 0.009171762090050028 0.07976490344248531
0 0.8853529738743746 1.6847187237615449 0.004168982768204558 0.012594458438287154
0 0.9730405780989438 1.6729638958858102 0.0033351862145636463 0.0109151973131822
0 0.9795719844357976 1.6717044500419815 0.003613118399110617 0.01343408900083963
0 1.0004168982768205 1.6805205709487825 0.003613118399110617 0.012594458438287154
