0 0.17456479690522245 -0.02631578947368421 0.006769825918762089 0.008567931456548347
0 0.13781431334622823 0.0 0.010638297872340425 0.014687882496940025
0 0.097678916827853 0.033659730722154224 0.013539651837524178 0.0208078335373317
0 0.029980657640232108 0.0850673194614443 0.013539651837524178 0.01835985312117503
0 0.027079303675048357 0.23194614443084455 0.013539651837524178 0.0208078335373317
0 0.0797872340425532 0.18115055079559364 0.014506769825918761 0.022031823745410038
0 0.11508704061895551 0.14504283965728273 0.013539651837524178 0.0208078335373317
0 0.17117988394584138 0.09057527539779682 0.013539651837524178 0.019583843329253364
0 0.21083172147001933 0.056303549571603426 0.015473887814313346 0.019583843329253364
0 0.26305609284332687 0.014075887392900856 0.01160541586073501 0.0208078335373317
0 0.31576402321083175 -0.04895960832313342 0.012572533849129593 0.014687882496940025
0 0.3617021276595745 -0.006731946144430845 0.007736943907156673 0.008567931456548347
0 0.31237911025145065 0.04467564259485924 0.013539651837524178 0.01835985312117503
0 0.27321083172147004 0.08812729498164015 0.014506769825918761 0.019583843329253364
0 0.23065764023210833 0.1303549571603427 0.012572533849129593 0.01835985312117503
0 0.18471953578336556 0.15789473684210525 0.013539651837524178 0.022031823745410038
0 0.11992263056092843 0.22460220318237453 0.015473887814313346 0.01591187270501836
0 0.06141199226305609 0.26805385556915545 0.014506769825918761 0.022031823745410038
0 0.010638297872340425 0.3274173806609547 0.013539651837524178 0.0208078335373317
0 0.008220502901353965 0.4204406364749082 0.012572533849129593 0.0208078335373317
0 0.058027079303675046 0.3769889840881273 0.013539651837524178 0.022031823745410038
0 0.09912959381044488 0.33598531211750304 0.014506769825918761 0.0208078335373317
0 0.14748549323017407 0.2998776009791922 0.012572533849129593 0.019583843329253364
0 0.17988394584139264 0.25397796817625456 0.013539651837524178 0.01835985312117503
0 0.2253384912959381 0.2086903304773562 0.013539651837524178 0.01835985312117503
0 0.28239845261121854 0.1481028151774786 0.015473887814313346 0.022031823745410038
0 0.34332688588007737 0.09118727050183599 0.01160541586073501 0.0208078335373317
0 0.3945841392649903 0.04834761321909425 0.013539651837524178 0.023255813953488372
0 0.4318181818181818 0.01040391676866585 0.012572533849129593 0.01835985312117503
0 0.4879110251450677 -0.03182374541003672 0.008704061895551257 0.009791921664626682
0 0.5841392649903289 -0.04222766217870257 0.009671179883945842 0.011015911872705019
0 0.5599613152804642 -0.01835985312117503 0.009671179883945842 0.012239902080783354
0 0.5222437137330754 0.017135862913096694 0.01160541586073501 0.019583843329253364
0 0.48404255319148937 0.05446756425948592 0.012572533849129593 0.0208078335373317
0 0.4511605415860735 0.08935128518971848 0.012572533849129593 0.019583843329253364
0 0.4148936170212766 0.13096695226438188 0.013539651837524178 0.022031823745410038
0 0.3757253384912959 0.16585067319461444 0.012572533849129593 0.0208078335373317
0 0.33268858800773693 0.211750305997552 0.013539651837524178 0.022031823745410038
0 0.3056092843326886 0.23990208078335373 0.013539651837524178 0.022031823745410038
0 0.26499032882011603 0.27600979192166464 0.013539651837524178 0.0208078335373317
0 0.2369439071566731 0.30599755201958384 0.013539651837524178 0.02447980416156671
0 0.19632495164410058 0.34577723378212977 0.013539651837524178 0.0208078335373317
0 0.15087040618955513 0.39718482252141984 0.013539651837524178 0.0208078335373317
0 0.10154738878143134 0.44981640146878826 0.013539651837524178 0.023255813953488372
0 0.06044487427466151 0.4975520195838433 0.012572533849129593 0.01835985312117503
0 0.019342359767891684 0.5342717258261934 0.013539651837524178 0.023255813953488372
0 0.0024177949709864605 0.6719706242350061 0.012572533849129593 0.019583843329253364
0 0.04061895551257253 0.631578947368421 0.013539651837524178 0.02447980416156671
0 0.0851063829787234 0.591187270501836 0.013539651837524178 0.022031823745410038
0 0.1281431334622824 0.5575275397796817 0.014506769825918761 0.023255813953488372
0 0.17117988394584138 0.5152998776009792 0.013539651837524178 0.019583843329253364
0 0.22147001934235977 0.4865361077111383 0.013539651837524178 0.01835985312117503
0 0.2263056092843327 0.4565483476132191 0.013539651837524178 0.022031823745410038
0 0.26305609284332687 0.41003671970624234 0.013539651837524178 0.022031823745410038
0 0.30125725338491294 0.37760097919216645 0.012572533849129593 0.0208078335373317
0 0.30319148936170215 0.4375764993880049 0.014506769825918761 0.0208078335373317
0 0.3346228239845261 0.34516523867809057 0.013539651837524178 0.02447980416156671
0 0.370889748549323 0.3023255813953488 0.012572533849129593 0.022031823745410038
0 0.40425531914893614 0.27539779681762544 0.013539651837524178 0.022031823745410038
0 0.44535783365570597 0.23011015911872704 0.012572533849129593 0.019583843329253364
0 0.488394584139265 0.19033047735618114 0.013539651837524178 0.023255813953488372
0 0.5406189555125726 0.13586291309669524 0.013539651837524178 0.022031823745410038
0 0.5759187620889749 0.0966952264381885 0.012572533849129593 0.022031823745410038
0 0.6063829787234043 0.06487148102815178 0.013539651837524178 0.019583843329253364
0 0.6155705996131529 0.023255813953488372 0.012572533849129593 0.017135862913096694
0 0.6445841392649904 0.02937576499388005 0.014506769825918761 0.019583843329253364
0 0.695357833655706 -0.022643818849449205 0.01160541586073501 0.01346389228886169
0 0.02562862669245648 0.8488372093023255 0.014506769825918761 0.023255813953488372
0 0.05657640232108317 0.8200734394124847 0.014506769825918761 0.022031823745410038
0 0.08994197292069632 0.7913096695226438 0.013539651837524178 0.0208078335373317
0 0.11702127659574468 0.7582619339045288 0.013539651837524178 0.01835985312117503
0 0.15232108317214701 0.7172582619339045 0.012572533849129593 0.022031823745410038
0 0.2016441005802708 0.6689106487148103 0.014506769825918761 0.023255813953488372
0 0.2538684719535783 0.6156670746634026 0.014506769825918761 0.022031823745410038
0 0.2867504835589942 0.5324357405140759 0.014506769825918761 0.02447980416156671
0 0.29206963249516443 0.5813953488372093 0.013539651837524178 0.019583843329253364
0 0.3491295938104449 0.5165238678090576 0.013539651837524178 0.022031823745410038
0 0.3834622823984526 0.48225214198286415 0.012572533849129593 0.022031823745410038
0 0.4134429400386847 0.44920440636474906 0.014506769825918761 0.022031823745410038
0 0.44825918762088973 0.42166462668298654 0.012572533849129593 0.0208078335373317
0 0.4700193423597679 0.3996328029375765 0.013539651837524178 0.0208078335373317
0 0.5 0.37392900856793143 0.013539651837524178 0.0208078335373317
0 0.5309477756286267 0.3378212974296206 0.013539651837524178 0.019583843329253364
0 0.5701160541586073 0.29498164014687883 0.012572533849129593 0.019583843329253364
0 0.5962282398452611 0.26499388004895963 0.014506769825918761 0.0208078335373317
0 0.6315280464216635 0.22827417380660955 0.013539651837524178 0.0208078335373317
0 0.6397485493230174 0.2778457772337821 0.014506769825918761 0.022031823745410038
0 0.6305609284332688 0.15483476132190943 0.015473887814313346 0.023255813953488372
0 0.6663442940038685 0.19277845777233782 0.013539651837524178 0.0208078335373317
0 0.695357833655706 0.15483476132190943 0.013539651837524178 0.0208078335373317
0 0.7316247582205029 0.1211750305997552 0.014506769825918761 0.019583843329253364
0 0.7669245647969052 0.0850673194614443 0.013539651837524178 0.0208078335373317
0 0.8104448742746615 0.03671970624235006 0.013539651837524178 0.022031823745410038
0 0.8331721470019342 0.014687882496940025 0.012572533849129593 0.019583843329253364
0 0.8655705996131529 -0.0073439412484700125 0.009671179883945842 0.012239902080783354
0 0.8916827852998066 -0.0397796817625459 0.009671179883945842 0.01346389228886169
0 0.9627659574468085 -0.011015911872705019 0.008704061895551257 0.012239902080783354
0 0.9144100580270793 0.02876376988984088 0.014506769825918761 0.0208078335373317
0 0.8733075435203095 0.09608323133414932 0.013539651837524178 0.0208078335373317
0 0.8259187620889749 0.1303549571603427 0.013539651837524178 0.0208078335373317
0 0.809477756286267 0.16279069767441862 0.013539651837524178 0.019583843329253364
0 0.7659574468085106 0.19583843329253367 0.013539651837524178 0.019583843329253364
0 0.7354932301740812 0.2423500611995104 0.014506769825918761 0.022031823745410038
0 0.695357833655706 0.2741738066095471 0.013539651837524178 0.019583843329253364
0 0.6740812379110251 0.30416156670746636 0.013539651837524178 0.0208078335373317
0 0.6262088974854932 0.3574051407588739 0.014506769825918761 0.019583843329253364
0 0.5609284332688588 0.41064871481028153 0.015473887814313346 0.023255813953488372
0 0.5072533849129593 0.46878824969400246 0.014506769825918761 0.019583843329253364
0 0.4932301740812379 0.5030599755201959 0.013539651837524178 0.022031823745410038
0 0.4458413926499033 0.5379436964504284 0.013539651837524178 0.0208078335373317
0 0.4090909090909091 0.5697674418604651 0.017408123791102514 0.01835985312117503
0 0.3655705996131528 0.6236230110159119 0.01160541586073501 0.0208078335373317
0 0.3254352030947776 0.6603427172582619 0.012572533849129593 0.023255813953488372
0 0.293036750483559 0.7013463892288861 0.013539651837524178 0.022031823745410038
0 0.24806576402321084 0.7472460220318238 0.014506769825918761 0.0208078335373317
0 0.2253384912959381 0.7747858017135862 0.015473887814313346 0.022031823745410038
0 0.1653771760154739 0.8298653610771114 0.013539651837524178 0.019583843329253364
0 0.12524177949709864 0.8763769889840881 0.012572533849129593 0.019583843329253364
0 0.08462282398452611 0.9033047735618115 0.014506769825918761 0.022031823745410038
0 0.19922630560928434 0.890452876376989 0.015473887814313346 0.023255813953488372
0 0.23887814313346228 0.8586291309669523 0.015473887814313346 0.023255813953488372
0 0.2727272727272727 0.8219094247246022 0.013539651837524178 0.01835985312117503
0 0.293036750483559 0.8115055079559363 0.01160541586073501 0.022031823745410038
0 0.3355899419729207 0.8531211750305998 0.015473887814313346 0.022031823745410038
0 0.34574468085106386 0.7533659730722154 0.014506769825918761 0.01835985312117503
0 0.3795938104448743 0.7178702570379437 0.014506769825918761 0.0208078335373317
0 0.3834622823984526 0.813953488372093 0.014506769825918761 0.022031823745410038
0 0.42021276595744683 0.9039167686658507 0.014506769825918761 0.023255813953488372
0 0.4511605415860735 0.8757649938800489 0.012572533849129593 0.01835985312117503
0 0.42263056092843326 0.6744186046511628 0.013539651837524178 0.022031823745410038
0 0.4395551257253385 0.7472460220318238 0.01644100580270793 0.023255813953488372
0 0.468568665377176 0.6321909424724602 0.014506769825918761 0.0208078335373317
0 0.4724371373307544 0.7086903304773562 0.014506769825918761 0.022031823745410038
0 0.5 0.5893512851897185 0.017408123791102514 0.023255813953488372
0 0.5444874274661509 0.5397796817625459 0.015473887814313346 0.022031823745410038
0 0.5851063829787234 0.503671970624235 0.015473887814313346 0.023255813953488372
0 0.6194390715667312 0.4718482252141983 0.012572533849129593 0.0208078335373317
0 0.6586073500967118 0.4357405140758874 0.013539651837524178 0.019583843329253364
0 0.6808510638297872 0.4008567931456548 0.013539651837524178 0.01591187270501836
0 0.7277562862669246 0.35862913096695226 0.014506769825918761 0.019583843329253364
0 0.77321083172147 0.30660954712362304 0.014506769825918761 0.0208078335373317
0 0.8007736943907157 0.2864137086903305 0.013539651837524178 0.019583843329253364
0 0.8326885880077369 0.24724602203182375 0.013539651837524178 0.019583843329253364
0 0.8704061895551257 0.22460220318237453 0.013539651837524178 0.01835985312117503
0 0.9163442940038685 0.16952264381884946 0.014506769825918761 0.0208078335373317
0 0.9632495164410058 0.11811505507955937 0.01160541586073501 0.0208078335373317
0 0.9903288201160542 0.08629130966952264 0.01160541586073501 0.01835985312117503
0 0.988394584139265 0.21358629130966952 0.01160541586073501 0.0208078335373317
0 0.9395551257253385 0.25703794369645044 0.012572533849129593 0.022031823745410038
0 0.8955512572533849 0.29804161566707466 0.013539651837524178 0.0208078335373317
0 0.8578336557059961 0.32864137086903306 0.013539651837524178 0.023255813953488372
0 0.8210831721470019 0.3733170134638923 0.013539651837524178 0.019583843329253364
0 0.784816247582205 0.3990208078335373 0.010638297872340425 0.014687882496940025
0 0.758220502901354 0.4375764993880049 0.015473887814313346 0.0208078335373317
0 0.7209864603481625 0.4749082007343941 0.014506769825918761 0.019583843329253364
0 0.6581237911025145 0.5416156670746634 0.014506769825918761 0.0208078335373317
0 0.6117021276595744 0.5862913096695227 0.014506769825918761 0.022031823745410038
0 0.5609284332688588 0.6370869033047736 0.013539651837524178 0.0208078335373317
0 0.5096711798839458 0.6903304773561811 0.013539651837524178 0.019583843329253364
0 0.5087040618955513 0.8151774785801713 0.013539651837524178 0.022031823745410038
0 0.5720502901353965 0.7484700122399021 0.014506769825918761 0.0208078335373317
0 0.6358800773694391 0.6799265605875153 0.012572533849129593 0.0208078335373317
0 0.6706963249516441 0.6407588739290085 0.014506769825918761 0.023255813953488372
0 0.7127659574468085 0.5930232558139535 0.013539651837524178 0.0208078335373317
0 0.7422630560928434 0.5648714810281518 0.014506769825918761 0.023255813953488372
0 0.77321083172147 0.5305997552019583 0.014506769825918761 0.0208078335373317
0 0.8065764023210832 0.49326805385556916 0.01160541586073501 0.019583843329253364
0 0.8481624758220503 0.4510403916768666 0.01160541586073501 0.01835985312117503
0 0.874274661508704 0.4179926560587515 0.015473887814313346 0.023255813953488372
0 0.9119922630560928 0.3806609547123623 0.013539651837524178 0.019583843329253364
0 0.9434235976789168 0.35006119951040393 0.014506769825918761 0.019583843329253364
0 0.9729206963249516 0.3200734394124847 0.01160541586073501 0.0208078335373317
0 0.9898452611218569 0.48164014687882495 0.012572533849129593 0.023255813953488372
0 0.9671179883945842 0.511015911872705 0.015473887814313346 0.0208078335373317
0 0.925531914893617 0.5648714810281518 0.013539651837524178 0.01835985312117503
0 0.8810444874274661 0.6028151774785802 0.013539651837524178 0.0208078335373317
0 0.8433268858800773 0.6499388004895961 0.015473887814313346 0.022031823745410038
0 0.9796905222437138 0.6223990208078335 0.013539651837524178 0.01835985312117503
0 0.8012572533849129 0.6976744186046512 0.012572533849129593 0.022031823745410038
0 0.7620889748549323 0.7380660954712362 0.013539651837524178 0.017135862913096694
0 0.7064796905222437 0.7760097919216646 0.014506769825918761 0.022031823745410038
0 0.6663442940038685 0.8280293757649939 0.015473887814313346 0.0208078335373317
0 0.632495164410058 0.8812729498164015 0.015473887814313346 0.022031823745410038
0 0.7456479690522244 0.8855569155446756 0.01160541586073501 0.0208078335373317
0 0.7969052224371374 0.8243574051407588 0.013539651837524178 0.0208078335373317
0 0.8283365570599613 0.780905752753978 0.014506769825918761 0.019583843329253364
0 0.8704061895551257 0.7478580171358629 0.013539651837524178 0.022031823745410038
0 0.8979690522243714 0.7074663402692778 0.014506769825918761 0.019583843329253364
0 0.9448742746615088 0.6487148102815178 0.015473887814313346 0.022031823745410038
0 0.9850096711798839 0.7435740514075887 0.012572533849129593 0.01835985312117503
0 0.960348162475822 0.773561811505508 0.015473887814313346 0.022031823745410038
0 0.9318181818181818 0.8041615667074663 0.014506769825918761 0.022031823745410038
0 0.9061895551257253 0.8335373317013464 0.013539651837524178 0.019583843329253364
0 0.8621856866537717 0.8861689106487148 0.012572533849129593 0.022031823745410038
0 0.8375241779497099 0.9253365973072215 0.013539651837524178 0.019583843329253364
0 0.9792069632495164 0.9149326805385557 0.014506769825918761 0.0208078335373317
