0 0.10043041606886657 2.3233532934131738 0.043041606886657105 0.20359281437125748
0 0.18579626972740315 2.2784431137724552 0.04447632711621234 0.2215568862275449
0 0.19655667144906744 2.1167664670658684 0.03156384505021521 0.17365269461077845
0 0.18077474892395984 1.5808383233532934 0.03730272596843615 0.15568862275449102
0 0.22166427546628406 1.9401197604790419 0.035868005738880916 0.15568862275449102
0 0.2783357245337159 2.161676646706587 0.03443328550932568 0.17964071856287425
0 0.24892395982783358 1.7275449101796407 0.03012912482065997 0.1497005988023952
0 0.32711621233859395 2.2634730538922154 0.040172166427546625 0.19161676646706588
0 0.30703012912482064 1.9580838323353293 0.03443328550932568 0.15568862275449102
0 0.2812051649928264 1.7275449101796407 0.03156384505021521 0.16167664670658682
0 0.3314203730272597 1.7664670658682635 0.03156384505021521 0.1317365269461078
0 0.34074605451936874 1.973053892215569 0.03012912482065997 0.1497005988023952
0 0.36872309899569583 1.9910179640718564 0.03156384505021521 0.1497005988023952
0 0.3794835007173601 2.2035928143712575 0.035868005738880916 0.17964071856287425
0 0.4031563845050215 2.2574850299401197 0.03443328550932568 0.19161676646706588
0 0.3945480631276901 1.7245508982035929 0.028694404591104734 0.15568862275449102
0 0.3680057388809182 1.7425149700598803 0.024390243902439025 0.1437125748502994
0 0.34935437589670015 1.7065868263473054 0.024390243902439025 0.11976047904191617
0 0.43256814921090386 1.7305389221556886 0.027259684361549498 0.1437125748502994
0 0.4447632711621234 1.907185628742515 0.03730272596843615 0.17365269461077845
0 0.4727403156384505 2.0149700598802394 0.04160688665710186 0.16167664670658682
0 0.4964131994261119 2.2005988023952097 0.03730272596843615 0.18562874251497005
0 0.47417503586800575 1.688622754491018 0.027259684361549498 0.1437125748502994
0 0.5043041606886657 1.7305389221556886 0.027259684361549498 0.1437125748502994
0 0.5200860832137734 2.0838323353293413 0.03012912482065997 0.16766467065868262
0 0.5100430416068866 1.904191616766467 0.03299856527977044 0.16766467065868262
0 0.5344332855093257 1.7365269461077844 0.03012912482065997 0.1437125748502994
0 0.5781922525107605 2.1407185628742513 0.040172166427546625 0.2215568862275449
0 0.5624103299856528 2.0119760479041915 0.03730272596843615 0.19161676646706588
0 0.5803443328550932 1.8712574850299402 0.03012912482065997 0.1377245508982036
0 0.6190817790530847 1.6137724550898203 0.027259684361549498 0.1377245508982036
0 0.6248206599713056 1.7005988023952097 0.027259684361549498 0.1437125748502994
0 0.6233859397417504 2.1676646706586826 0.03873744619799139 0.17964071856287425
0 0.6355810616929699 2.0479041916167664 0.03443328550932568 0.16766467065868262
0 0.6506456241032998 1.907185628742515 0.03012912482065997 0.1497005988023952
0 0.672883787661406 1.6107784431137724 0.028694404591104734 0.1437125748502994
0 0.7109038737446198 1.598802395209581 0.03299856527977044 0.1437125748502994
0 0.6958393113342898 1.8832335329341316 0.03443328550932568 0.16167664670658682
0 0.6872309899569584 2.125748502994012 0.03156384505021521 0.16766467065868262
0 0.7352941176470589 2.2095808383233533 0.035868005738880916 0.15568862275449102
0 0.742467718794835 2.0269461077844313 0.03299856527977044 0.16167664670658682
0 0.7439024390243902 1.910179640718563 0.035868005738880916 0.15568862275449102
0 0.7374461979913917 1.5 0.028694404591104734 0.1497005988023952
0 0.776183644189383 1.5538922155688624 0.03156384505021521 0.16167664670658682
0 0.7883787661406025 2.0209580838323356 0.035868005738880916 0.18562874251497005
0 0.8199426111908178 1.910179640718563 0.03012912482065997 0.15568862275449102
0 0.8414634146341463 1.5089820359281436 0.035868005738880916 0.16766467065868262
0 0.8766140602582496 1.5838323353293413 0.028694404591104734 0.1497005988023952
0 0.9347202295552367 1.5568862275449102 0.03299856527977044 0.15568862275449102
0 0.8220946915351507 2.155688622754491 0.043041606886657105 0.2155688622754491
0 0.857245337159254 2.0239520958083834 0.035868005738880916 0.16766467065868262
0 0.8651362984218077 1.874251497005988 0.03156384505021521 0.16766467065868262
0 0.9074605451936872 2.053892215568862 0.03299856527977044 0.19161676646706588
0 0.9139167862266858 1.8652694610778444 0.03156384505021521 0.16167664670658682
0 0.9748923959827833 2.12874251497006 0.035868005738880916 0.17365269461077845
0 0.966284074605452 2.0119760479041915 0.03012912482065997 0.15568862275449102
0 0.9878048780487805 1.6197604790419162 0.03299856527977044 0.18562874251497005
0 1.0588235294117647 1.847305389221557 0.040172166427546625 0.17365269461077845
