0 0.12222222222222222 0.15705128205128205 0.08641975308641975 0.1858974358974359
0 0.35432098765432096 0.2980769230769231 0.07654320987654321 0.10256410256410256
0 0.508641975308642 0.6282051282051282 0.15308641975308643 0.23076923076923078
0 0.5358024691358024 0.3060897435897436 0.07407407407407407 0.13782051282051283
0 0.9975308641975309 0.8733974358974359 0.1037037037037037 0.15064102564102563
0 0.6888888888888889 0.5576923076923077 0.05432098765432099 0.07051282051282051
0 0.7691358024691358 0.592948717948718 0.056790123456790124 0.07051282051282051
0 0.8703703703703703 0.6233974358974359 0.04691358024691358 0.0673076923076923
0 0.9395061728395062 0.8397435897435898 0.08641975308641975 0.44871794871794873
0 1.0160493827160493 0.6875 0.037037037037037035 0.05448717948717949
