0 0.97364435019691 2.6246913580246916 0.0036352620418055137 0.0345679012345679
0 0.9616782793093002 2.6382716049382715 0.004544077552256892 0.03209876543209877
0 0.9877309906089063 2.5469135802469136 0.0021205695243865495 0.01728395061728395
0 0.9728870039382006 2.5987654320987654 0.007573462587094819 0.16049382716049382
0 0.9644047258406544 2.5098765432098764 0.003332323538321721 0.027160493827160494
0 0.9494092699182066 2.525925925925926 0.0024235080278703423 0.019753086419753086
0 0.9395637685549834 2.5358024691358025 0.0021205695243865495 0.024691358024691357
0 0.897606785822478 2.6271604938271604 0.006058770069675856 0.04938271604938271
0 0.8954862162980914 2.6074074074074076 0.00545289306270827 0.044444444444444446
0 0.8916994850045441 2.537037037037037 0.0021205695243865495 0.01728395061728395
0 0.8744319903059679 2.5074074074074075 0.0021205695243865495 0.01728395061728395
0 0.8691305664950015 2.5444444444444443 0.010299909118448955 0.1259259259259259
0 0.8514086640411996 2.4876543209876543 0.0021205695243865495 0.01728395061728395
0 0.8451984247197819 2.4901234567901236 0.0024235080278703423 0.022222222222222223
0 0.8347470463495911 2.508641975308642 0.0021205695243865495 0.014814814814814815
0 0.831869130566495 2.5 0.003029385034837928 0.022222222222222223
0 0.8380793698879128 2.4876543209876543 0.0021205695243865495 0.01728395061728395
0 0.8417146319297183 2.5407407407407407 0.006361708573159649 0.10864197530864197
0 0.8174795516510148 2.5481481481481483 0.007573462587094819 0.12345679012345678
0 0.8144501666161769 2.5012345679012347 0.0021205695243865495 0.019753086419753086
0 0.7746137534080582 2.4975308641975307 0.0024235080278703423 0.01728395061728395
0 0.7700696758558013 2.4851851851851854 0.0024235080278703423 0.022222222222222223
0 0.7635564980308998 2.522222222222222 0.006361708573159649 0.1111111111111111
0 0.7609815207512874 2.4876543209876543 0.0024235080278703423 0.01728395061728395
0 0.7524992426537412 2.4839506172839507 0.0024235080278703423 0.019753086419753086
0 0.730990608906392 2.482716049382716 0.0018176310209027568 0.012345679012345678
0 0.7322023629203271 2.4802469135802467 0.0018176310209027568 0.01728395061728395
0 0.7249318388367162 2.523456790123457 0.00545289306270827 0.08888888888888889
0 0.7252347773401999 2.4728395061728397 0.0018176310209027568 0.012345679012345678
0 0.7185701302635565 2.5123456790123457 0.004847016055740685 0.09135802469135802
0 0.7161466222356861 2.4728395061728397 0.0018176310209027568 0.01728395061728395
0 0.7202362920327173 2.508641975308642 0.004544077552256892 0.08888888888888889
0 0.7085731596485914 2.471604938271605 0.0018176310209027568 0.014814814814814815
0 0.8542865798242957 2.6839506172839505 0.009088155104513784 0.09382716049382717
0 0.8314147228112693 2.674074074074074 0.011208724628900333 0.11358024691358025
0 0.7738564071493487 2.654320987654321 0.009391093607997577 0.08395061728395062
0 0.7002423508027871 2.6320987654320986 0.020296879733414118 0.16296296296296298
0 0.7063011208724629 2.630864197530864 0.012420478642835504 0.12098765432098765
0 0.739775825507422 2.669135802469136 0.00969403211148137 0.07901234567901234
0 0.7276582853680703 2.6666666666666665 0.008482278097546198 0.08395061728395062
0 0.7205392305362012 2.651851851851852 0.008785216601029992 0.07407407407407407
0 0.725083308088458 2.550617283950617 0.003332323538321721 0.02962962962962963
0 0.7219024538018782 2.611111111111111 0.007270524083611027 0.16049382716049382
0 0.7278097546198122 2.6148148148148147 0.006361708573159649 0.15308641975308643
0 0.7073614056346562 2.5271604938271603 0.0036352620418055137 0.037037037037037035
0 0.6649500151469252 2.6012345679012348 0.011511663132384126 0.10123456790123457
0 0.6584368373220236 2.685185185185185 0.009996970614965161 0.10123456790123457
0 0.6378370190851257 2.730864197530864 0.009391093607997577 0.08888888888888889
0 0.6123901847924871 2.6617283950617283 0.008785216601029992 0.09382716049382717
0 0.6189033626173887 2.6506172839506172 0.010299909118448955 0.10617283950617284
0 0.6319297182671918 2.5358024691358025 0.004241139048773099 0.02962962962962963
0 0.6192063011208725 2.5641975308641975 0.006058770069675856 0.04691358024691358
0 0.5899727355346864 2.6419753086419755 0.009996970614965161 0.1037037037037037
0 0.5913359588003635 2.6037037037037036 0.007876401090578612 0.06666666666666667
0 0.5998182368979097 2.5925925925925926 0.007270524083611027 0.05925925925925926
0 0.5970917903665556 2.549382716049383 0.00545289306270827 0.04691358024691358
0 0.5872462890033323 2.5469135802469136 0.0051499545592244775 0.05185185185185185
0 0.5717964253256589 2.6012345679012348 0.009391093607997577 0.10617283950617284
0 0.5478642835504393 2.8617283950617285 0.025749772796122387 0.2074074074074074
0 0.5534686458648894 2.588888888888889 0.00969403211148137 0.10123456790123457
0 0.5651317782490155 2.5555555555555554 0.0051499545592244775 0.044444444444444446
0 0.5680096940321114 2.533333333333333 0.004241139048773099 0.03950617283950617
0 0.5621023932141775 2.5308641975308643 0.003332323538321721 0.024691358024691357
0 0.546803998788246 2.55679012345679 0.004847016055740685 0.04691358024691358
0 0.5268100575583157 2.5530864197530865 0.00545289306270827 0.03950617283950617
0 0.5255983035443805 2.517283950617284 0.004847016055740685 0.037037037037037035
0 0.5010602847621932 2.537037037037037 0.004241139048773099 0.037037037037037035
0 0.49318388367161464 2.5246913580246915 0.004847016055740685 0.04197530864197531
0 0.4642532565889125 2.9271604938271607 0.020902756740381702 0.20493827160493827
0 0.47334141169342625 2.68641975308642 0.010602847621932747 0.09382716049382717
0 0.4274462284156316 2.77037037037037 0.015146925174189639 0.1382716049382716
0 0.4357770372614359 2.759259259259259 0.013632232656770675 0.15555555555555556
0 0.47561345046955467 2.579012345679012 0.007270524083611027 0.08148148148148149
0 0.4850045440775523 2.5530864197530865 0.004847016055740685 0.04938271604938271
0 0.47212965767949105 2.506172839506173 0.0051499545592244775 0.03950617283950617
0 0.46819145713420174 2.7333333333333334 0.014843986670705847 0.34074074074074073
0 0.4435019691002726 2.591358024691358 0.006058770069675856 0.056790123456790124
0 0.4485004544077552 2.5037037037037035 0.004544077552256892 0.044444444444444446
0 0.43471675249924263 2.551851851851852 0.004847016055740685 0.04691358024691358
0 0.41563162677976373 2.550617283950617 0.004847016055740685 0.04938271604938271
0 0.40109057861254166 2.517283950617284 0.004847016055740685 0.04691358024691358
0 0.3677673432293245 2.6901234567901233 0.012723417146319298 0.11604938271604938
0 0.37594668282338684 2.6469135802469137 0.009088155104513784 0.08888888888888889
0 0.38458043017267496 2.6703703703703705 0.008785216601029992 0.08641975308641975
0 0.3535292335655862 2.6925925925925926 0.008482278097546198 0.08641975308641975
0 0.3200545289306271 2.7074074074074073 0.012420478642835504 0.1111111111111111
0 0.35610421084519844 2.545679012345679 0.009391093607997577 0.07901234567901234
0 0.3779157830960315 2.5308641975308643 0.006361708573159649 0.04938271604938271
0 0.3485307482581036 2.508641975308642 0.006361708573159649 0.044444444444444446
0 0.3565586186004241 2.5469135802469136 0.009088155104513784 0.07160493827160494
0 0.29203271735837627 2.9296296296296296 0.00969403211148137 0.0962962962962963
0 0.31657073614056347 2.511111111111111 0.004847016055740685 0.044444444444444446
0 0.31187518933656466 2.4814814814814814 0.004544077552256892 0.044444444444444446
0 0.29990911844895485 2.5358024691358025 0.004847016055740685 0.044444444444444446
0 0.2870342320508937 2.585185185185185 0.007573462587094819 0.06419753086419754
0 0.27885489245683126 2.5814814814814815 0.007573462587094819 0.08148148148148149
0 0.13662526507119055 3.011111111111111 0.035140866404119966 0.27901234567901234
0 0.23583762496213267 2.6666666666666665 0.009996970614965161 0.10864197530864197
0 0.24356255680096942 2.6641975308641976 0.009088155104513784 0.07901234567901234
0 0.20766434413813994 2.6604938271604937 0.010602847621932747 0.10617283950617284
0 0.192971826719176 2.611111111111111 0.009088155104513784 0.07654320987654321
0 0.17873371705543775 2.585185185185185 0.01090578612541654 0.11851851851851852
0 0.1379884883368676 2.6358024691358026 0.009996970614965161 0.0962962962962963
0 0.10390790669494093 2.6160493827160494 0.012723417146319298 0.13580246913580246
0 0.0024235080278703423 2.8555555555555556 0.02605271129960618 0.2740740740740741
0 0.05846713117237201 2.669135802469136 0.016358679188124812 0.14814814814814814
0 0.04119963647379582 2.6530864197530866 0.023023326264768253 0.1654320987654321
0 0.17388670099969705 2.537037037037037 0.006664647076643442 0.06666666666666667
0 0.16086034534989396 2.5037037037037035 0.004241139048773099 0.03950617283950617
0 0.1516207209936383 2.5 0.005755831566192063 0.037037037037037035
0 0.1466222356861557 2.5246913580246915 0.00545289306270827 0.04691358024691358
0 0.13707967282641623 2.5 0.0051499545592244775 0.037037037037037035
0 0.14616782793093003 2.4987654320987653 0.004544077552256892 0.03950617283950617
0 0.05967888518630718 2.5308641975308643 0.007270524083611027 0.05925925925925926
0 0.045592244774310814 2.554320987654321 0.007573462587094819 0.06172839506172839
0 0.024235080278703424 2.562962962962963 0.004241139048773099 0.03950617283950617
0 0.031354135110572556 2.6938271604938273 0.014843986670705847 0.36049382716049383
0 0.013783701908512571 2.525925925925926 0.005755831566192063 0.044444444444444446
0 0.0025749772796122387 2.5024691358024693 0.003332323538321721 0.03209876543209877
0 0.06407149348682217 2.4864197530864196 0.006361708573159649 0.11358024691358025
0 0.0796728264162375 2.4876543209876543 0.004847016055740685 0.12098765432098765
0 0.0843683732202363 2.445679012345679 0.0021205695243865495 0.01728395061728395
0 0.08497425022720388 2.4679012345679014 0.0051499545592244775 0.0962962962962963
0 0.0880036352620418 2.4271604938271607 0.0021205695243865495 0.014814814814814815
0 0.13723114207815815 2.448148148148148 0.0024235080278703423 0.022222222222222223
0 0.12799151772190245 2.417283950617284 0.0021205695243865495 0.014814814814814815
0 0.21160254468342926 2.471604938271605 0.004544077552256892 0.03950617283950617
0 0.05074219933353529 2.419753086419753 0.0021205695243865495 0.019753086419753086
0 0.0463495910330203 2.422222222222222 0.003029385034837928 0.024691358024691357
0 0.042108451984247196 2.474074074074074 0.00545289306270827 0.13333333333333333
0 0.16282944562253862 2.4864197530864196 0.005755831566192063 0.11358024691358025
0 0.17434110875492276 2.404938271604938 0.003938200545289306 0.07407407407407407
0 0.15268100575583157 2.4790123456790125 0.00545289306270827 0.1037037037037037
0 0.1472281126931233 2.474074074074074 0.006058770069675856 0.1037037037037037
0 0.1760072705240836 2.4876543209876543 0.004241139048773099 0.037037037037037035
0 0.17994547106937292 2.474074074074074 0.0024235080278703423 0.019753086419753086
0 0.20402908209633444 2.425925925925926 0.0021205695243865495 0.01728395061728395
0 0.20917903665555893 2.428395061728395 0.004544077552256892 0.05185185185185185
0 0.21266282944562254 2.434567901234568 0.004241139048773099 0.07407407407407407
0 0.21720690699787942 2.4308641975308642 0.0036352620418055137 0.06666666666666667
0 0.8594365343835202 2.5407407407407407 0.006664647076643442 0.13333333333333333
