0 0.4106628242074928 0.3249475890985325 0.04707012487992315 0.13836477987421383
0 0.36743515850144093 0.6457023060796646 0.0393852065321806 0.09224318658280922
0 0.24447646493756003 0.6310272536687631 0.043227665706051875 0.12159329140461216
0 0.2838616714697406 0.7515723270440252 0.037463976945244955 0.09014675052410902
0 0.9870317002881844 0.1530398322851153 0.020172910662824207 0.050314465408805034
0 0.9298751200768491 0.03668763102725367 0.021133525456292025 0.05660377358490566
0 0.8823246878001921 0.0440251572327044 0.020172910662824207 0.05450733752620545
0 0.8333333333333334 0.07651991614255765 0.020172910662824207 0.05241090146750524
0 0.7891450528338136 0.06918238993710692 0.020172910662824207 0.05450733752620545
0 0.7459173871277618 0.011530398322851153 0.01825168107588857 0.0440251572327044
0 0.7478386167146974 0.11740041928721175 0.01633045148895293 0.041928721174004195
0 0.6988472622478387 0.08490566037735849 0.01633045148895293 0.05241090146750524
0 0.9514889529298751 0.1708595387840671 0.022094140249759846 0.05241090146750524
0 0.9774255523535063 0.3060796645702306 0.020172910662824207 0.06289308176100629
0 0.9548511047070125 0.2190775681341719 0.023054755043227664 0.06079664570230608
0 0.9327569644572526 0.29350104821802936 0.021133525456292025 0.06289308176100629
0 0.9457252641690682 0.370020964360587 0.022094140249759846 0.05660377358490566
0 0.8924111431316042 0.1928721174004193 0.023054755043227664 0.05870020964360587
0 0.7944284341978867 0.1540880503144654 0.021133525456292025 0.05241090146750524
0 0.8054755043227666 0.18658280922431866 0.022094140249759846 0.05450733752620545
0 0.8554274735830932 0.20230607966457023 0.020172910662824207 0.04821802935010482
0 0.8650336215177714 0.2389937106918239 0.020172910662824207 0.05450733752620545
0 0.8794428434197886 0.32914046121593293 0.024015369836695485 0.06289308176100629
0 0.9039385206532181 0.40461215932914046 0.01729106628242075 0.05450733752620545
0 0.909221902017291 0.46016771488469604 0.024015369836695485 0.0649895178197065
0 0.8683957732949087 0.4811320754716981 0.023054755043227664 0.05241090146750524
0 0.8333333333333334 0.31761006289308175 0.01825168107588857 0.05241090146750524
0 0.845821325648415 0.40985324947589097 0.020172910662824207 0.04821802935010482
0 0.7953890489913544 0.39832285115303984 0.023054755043227664 0.05870020964360587
0 0.7809798270893372 0.33962264150943394 0.023054755043227664 0.05870020964360587
0 0.8059558117195005 0.2358490566037736 0.021133525456292025 0.05241090146750524
0 0.9178674351585014 0.2222222222222222 0.022094140249759846 0.06708595387840671
0 0.8602305475504323 0.5870020964360587 0.024015369836695485 0.06708595387840671
0 0.8366954851104706 0.6551362683438156 0.024975984630163303 0.06918238993710692
0 0.9875120076849183 0.8490566037735849 0.021133525456292025 0.07127882599580712
0 0.7838616714697406 0.7589098532494759 0.026897214217098942 0.07127882599580712
0 0.7430355427473583 0.8658280922431866 0.027857829010566763 0.07547169811320754
0 0.734390009606148 0.7568134171907757 0.024015369836695485 0.06708595387840671
0 0.7824207492795389 0.6530398322851153 0.025936599423631124 0.07337526205450734
0 0.7238232468780019 0.6446540880503144 0.025936599423631124 0.06079664570230608
0 0.7108549471661864 0.559748427672956 0.024975984630163303 0.06708595387840671
0 0.7646493756003843 0.5691823899371069 0.024975984630163303 0.06079664570230608
0 0.8141210374639769 0.5555555555555556 0.024015369836695485 0.06289308176100629
0 0.7492795389048992 0.40146750524109015 0.023054755043227664 0.06079664570230608
0 0.7492795389048992 0.49266247379454925 0.021133525456292025 0.04612159329140461
0 0.7593659942363112 0.16037735849056603 0.01825168107588857 0.04821802935010482
0 0.7536023054755043 0.20335429769392033 0.020172910662824207 0.050314465408805034
0 0.7651296829971181 0.24528301886792453 0.020172910662824207 0.05450733752620545
0 0.7161383285302594 0.2610062893081761 0.024015369836695485 0.06079664570230608
0 0.7329490874159462 0.33647798742138363 0.021133525456292025 0.05241090146750524
0 0.6801152737752162 0.3218029350104822 0.026897214217098942 0.06079664570230608
0 0.6791546589817483 0.2672955974842767 0.024975984630163303 0.05241090146750524
0 0.6796349663784822 0.2169811320754717 0.022094140249759846 0.04821802935010482
0 0.6729106628242075 0.16876310272536688 0.01825168107588857 0.0440251572327044
0 0.7151777137367915 0.22012578616352202 0.020172910662824207 0.05450733752620545
0 0.712776176753122 0.16247379454926625 0.01921229586935639 0.04821802935010482
0 0.6724303554274735 0.1069182389937107 0.021133525456292025 0.050314465408805034
0 0.6724303554274735 0.02830188679245283 0.01921229586935639 0.05241090146750524
0 0.7026897214217099 0.007337526205450734 0.01633045148895293 0.0440251572327044
0 0.7800192122958693 0.0 0.01921229586935639 0.04612159329140461
0 0.8237271853986552 -0.007337526205450734 0.01633045148895293 0.03563941299790356
0 0.8549471661863592 -0.015723270440251572 0.01729106628242075 0.03563941299790356
0 0.6243996157540826 -0.023060796645702306 0.01536983669548511 0.03773584905660377
0 0.659942363112392 -0.023060796645702306 0.01536983669548511 0.033542976939203356
0 0.6296829971181557 0.041928721174004195 0.01825168107588857 0.04612159329140461
0 0.5898174831892411 0.040880503144654086 0.01729106628242075 0.0440251572327044
0 0.5946205571565802 0.11425576519916142 0.01536983669548511 0.039832285115303984
0 0.633045148895293 0.11740041928721175 0.01729106628242075 0.050314465408805034
0 0.5999039385206533 0.1928721174004193 0.01825168107588857 0.050314465408805034
0 0.5975024015369836 0.22851153039832284 0.021133525456292025 0.05450733752620545
0 0.6349663784822286 0.1750524109014675 0.01729106628242075 0.039832285115303984
0 0.46829971181556196 0.8658280922431866 0.025936599423631124 0.07547169811320754
0 0.5292987512007685 0.8721174004192872 0.02881844380403458 0.07127882599580712
0 0.5667627281460135 0.850104821802935 0.024975984630163303 0.06079664570230608
0 0.5840537944284342 0.7746331236897275 0.026897214217098942 0.0649895178197065
0 0.5677233429394812 0.6677148846960168 0.024975984630163303 0.06918238993710692
0 0.5139289145052833 0.6823899371069182 0.023054755043227664 0.06079664570230608
0 0.46733909702209414 0.7746331236897275 0.024015369836695485 0.0649895178197065
0 0.5072046109510087 0.790356394129979 0.026897214217098942 0.06708595387840671
0 0.46301633045148893 0.6698113207547169 0.024975984630163303 0.0649895178197065
0 0.553314121037464 0.5870020964360587 0.024975984630163303 0.06289308176100629
0 0.5033621517771374 0.510482180293501 0.023054755043227664 0.0649895178197065
0 0.55283381364073 0.4916142557651992 0.022094140249759846 0.06079664570230608
0 0.46349663784822287 0.5911949685534591 0.022094140249759846 0.05870020964360587
0 0.5100864553314121 0.6278825995807128 0.01729106628242075 0.04821802935010482
0 0.5393852065321806 0.4224318658280922 0.020172910662824207 0.05660377358490566
0 0.5350624399615754 0.35744234800838576 0.01921229586935639 0.05241090146750524
0 0.4678194044188281 0.42138364779874216 0.01921229586935639 0.050314465408805034
0 0.5004803073967339 0.429769392033543 0.01729106628242075 0.04612159329140461
0 0.4658981748318924 0.3637316561844864 0.01921229586935639 0.05660377358490566
0 0.48703170028818443 0.38155136268343814 0.021133525456292025 0.050314465408805034
0 0.5355427473583093 0.2746331236897275 0.020172910662824207 0.05870020964360587
0 0.45917387127761766 0.2945492662473795 0.01536983669548511 0.0440251572327044
0 0.4529298751200769 0.24528301886792453 0.01825168107588857 0.04612159329140461
0 0.4404418828049952 0.1320754716981132 0.01825168107588857 0.050314465408805034
0 0.49711815561959655 0.27358490566037735 0.020172910662824207 0.06079664570230608
0 0.5124879923150817 0.24842767295597484 0.01825168107588857 0.04821802935010482
0 0.5144092219020173 0.18238993710691823 0.020172910662824207 0.05450733752620545
0 0.46829971181556196 0.1928721174004193 0.01825168107588857 0.04612159329140461
0 0.43804034582132567 0.21069182389937108 0.01921229586935639 0.05241090146750524
0 0.4510086455331412 0.08385744234800839 0.01633045148895293 0.041928721174004195
0 0.4755043227665706 0.13417190775681342 0.01536983669548511 0.03773584905660377
0 0.5172910662824207 0.1278825995807128 0.01440922190201729 0.033542976939203356
0 0.5571565802113353 0.1331236897274633 0.01729106628242075 0.0440251572327044
0 0.037463976945244955 0.8815513626834381 0.021133525456292025 0.0649895178197065
0 0.07684918347742556 0.90041928721174 0.01921229586935639 0.05241090146750524
0 0.11191162343900096 0.90041928721174 0.022094140249759846 0.05660377358490566
0 0.1882804995196926 0.7924528301886793 0.024975984630163303 0.05870020964360587
0 0.14553314121037464 0.7966457023060797 0.020172910662824207 0.05870020964360587
0 0.10614793467819404 0.7955974842767296 0.024015369836695485 0.0649895178197065
0 0.049951969260326606 0.79979035639413 0.01921229586935639 0.05241090146750524
0 0.012968299711815562 0.80083857442348 0.024015369836695485 0.06289308176100629
0 0.022574447646493755 0.7054507337526206 0.024015369836695485 0.05660377358490566
0 0.06147934678194044 0.7180293501048218 0.021133525456292025 0.05241090146750524
0 0.11047070124879924 0.7117400419287212 0.023054755043227664 0.05660377358490566
0 0.15177713736791545 0.7253668763102725 0.021133525456292025 0.05870020964360587
0 0.18924111431316043 0.709643605870021 0.021133525456292025 0.05660377358490566
0 0.010566762728146013 0.5566037735849056 0.021133525456292025 0.05241090146750524
0 0.039865513928914506 0.6278825995807128 0.020172910662824207 0.04821802935010482
0 0.0792507204610951 0.6163522012578616 0.022094140249759846 0.06289308176100629
0 0.13112391930835735 0.6425576519916143 0.01825168107588857 0.05241090146750524
0 0.16474543707973102 0.6236897274633124 0.020172910662824207 0.05241090146750524
0 0.20413064361191163 0.6121593291404612 0.022094140249759846 0.05870020964360587
0 0.2862632084534102 0.6121593291404612 0.01729106628242075 0.050314465408805034
0 0.32468780019212296 0.590146750524109 0.023054755043227664 0.05660377358490566
0 0.052833813640730067 0.5649895178197065 0.01921229586935639 0.05241090146750524
0 0.08693563880883766 0.5660377358490566 0.01825168107588857 0.04612159329140461
0 0.1340057636887608 0.570230607966457 0.020172910662824207 0.050314465408805034
0 0.1724303554274736 0.5471698113207547 0.01825168107588857 0.050314465408805034
0 0.24351585014409222 0.5335429769392034 0.020172910662824207 0.05241090146750524
0 0.29250720461095103 0.5345911949685535 0.024015369836695485 0.05450733752620545
0 0.33525456292026895 0.5241090146750524 0.024975984630163303 0.05870020964360587
0 0.20893371757925072 0.5408805031446541 0.01825168107588857 0.050314465408805034
0 0.33861671469740634 0.46855345911949686 0.01825168107588857 0.05241090146750524
0 0.2896253602305475 0.45178197064989517 0.020172910662824207 0.04821802935010482
0 0.24879923150816521 0.46540880503144655 0.01729106628242075 0.050314465408805034
0 0.2137367915465898 0.4643605870020964 0.01825168107588857 0.05241090146750524
0 0.17146974063400577 0.46226415094339623 0.01633045148895293 0.04821802935010482
0 0.12584053794428435 0.4811320754716981 0.01536983669548511 0.04821802935010482
0 0.06147934678194044 0.4916142557651992 0.01729106628242075 0.04821802935010482
0 0.08741594620557157 0.5020964360587002 0.01729106628242075 0.04821802935010482
0 0.022574447646493755 0.4968553459119497 0.01825168107588857 0.050314465408805034
0 0.07780979827089338 0.4129979035639413 0.021133525456292025 0.050314465408805034
0 0.1186359269932757 0.3469601677148847 0.01825168107588857 0.05241090146750524
0 0.1138328530259366 0.42348008385744235 0.020172910662824207 0.041928721174004195
0 0.17531219980787704 0.39308176100628933 0.01825168107588857 0.04821802935010482
0 0.14793467819404418 0.42033542976939203 0.01729106628242075 0.03563941299790356
0 0.16234390009606148 0.3417190775681342 0.01729106628242075 0.04612159329140461
0 0.17675312199807877 0.3018867924528302 0.01921229586935639 0.050314465408805034
0 0.19692603266090297 0.3417190775681342 0.01921229586935639 0.04612159329140461
0 0.21805955811719502 0.3941299790356394 0.01921229586935639 0.050314465408805034
0 0.2665706051873199 0.3941299790356394 0.020172910662824207 0.050314465408805034
0 0.30067243035542746 0.37945492662473795 0.01921229586935639 0.05870020964360587
0 0.23198847262247838 0.33228511530398325 0.020172910662824207 0.05660377358490566
0 0.23823246878001922 0.27358490566037735 0.021133525456292025 0.0440251572327044
0 0.2656099903938521 0.3218029350104822 0.022094140249759846 0.06079664570230608
0 0.010086455331412104 0.33228511530398325 0.01825168107588857 0.04821802935010482
0 0.18155619596541786 0.23165618448637318 0.023054755043227664 0.04821802935010482
0 0.38904899135446686 0.149895178197065 0.01921229586935639 0.05241090146750524
0 0.633525456292027 0.2641509433962264 0.05859750240153699 0.14255765199161424
0 0.20509125840537945 0.2945492662473795 0.01825168107588857 0.0440251572327044
0 0.15369836695485112 0.5817610062893082 0.040345821325648415 0.20335429769392033
0 0.8078770413064361 0.49266247379454925 0.01921229586935639 0.04612159329140461
