0 0.04969262295081967 -0.029614325068870524 0.0235655737704918 0.03168044077134986
0 -0.003586065573770492 0.024793388429752067 0.017418032786885244 0.024793388429752067
0 0.07274590163934426 0.022727272727272728 0.02459016393442623 0.03994490358126722
0 0.11321721311475409 0.007575757575757576 0.025614754098360656 0.0371900826446281
0 0.0430327868852459 0.09228650137741047 0.028688524590163935 0.0440771349862259
0 0.11475409836065574 0.0674931129476584 0.02459016393442623 0.04132231404958678
0 0.030225409836065573 0.14807162534435261 0.027663934426229508 0.048209366391184574
0 0.007684426229508197 0.1790633608815427 0.0235655737704918 0.0440771349862259
0 0.06813524590163934 0.1618457300275482 0.027663934426229508 0.05096418732782369
0 0.0860655737704918 0.1453168044077135 0.022540983606557378 0.05371900826446281
0 0.056864754098360656 0.18457300275482094 0.02971311475409836 0.0440771349862259
0 0.0430327868852459 0.22107438016528927 0.02459016393442623 0.03994490358126722
0 0.10604508196721311 0.21143250688705234 0.025614754098360656 0.04269972451790634
0 0.14754098360655737 0.05440771349862259 0.020491803278688523 0.03994490358126722
0 0.1757172131147541 -0.07162534435261708 0.0194672131147541 0.024793388429752067
0 0.20133196721311475 0.06887052341597796 0.025614754098360656 0.04132231404958678
0 0.1869877049180328 0.09710743801652892 0.025614754098360656 0.03443526170798898
0 0.14754098360655737 0.16666666666666666 0.028688524590163935 0.046831955922865015
0 0.13524590163934427 0.22520661157024793 0.02459016393442623 0.04269972451790634
0 0.15881147540983606 0.21694214876033058 0.030737704918032786 0.05371900826446281
0 0.1721311475409836 0.1859504132231405 0.028688524590163935 0.046831955922865015
0 0.1885245901639344 0.21763085399449036 0.02459016393442623 0.049586776859504134
0 0.19262295081967212 0.1522038567493113 0.028688524590163935 0.045454545454545456
0 0.2146516393442623 0.11707988980716254 0.02971311475409836 0.046831955922865015
0 0.2151639344262295 0.08402203856749312 0.02663934426229508 0.04132231404958678
0 0.22797131147540983 0.0440771349862259 0.031762295081967214 0.0440771349862259
0 0.2489754098360656 0.02066115702479339 0.02663934426229508 0.03856749311294766
0 0.27561475409836067 0.028925619834710745 0.02663934426229508 0.049586776859504134
0 0.3048155737704918 0.0943526170798898 0.02971311475409836 0.048209366391184574
0 0.24795081967213115 0.1962809917355372 0.030737704918032786 0.04269972451790634
0 0.21618852459016394 0.20454545454545456 0.028688524590163935 0.045454545454545456
0 0.27100409836065575 0.16735537190082644 0.02971311475409836 0.048209366391184574
0 0.29508196721311475 0.18112947658402204 0.028688524590163935 0.05096418732782369
0 0.27561475409836067 0.03236914600550964 0.02459016393442623 0.045454545454545456
0 0.305327868852459 0.0943526170798898 0.028688524590163935 0.05096418732782369
0 0.3078893442622951 0.14600550964187328 0.0235655737704918 0.04132231404958678
0 0.32223360655737704 0.18526170798898073 0.027663934426229508 0.04269972451790634
0 0.3350409836065574 0.0013774104683195593 0.02459016393442623 0.03305785123966942
0 0.3427254098360656 0.11019283746556474 0.02971311475409836 0.046831955922865015
0 0.36116803278688525 0.006198347107438017 0.027663934426229508 0.03443526170798898
0 0.41700819672131145 -0.023415977961432508 0.02459016393442623 0.03581267217630854
0 0.38473360655737704 0.08953168044077135 0.02971311475409836 0.049586776859504134
0 0.3734631147540984 0.15977961432506887 0.02971311475409836 0.0440771349862259
0 0.34938524590163933 0.22933884297520662 0.028688524590163935 0.048209366391184574
0 0.3796106557377049 0.19008264462809918 0.027663934426229508 0.049586776859504134
0 0.4031762295081967 0.128099173553719 0.027663934426229508 0.0440771349862259
0 0.4103483606557377 0.2059228650137741 0.025614754098360656 0.045454545454545456
0 0.4375 0.21349862258953167 0.02663934426229508 0.046831955922865015
0 0.4287909836065574 0.16391184573002754 0.025614754098360656 0.0440771349862259
0 0.4262295081967213 0.07782369146005509 0.028688524590163935 0.045454545454545456
0 0.44364754098360654 0.03443526170798898 0.03278688524590164 0.046831955922865015
0 0.43135245901639346 0.11570247933884298 0.02663934426229508 0.03856749311294766
0 0.45440573770491804 0.11983471074380166 0.0235655737704918 0.03856749311294766
0 0.4600409836065574 0.15358126721763085 0.028688524590163935 0.045454545454545456
0 0.4692622950819672 0.16735537190082644 0.022540983606557378 0.04269972451790634
0 0.48719262295081966 0.1763085399449036 0.027663934426229508 0.05234159779614325
0 0.4994877049180328 0.2265840220385675 0.027663934426229508 0.05096418732782369
0 0.5030737704918032 0.1763085399449036 0.022540983606557378 0.04132231404958678
0 0.5215163934426229 0.17424242424242425 0.028688524590163935 0.05096418732782369
0 0.5189549180327869 -0.02066115702479339 0.025614754098360656 0.03581267217630854
0 0.5563524590163934 -0.030991735537190084 0.02459016393442623 0.0371900826446281
0 0.5578893442622951 0.03512396694214876 0.025614754098360656 0.04269972451790634
0 0.5440573770491803 0.11570247933884298 0.02459016393442623 0.04132231404958678
0 0.5517418032786885 0.1494490358126722 0.027663934426229508 0.045454545454545456
0 0.5466188524590164 0.174931129476584 0.02971311475409836 0.04132231404958678
0 0.586577868852459 0.17079889807162535 0.027663934426229508 0.0440771349862259
0 0.5532786885245902 0.22245179063360881 0.028688524590163935 0.05096418732782369
0 0.5840163934426229 0.03443526170798898 0.030737704918032786 0.046831955922865015
0 0.5896516393442623 0.08677685950413223 0.02971311475409836 0.049586776859504134
0 0.6086065573770492 0.10399449035812672 0.02459016393442623 0.03994490358126722
0 0.6342213114754098 -0.03856749311294766 0.018442622950819672 0.027548209366391185
0 0.6342213114754098 0.048898071625344354 0.02663934426229508 0.04269972451790634
0 0.6813524590163934 0.04338842975206612 0.028688524590163935 0.04269972451790634
0 0.6142418032786885 0.14256198347107438 0.025614754098360656 0.04269972451790634
0 0.6582991803278688 0.11707988980716254 0.02971311475409836 0.046831955922865015
0 0.6777663934426229 0.11914600550964187 0.0235655737704918 0.0371900826446281
0 0.7202868852459017 0.10261707988980716 0.028688524590163935 0.05371900826446281
0 0.6065573770491803 0.21349862258953167 0.02663934426229508 0.0440771349862259
0 0.6352459016393442 0.2334710743801653 0.02663934426229508 0.045454545454545456
0 0.6337090163934426 0.19834710743801653 0.027663934426229508 0.0440771349862259
0 0.6977459016393442 0.24724517906336088 0.02663934426229508 0.0371900826446281
0 0.6849385245901639 0.1721763085399449 0.02971311475409836 0.046831955922865015
0 0.7008196721311475 0.16735537190082644 0.022540983606557378 0.03994490358126722
0 0.7254098360655737 0.1887052341597796 0.028688524590163935 0.046831955922865015
0 0.7438524590163934 0.14049586776859505 0.02459016393442623 0.0440771349862259
0 0.7592213114754098 0.05716253443526171 0.028688524590163935 0.048209366391184574
0 0.7628073770491803 0.16046831955922866 0.025614754098360656 0.05096418732782369
0 0.7510245901639344 0.25826446280991733 0.028688524590163935 0.05096418732782369
0 0.7592213114754098 0.23140495867768596 0.028688524590163935 0.0440771349862259
0 0.7786885245901639 0.2837465564738292 0.028688524590163935 0.03856749311294766
0 0.8099385245901639 0.2865013774104683 0.027663934426229508 0.04132231404958678
0 0.8104508196721312 0.1652892561983471 0.028688524590163935 0.04132231404958678
0 0.8058401639344263 0.20867768595041322 0.031762295081967214 0.048209366391184574
0 0.7940573770491803 0.15977961432506887 0.02663934426229508 0.0440771349862259
0 0.8099385245901639 0.05027548209366391 0.02151639344262295 0.0371900826446281
0 0.8263319672131147 0.05440771349862259 0.02971311475409836 0.03994490358126722
0 0.8242827868852459 0.12396694214876033 0.027663934426229508 0.03856749311294766
0 0.8560450819672131 0.2975206611570248 0.02971311475409836 0.046831955922865015
0 0.8683401639344263 0.21487603305785125 0.027663934426229508 0.0440771349862259
0 0.858094262295082 0.19490358126721763 0.031762295081967214 0.05096418732782369
0 0.8703893442622951 0.18319559228650137 0.0235655737704918 0.04132231404958678
0 0.8719262295081968 0.01997245179063361 0.03278688524590164 0.045454545454545456
0 0.8601434426229508 0.05027548209366391 0.03381147540983607 0.05096418732782369
0 0.8913934426229508 0.08195592286501377 0.02459016393442623 0.03994490358126722
0 0.8785860655737705 0.1590909090909091 0.027663934426229508 0.04269972451790634
0 0.891905737704918 0.1522038567493113 0.025614754098360656 0.04269972451790634
0 0.9200819672131147 0.3236914600550964 0.03278688524590164 0.05509641873278237
0 0.9272540983606558 0.2644628099173554 0.03278688524590164 0.05785123966942149
0 0.9651639344262295 0.17768595041322313 0.036885245901639344 0.0440771349862259
0 0.9026639344262295 0.22451790633608815 0.03278688524590164 0.049586776859504134
0 0.944672131147541 0.17768595041322313 0.030737704918032786 0.05234159779614325
0 0.9246926229508197 0.21763085399449036 0.02971311475409836 0.04132231404958678
0 0.9216188524590164 0.13085399449035812 0.03381147540983607 0.05234159779614325
0 0.9574795081967213 0.09504132231404959 0.03381147540983607 0.046831955922865015
0 0.9410860655737705 0.02066115702479339 0.03381147540983607 0.0440771349862259
0 0.021004098360655737 0.3712121212121212 0.031762295081967214 0.04269972451790634
0 0.03432377049180328 0.39944903581267216 0.035860655737704916 0.046831955922865015
0 0.018442622950819672 0.424931129476584 0.03278688524590164 0.05096418732782369
0 0.02459016393442623 0.49793388429752067 0.030737704918032786 0.05096418732782369
0 0.012807377049180328 0.5068870523415978 0.027663934426229508 0.0440771349862259
0 0.018442622950819672 0.5433884297520661 0.030737704918032786 0.05922865013774105
0 0.0548155737704918 0.5544077134986226 0.031762295081967214 0.048209366391184574
0 0.0625 0.621900826446281 0.03483606557377049 0.05647382920110193
0 0.04047131147540984 0.7486225895316805 0.035860655737704916 0.05647382920110193
0 0.11372950819672131 0.7610192837465565 0.030737704918032786 0.05371900826446281
0 0.09631147540983606 0.6666666666666666 0.03278688524590164 0.05509641873278237
0 0.0630122950819672 0.6239669421487604 0.02971311475409836 0.05509641873278237
0 0.0778688524590164 0.4524793388429752 0.02459016393442623 0.03443526170798898
0 0.08760245901639344 0.49793388429752067 0.03381147540983607 0.05096418732782369
0 0.0701844262295082 0.4297520661157025 0.03381147540983607 0.046831955922865015
0 0.12038934426229508 0.6122589531680441 0.035860655737704916 0.05922865013774105
0 0.13165983606557377 0.5619834710743802 0.039959016393442626 0.05234159779614325
0 0.15471311475409835 0.4738292011019284 0.03278688524590164 0.0440771349862259
0 0.14702868852459017 0.4476584022038568 0.025614754098360656 0.04132231404958678
0 0.16342213114754098 0.45385674931129477 0.02971311475409836 0.05371900826446281
0 0.19313524590163936 0.4283746556473829 0.031762295081967214 0.046831955922865015
0 0.19774590163934427 0.5612947658402204 0.03483606557377049 0.05096418732782369
0 0.20799180327868852 0.5420110192837465 0.03278688524590164 0.05371900826446281
0 0.27510245901639346 0.6604683195592287 0.035860655737704916 0.05647382920110193
0 0.2540983606557377 0.5550964187327824 0.03483606557377049 0.05785123966942149
0 0.28790983606557374 0.5619834710743802 0.030737704918032786 0.05234159779614325
0 0.23104508196721313 0.49173553719008267 0.035860655737704916 0.06060606060606061
0 0.2459016393442623 0.4318181818181818 0.02663934426229508 0.03443526170798898
0 0.3324795081967213 0.47796143250688705 0.03381147540983607 0.049586776859504134
0 0.3427254098360656 0.512396694214876 0.031762295081967214 0.0440771349862259
0 0.36885245901639346 0.5957300275482094 0.03483606557377049 0.045454545454545456
0 0.35809426229508196 0.6570247933884298 0.035860655737704916 0.04132231404958678
0 0.4180327868852459 0.7155647382920111 0.03483606557377049 0.04269972451790634
0 0.47489754098360654 0.7479338842975206 0.03381147540983607 0.05234159779614325
0 0.4636270491803279 0.681129476584022 0.0235655737704918 0.045454545454545456
0 0.4682377049180328 0.6466942148760331 0.030737704918032786 0.048209366391184574
0 0.48975409836065575 0.6246556473829201 0.036885245901639344 0.05371900826446281
0 0.5394467213114754 0.5922865013774105 0.03381147540983607 0.05509641873278237
0 0.5835040983606558 0.6990358126721763 0.031762295081967214 0.04269972451790634
0 0.5881147540983607 0.737603305785124 0.03483606557377049 0.05647382920110193
0 0.39344262295081966 0.45041322314049587 0.03278688524590164 0.03856749311294766
0 0.38524590163934425 0.4972451790633609 0.02459016393442623 0.0440771349862259
0 0.4021516393442623 0.5289256198347108 0.027663934426229508 0.046831955922865015
0 0.3519467213114754 0.4621212121212121 0.03381147540983607 0.05371900826446281
0 0.461577868852459 0.3987603305785124 0.02971311475409836 0.04269972451790634
0 0.5568647540983607 0.3760330578512397 0.031762295081967214 0.05509641873278237
0 0.5102459016393442 0.4049586776859504 0.028688524590163935 0.04132231404958678
0 0.4323770491803279 0.4786501377410468 0.030737704918032786 0.05371900826446281
0 0.45338114754098363 0.512396694214876 0.031762295081967214 0.046831955922865015
0 0.4974385245901639 0.49173553719008267 0.03381147540983607 0.046831955922865015
0 0.5081967213114754 0.44421487603305787 0.030737704918032786 0.04269972451790634
0 0.5276639344262295 0.46763085399449034 0.028688524590163935 0.04269972451790634
0 0.5153688524590164 0.5206611570247934 0.03278688524590164 0.04132231404958678
0 0.5302254098360656 0.5296143250688705 0.025614754098360656 0.03994490358126722
0 0.4723360655737705 0.5420110192837465 0.028688524590163935 0.05096418732782369
0 0.48258196721311475 0.5426997245179064 0.02663934426229508 0.046831955922865015
0 0.579405737704918 0.5041322314049587 0.027663934426229508 0.03581267217630854
0 0.5993852459016393 0.48829201101928377 0.030737704918032786 0.045454545454545456
0 0.6039959016393442 0.5399449035812672 0.03381147540983607 0.05509641873278237
0 0.6444672131147541 0.6143250688705234 0.030737704918032786 0.046831955922865015
0 0.6649590163934426 0.6680440771349863 0.0389344262295082 0.05509641873278237
0 0.725922131147541 0.7272727272727273 0.03381147540983607 0.06611570247933884
0 0.7832991803278688 0.7265840220385675 0.02971311475409836 0.06198347107438017
0 0.9503073770491803 0.7541322314049587 0.03381147540983607 0.05647382920110193
0 0.8970286885245902 0.7568870523415978 0.035860655737704916 0.05371900826446281
0 0.9405737704918032 0.7114325068870524 0.028688524590163935 0.045454545454545456
0 0.8709016393442623 0.650137741046832 0.03278688524590164 0.049586776859504134
0 0.6757172131147541 0.5736914600550964 0.02971311475409836 0.05096418732782369
0 0.7151639344262295 0.5695592286501377 0.03483606557377049 0.048209366391184574
0 0.7274590163934426 0.5633608815426997 0.028688524590163935 0.05785123966942149
0 0.6572745901639344 0.5075757575757576 0.03381147540983607 0.05371900826446281
0 0.6931352459016393 0.45454545454545453 0.027663934426229508 0.049586776859504134
0 0.7622950819672131 0.4641873278236915 0.030737704918032786 0.046831955922865015
0 0.725922131147541 0.49104683195592286 0.039959016393442626 0.05371900826446281
0 0.75 0.5227272727272727 0.028688524590163935 0.04269972451790634
0 0.7914959016393442 0.5392561983471075 0.031762295081967214 0.045454545454545456
0 0.9272540983606558 0.6170798898071626 0.03483606557377049 0.05234159779614325
0 0.9677254098360656 0.5578512396694215 0.03381147540983607 0.05509641873278237
0 0.8452868852459017 0.6163911845730028 0.03278688524590164 0.048209366391184574
0 0.858094262295082 0.5984848484848485 0.027663934426229508 0.05096418732782369
0 0.8191598360655737 0.5158402203856749 0.035860655737704916 0.05371900826446281
0 0.8155737704918032 0.453168044077135 0.030737704918032786 0.0440771349862259
0 0.8560450819672131 0.4497245179063361 0.031762295081967214 0.045454545454545456
0 0.8560450819672131 0.5048209366391184 0.031762295081967214 0.048209366391184574
0 0.9001024590163934 0.5351239669421488 0.03381147540983607 0.045454545454545456
0 0.8867827868852459 0.5048209366391184 0.031762295081967214 0.03994490358126722
0 0.954405737704918 0.5296143250688705 0.03381147540983607 0.045454545454545456
0 0.9262295081967213 0.48829201101928377 0.03278688524590164 0.03994490358126722
0 0.9246926229508197 0.53099173553719 0.02151639344262295 0.028925619834710745
0 0.6577868852459017 0.5006887052341598 0.03483606557377049 0.05096418732782369
0 0.48924180327868855 0.4524793388429752 0.02151639344262295 0.03443526170798898
0 0.6270491803278688 0.44214876033057854 0.028688524590163935 0.046831955922865015
