0 0.004377431906614786 1.8371647509578544 0.014591439688715954 0.08812260536398467
0 0.048638132295719845 1.7681992337164751 0.01556420233463035 0.09578544061302682
0 0.05398832684824903 1.7528735632183907 0.0048638132295719845 0.019157088122605363
0 0.058365758754863814 1.7950191570881227 0.007782101167315175 0.07279693486590039
0 0.06712062256809338 1.7432950191570882 0.005836575875486381 0.022988505747126436
0 0.07101167315175097 1.6973180076628354 0.0038910505836575876 0.01532567049808429
0 0.08560311284046693 1.7164750957854407 0.0038910505836575876 0.01532567049808429
0 0.06906614785992218 1.814176245210728 0.0038910505836575876 0.019157088122605363
0 0.07490272373540856 1.78544061302682 0.005836575875486381 0.022988505747126436
0 0.08463035019455253 1.8582375478927202 0.005836575875486381 0.022988505747126436
0 0.0967898832684825 1.8639846743295019 0.0048638132295719845 0.019157088122605363
0 0.11186770428015565 1.871647509578544 0.005836575875486381 0.019157088122605363
0 0.11673151750972763 1.8199233716475096 0.0038910505836575876 0.01532567049808429
0 0.1240272373540856 1.814176245210728 0.0048638132295719845 0.019157088122605363
0 0.1259727626459144 1.8601532567049808 0.0048638132295719845 0.019157088122605363
0 0.13326848249027237 1.7777777777777777 0.0038910505836575876 0.01532567049808429
0 0.11867704280155641 1.739463601532567 0.0038910505836575876 0.01532567049808429
0 0.10408560311284047 1.7624521072796935 0.0038910505836575876 0.01532567049808429
0 0.14396887159533073 1.7490421455938698 0.0038910505836575876 0.019157088122605363
0 0.14348249027237353 1.7835249042145593 0.0048638132295719845 0.019157088122605363
0 0.15418287937743191 1.764367816091954 0.0048638132295719845 0.019157088122605363
0 0.1580739299610895 1.760536398467433 0.0048638132295719845 0.019157088122605363
0 0.1609922178988327 1.7318007662835249 0.0029182879377431907 0.01532567049808429
0 0.1619649805447471 1.764367816091954 0.0048638132295719845 0.019157088122605363
0 0.1575875486381323 1.7950191570881227 0.0038910505836575876 0.019157088122605363
0 0.1566147859922179 1.814176245210728 0.0038910505836575876 0.011494252873563218
0 0.1507782101167315 1.842911877394636 0.0038910505836575876 0.01532567049808429
0 0.16634241245136186 1.7777777777777777 0.0038910505836575876 0.01532567049808429
0 0.16828793774319067 1.7528735632183907 0.0038910505836575876 0.019157088122605363
0 0.17752918287937744 1.7873563218390804 0.0048638132295719845 0.019157088122605363
0 0.17607003891050585 1.7528735632183907 0.0038910505836575876 0.019157088122605363
0 0.1823929961089494 1.735632183908046 0.0048638132295719845 0.01532567049808429
0 0.1916342412451362 1.7298850574712643 0.0038910505836575876 0.011494252873563218
0 0.188715953307393 1.7088122605363985 0.0038910505836575876 0.01532567049808429
0 0.188715953307393 1.706896551724138 0.0038910505836575876 0.019157088122605363
0 0.1930933852140078 1.6781609195402298 0.0029182879377431907 0.01532567049808429
0 0.17461089494163423 1.7509578544061302 0.008754863813229572 0.0842911877394636
0 0.16828793774319067 1.7471264367816093 0.007782101167315175 0.09195402298850575
0 0.17266536964980544 1.6973180076628354 0.0048638132295719845 0.01532567049808429
0 0.11186770428015565 2.128352490421456 0.005836575875486381 0.02681992337164751
0 0.12354085603112841 2.0383141762452106 0.005836575875486381 0.022988505747126436
0 0.16001945525291827 2.2413793103448274 0.006809338521400778 0.03065134099616858
0 0.1892023346303502 2.2164750957854404 0.006809338521400778 0.02681992337164751
0 0.23200389105058367 2.2777777777777777 0.006809338521400778 0.034482758620689655
0 0.2227626459143969 2.2049808429118776 0.005836575875486381 0.02681992337164751
0 0.2140077821011673 2.1302681992337167 0.005836575875486381 0.022988505747126436
0 0.22811284046692606 2.136015325670498 0.006809338521400778 0.02681992337164751
0 0.23784046692607003 2.1340996168582373 0.0048638132295719845 0.022988505747126436
0 0.2446498054474708 2.1436781609195403 0.0048638132295719845 0.019157088122605363
0 0.25437743190661477 2.1264367816091956 0.0048638132295719845 0.022988505747126436
0 0.2714007782101167 2.1340996168582373 0.005836575875486381 0.022988505747126436
0 0.2801556420233463 2.124521072796935 0.005836575875486381 0.019157088122605363
0 0.2135214007782101 1.5766283524904214 0.0029182879377431907 0.011494252873563218
0 0.2232490272373541 1.5574712643678161 0.0029182879377431907 0.011494252873563218
0 0.25437743190661477 1.6264367816091954 0.0048638132295719845 0.019157088122605363
0 0.26459143968871596 1.6206896551724137 0.0038910505836575876 0.01532567049808429
0 0.2538910505836576 1.5555555555555556 0.0038910505836575876 0.01532567049808429
0 0.259727626459144 1.5134099616858236 0.0038910505836575876 0.01532567049808429
0 0.48151750972762647 2.028735632183908 0.005836575875486381 0.02681992337164751
0 0.4917315175097276 1.9942528735632183 0.006809338521400778 0.02681992337164751
0 0.502431906614786 2.3409961685823757 0.006809338521400778 0.03065134099616858
0 0.5350194552529183 2.4693486590038316 0.009727626459143969 0.0421455938697318
0 0.5515564202334631 2.3850574712643677 0.007782101167315175 0.034482758620689655
0 0.5311284046692607 2.264367816091954 0.005836575875486381 0.03065134099616858
0 0.7402723735408561 2.003831417624521 0.011673151750972763 0.13026819923371646
0 0.7728599221789884 2.1302681992337167 0.006809338521400778 0.03065134099616858
0 0.7782101167315175 2.1398467432950192 0.007782101167315175 0.02681992337164751
0 0.8501945525291829 2.4444444444444446 0.009727626459143969 0.038314176245210725
0 0.8560311284046692 2.3735632183908044 0.007782101167315175 0.034482758620689655
0 0.9523346303501945 2.442528735632184 0.009727626459143969 0.0421455938697318
0 0.9056420233463035 2.1877394636015324 0.007782101167315175 0.03065134099616858
0 0.9027237354085603 2.1685823754789273 0.007782101167315175 0.03065134099616858
0 0.8623540856031129 2.074712643678161 0.006809338521400778 0.02681992337164751
0 0.9537937743190662 1.9597701149425288 0.006809338521400778 0.02681992337164751
0 0.9878404669260701 1.8620689655172413 0.0048638132295719845 0.022988505747126436
0 0.97568093385214 1.8524904214559388 0.0038910505836575876 0.019157088122605363
0 0.9105058365758755 1.8544061302681993 0.005836575875486381 0.022988505747126436
0 0.9027237354085603 1.8773946360153257 0.005836575875486381 0.022988505747126436
0 0.8925097276264592 1.8524904214559388 0.0048638132295719845 0.019157088122605363
0 0.8633268482490273 1.8314176245210727 0.0048638132295719845 0.022988505747126436
0 0.8477626459143969 1.8352490421455938 0.0048638132295719845 0.01532567049808429
0 0.8103112840466926 1.8352490421455938 0.0038910505836575876 0.022988505747126436
0 0.813715953307393 1.6973180076628354 0.0048638132295719845 0.01532567049808429
0 0.8268482490272373 1.7049808429118773 0.0038910505836575876 0.01532567049808429
0 0.8390077821011673 1.660919540229885 0.0048638132295719845 0.019157088122605363
0 0.8326848249027238 1.6398467432950192 0.0038910505836575876 0.01532567049808429
