0 0.5374365482233503 0.5788643533123028 0.05710659898477157 0.15457413249211358
0 0.6072335025380711 0.613564668769716 0.05710659898477157 0.14826498422712933
0 0.04060913705583756 0.6766561514195584 0.04314720812182741 0.12302839116719243
0 0.1884517766497462 0.7902208201892744 0.04187817258883249 0.1167192429022082
0 0.8464467005076142 0.9589905362776026 0.03553299492385787 0.08832807570977919
0 0.8940355329949239 0.9006309148264984 0.02918781725888325 0.10410094637223975
0 0.8109137055837563 0.07097791798107256 0.030456852791878174 0.07886435331230283
0 0.8730964467005076 0.13564668769716087 0.030456852791878174 0.0946372239747634
0 0.9092639593908629 0.16246056782334384 0.021573604060913704 0.05993690851735016
0 0.950507614213198 0.14668769716088328 0.02284263959390863 0.06624605678233439
