0 0.0262891809908999 0.6857541899441341 0.022244691607684528 0.06424581005586592
0 0.13700707785642063 0.6955307262569832 0.021233569261880688 0.061452513966480445
0 0.20424671385237614 0.6871508379888268 0.0262891809908999 0.07262569832402235
0 0.2613751263902932 0.6899441340782123 0.025278058645096056 0.0670391061452514
0 0.3301314459049545 0.9162011173184358 0.05358948432760364 0.16201117318435754
0 0.5460060667340748 0.8659217877094972 0.05055611729019211 0.13966480446927373
0 0.621840242669363 0.8603351955307262 0.04044489383215369 0.1452513966480447
0 0.4453993933265925 0.6997206703910615 0.021233569261880688 0.07541899441340782
0 0.320525783619818 0.6759776536312849 0.014155712841253791 0.0446927374301676
0 0.43478260869565216 0.659217877094972 0.022244691607684528 0.07262569832402235
0 0.4064711830131446 0.6773743016759777 0.01820020222446916 0.05307262569832402
0 0.39282103134479274 0.7374301675977654 0.015166835187057633 0.0446927374301676
0 0.46461071789686553 0.6913407821229051 0.011122345803842264 0.036312849162011177
0 0.5121334681496461 0.6773743016759777 0.00910010111223458 0.030726256983240222
0 0.5278058645096056 0.6787709497206704 0.012133468149646108 0.0446927374301676
0 0.5505561172901922 0.6899441340782123 0.007077856420626896 0.0223463687150838
0 0.5808897876643074 0.6578212290502793 0.011122345803842264 0.030726256983240222
0 0.5581395348837209 0.7067039106145251 0.008088978766430738 0.027932960893854747
0 0.6011122345803842 0.6773743016759777 0.007077856420626896 0.019553072625698324
0 0.6031344792719919 0.6983240223463687 0.007077856420626896 0.01675977653631285
0 0.6172901921132457 0.6927374301675978 0.007077856420626896 0.01675977653631285
0 0.6223458038422649 0.7821229050279329 0.027300303336703743 0.07262569832402235
0 0.634479271991911 0.7821229050279329 0.023255813953488372 0.0670391061452514
0 0.6774519716885743 0.7430167597765364 0.014155712841253791 0.0446927374301676
0 0.6299292214357938 0.7262569832402235 0.014155712841253791 0.1005586592178771
0 0.6491405460060667 0.6801675977653632 0.008088978766430738 0.019553072625698324
0 0.6547017189079879 0.7220670391061452 0.015166835187057633 0.12011173184357542
0 0.6638018200202225 0.6871508379888268 0.005055611729019211 0.01675977653631285
0 0.6835187057633973 0.6731843575418994 0.008088978766430738 0.01675977653631285
0 0.6835187057633973 0.7388268156424581 0.016177957532861477 0.06983240223463687
0 0.7002022244691608 0.6857541899441341 0.007077856420626896 0.025139664804469275
0 0.7133468149646107 0.6843575418994413 0.011122345803842264 0.027932960893854747
0 0.7138523761375126 0.6843575418994413 0.012133468149646108 0.027932960893854747
0 0.7487360970677452 0.6843575418994413 0.007077856420626896 0.01675977653631285
0 0.7836198179979778 0.6815642458100558 0.010111223458038422 0.027932960893854747
0 0.8220424671385238 0.6620111731843575 0.014155712841253791 0.0446927374301676
0 0.782608695652174 0.664804469273743 0.010111223458038422 0.027932960893854747
0 0.7927199191102123 0.6717877094972067 0.008088978766430738 0.025139664804469275
0 0.8043478260869565 0.664804469273743 0.00910010111223458 0.0223463687150838
