0 -0.02214765100671141 0.9659442724458205 0.04161073825503356 0.09907120743034056
0 0.04161073825503356 0.9009287925696594 0.024161073825503355 0.06191950464396285
0 0.12416107382550336 0.9055727554179567 0.025503355704697986 0.06501547987616099
0 0.21208053691275167 0.9272445820433437 0.016107382550335572 0.04024767801857585
0 0.21879194630872484 0.8993808049535603 0.024161073825503355 0.06501547987616099
0 0.2778523489932886 0.9241486068111455 0.021476510067114093 0.05263157894736842
0 0.49731543624161073 0.7058823529411765 0.08187919463087248 0.26006191950464397
0 0.812751677852349 0.8839009287925697 0.020134228187919462 0.058823529411764705
0 0.8879194630872483 0.9241486068111455 0.03087248322147651 0.07120743034055728
0 0.9214765100671141 0.934984520123839 0.006711409395973154 0.018575851393188854
0 0.951006711409396 0.8869969040247678 0.012080536912751677 0.021671826625386997
0 0.9154362416107382 0.9055727554179567 0.008053691275167786 0.02786377708978328
0 0.7436241610738255 0.8978328173374613 0.005369127516778523 0.01238390092879257
0 0.08993288590604027 0.9102167182662538 0.010738255033557046 0.02476780185758514
0 0.0959731543624161 0.8931888544891641 0.009395973154362415 0.021671826625386997
0 0.07651006711409396 0.8978328173374613 0.008053691275167786 0.018575851393188854
