0 0.0103359173126615 1.7793969849246232 0.018604651162790697 0.04723618090452261
0 0.0018087855297157622 1.9758793969849247 0.022222222222222223 0.05628140703517588
0 0.05400516795865633 1.7733668341708542 0.023255813953488372 0.05527638190954774
0 0.04857881136950904 1.999497487437186 0.020671834625323 0.04522613065326633
0 0.07674418604651163 1.7542713567839197 0.022222222222222223 0.04321608040201005
0 0.10155038759689923 1.9743718592964825 0.02428940568475452 0.05125628140703518
0 0.13229974160206717 1.7829145728643216 0.020671834625323 0.04623115577889447
0 0.1462532299741602 1.9793969849246231 0.023772609819121448 0.04924623115577889
0 0.18036175710594315 1.8251256281407036 0.01757105943152455 0.044221105527638194
0 0.2007751937984496 1.8 0.019121447028423774 0.04221105527638191
0 0.2095607235142119 1.9412060301507537 0.023255813953488372 0.05527638190954774
0 0.23850129198966408 1.8195979899497488 0.01808785529715762 0.0371859296482412
0 0.2599483204134367 1.9557788944723618 0.022739018087855296 0.04824120603015075
0 0.3111111111111111 1.8085427135678391 0.018604651162790697 0.04924623115577889
0 0.3152454780361757 1.9557788944723618 0.018604651162790697 0.04824120603015075
0 0.35012919896640826 1.7954773869346734 0.016020671834625324 0.0371859296482412
0 0.49147286821705427 1.8688442211055276 0.014470284237726097 0.0371859296482412
0 0.5038759689922481 2.019597989949749 0.01757105943152455 0.04522613065326633
0 0.5224806201550387 1.977889447236181 0.019638242894056846 0.04824120603015075
0 0.5131782945736434 1.8552763819095477 0.015503875968992248 0.04020100502512563
0 0.5426356589147286 1.8316582914572865 0.015503875968992248 0.035175879396984924
0 0.58656330749354 1.8517587939698492 0.022739018087855296 0.05728643216080402
0 0.6304909560723514 1.8482412060301507 0.013436692506459949 0.03015075376884422
0 0.6754521963824289 1.829145728643216 0.015503875968992248 0.034170854271356785
0 0.6578811369509044 1.98643216080402 0.013436692506459949 0.031155778894472363
0 0.6981912144702842 1.9889447236180904 0.016537467700258397 0.04020100502512563
0 0.6708010335917313 2.04321608040201 0.016537467700258397 0.04020100502512563
0 0.7325581395348837 2.09748743718593 0.019121447028423774 0.04824120603015075
0 0.7366925064599483 1.9331658291457285 0.017054263565891473 0.035175879396984924
0 0.7754521963824289 1.9040201005025126 0.014987080103359173 0.03919597989949749
0 0.8046511627906977 1.898994974874372 0.015503875968992248 0.03919597989949749
0 0.8255813953488372 2.0351758793969847 0.017054263565891473 0.04221105527638191
0 0.8193798449612403 2.0668341708542712 0.01808785529715762 0.04120603015075377
0 0.845219638242894 1.898994974874372 0.016020671834625324 0.0371859296482412
0 0.8762273901808786 1.9175879396984925 0.014987080103359173 0.03819095477386935
0 0.8896640826873385 1.9155778894472362 0.017054263565891473 0.03819095477386935
0 0.879328165374677 2.0653266331658293 0.019121447028423774 0.04221105527638191
0 0.9294573643410853 1.906030150753769 0.019121447028423774 0.04321608040201005
0 0.9310077519379845 2.0472361809045228 0.019121447028423774 0.04623115577889447
0 0.937467700258398 2.036180904522613 0.018604651162790697 0.05628140703517588
0 0.969250645994832 1.999497487437186 0.023255813953488372 0.05527638190954774
0 0.9702842377260982 1.670854271356784 0.04082687338501292 0.07939698492462312
0 0.4036175710594315 1.5276381909547738 0.06098191214470284 0.1306532663316583
0 0.4082687338501292 1.4090452261306532 0.053746770025839795 0.1407035175879397
