0 0.6235119047619048 1.602803738317757 0.050595238095238096 0.2523364485981308
0 0.9672619047619048 1.3738317757009346 0.0496031746031746 0.2897196261682243
0 0.002976190476190476 1.2523364485981308 0.021825396825396824 0.22429906542056074
0 0.032242063492063495 1.205607476635514 0.018849206349206348 0.19626168224299065
0 0.10416666666666667 1.147196261682243 0.005952380952380952 0.03271028037383177
0 0.11607142857142858 1.1261682242990654 0.005952380952380952 0.028037383177570093
0 0.11706349206349206 1.1728971962616823 0.005952380952380952 0.028037383177570093
0 0.13392857142857142 1.1378504672897196 0.005952380952380952 0.03271028037383177
0 0.1775793650793651 1.1495327102803738 0.005952380952380952 0.028037383177570093
0 0.17708333333333334 1.1518691588785046 0.00496031746031746 0.03271028037383177
0 0.21676587301587302 1.1425233644859814 0.006944444444444444 0.04205607476635514
0 0.23958333333333334 1.1331775700934579 0.006944444444444444 0.02336448598130841
0 0.26785714285714285 1.1542056074766356 0.003968253968253968 0.028037383177570093
0 0.2113095238095238 1.1682242990654206 0.013888888888888888 0.17757009345794392
0 0.3864087301587302 1.22196261682243 0.01488095238095238 0.20093457943925233
0 0.3923611111111111 1.1331775700934579 0.00496031746031746 0.03271028037383177
0 0.9196428571428571 1.147196261682243 0.005952380952380952 0.02336448598130841
0 0.9181547619047619 1.147196261682243 0.00496031746031746 0.03271028037383177
0 0.9275793650793651 1.144859813084112 0.005952380952380952 0.028037383177570093
0 0.9350198412698413 1.144859813084112 0.00496031746031746 0.028037383177570093
0 0.9419642857142857 1.158878504672897 0.00496031746031746 0.028037383177570093
0 0.22271825396825398 0.7406542056074766 0.00496031746031746 0.02336448598130841
0 0.2837301587301587 0.8084112149532711 0.003968253968253968 0.018691588785046728
0 0.5907738095238095 1.2079439252336448 0.010912698412698412 0.0514018691588785
