0 0.9871794871794872 0.7730496453900709 0.047619047619047616 0.10638297872340426
0 0.9267399267399268 0.7446808510638298 0.04395604395604396 0.10638297872340426
0 0.8809523809523809 0.7606382978723404 0.03663003663003663 0.09574468085106383
0 0.8415750915750916 0.7925531914893617 0.038461538461538464 0.10283687943262411
0 0.8141025641025641 0.774822695035461 0.038461538461538464 0.08156028368794327
0 0.7738095238095238 0.8102836879432624 0.04212454212454213 0.09574468085106383
0 0.7527472527472527 0.7712765957446809 0.03663003663003663 0.08156028368794327
0 0.7124542124542125 0.8014184397163121 0.03296703296703297 0.09219858156028368
0 0.6776556776556777 0.7801418439716312 0.040293040293040296 0.09219858156028368
0 0.6428571428571429 0.75177304964539 0.03663003663003663 0.0851063829787234
0 0.5924908424908425 0.8049645390070922 0.038461538461538464 0.09929078014184398
0 0.5540293040293041 0.7801418439716312 0.0347985347985348 0.07801418439716312
0 0.5402930402930403 0.9184397163120568 0.040293040293040296 0.10638297872340426
0 0.4734432234432234 1.1471631205673758 0.04945054945054945 0.1099290780141844
0 0.4725274725274725 0.900709219858156 0.04395604395604396 0.09219858156028368
0 0.49633699633699635 0.7695035460992907 0.03663003663003663 0.09929078014184398
0 0.5283882783882784 0.7588652482269503 0.031135531135531136 0.07801418439716312
0 0.45695970695970695 0.7588652482269503 0.031135531135531136 0.0851063829787234
0 0.3873626373626374 0.8953900709219859 0.045787545787545784 0.10283687943262411
0 0.4258241758241758 0.8014184397163121 0.04212454212454213 0.09929078014184398
0 0.37454212454212454 0.7695035460992907 0.031135531135531136 0.0851063829787234
0 0.3507326007326007 0.7854609929078015 0.04212454212454213 0.10283687943262411
0 0.2490842490842491 0.7446808510638298 0.040293040293040296 0.10638297872340426
0 0.21611721611721613 0.7446808510638298 0.03663003663003663 0.0851063829787234
0 0.17307692307692307 0.7695035460992907 0.04212454212454213 0.10638297872340426
0 0.054945054945054944 0.8687943262411347 0.01098901098901099 0.02127659574468085
0 0.040293040293040296 0.8351063829787234 0.01098901098901099 0.024822695035460994
0 0.016483516483516484 0.8333333333333334 0.01098901098901099 0.02127659574468085
