0 0.9931941923774955 4.709219858156028 0.009981851179673321 0.07092198581560284
0 0.9605263157894737 4.6879432624113475 0.009981851179673321 0.0851063829787234
0 0.9423774954627949 4.609929078014185 0.009981851179673321 0.0851063829787234
0 0.8951905626134301 4.673758865248227 0.009981851179673321 0.09929078014184398
0 0.882486388384755 4.641843971631205 0.006352087114337568 0.04964539007092199
0 0.8666061705989111 4.673758865248227 0.010889292196007259 0.0851063829787234
0 0.8303085299455535 4.652482269503546 0.010889292196007259 0.11347517730496454
0 0.8407441016333939 4.638297872340425 0.009981851179673321 0.0851063829787234
0 0.7781306715063521 4.656028368794326 0.011796733212341199 0.12056737588652482
0 0.7617967332123412 4.634751773049645 0.008166969147005444 0.06382978723404255
0 0.7323049001814882 4.613475177304965 0.009074410163339383 0.07801418439716312
0 0.7078039927404719 4.634751773049645 0.007259528130671506 0.06382978723404255
0 0.6864791288566243 4.663120567375887 0.006352087114337568 0.06382978723404255
0 0.6161524500907442 4.6453900709219855 0.010889292196007259 0.09929078014184398
0 0.6202359346642469 4.624113475177305 0.009981851179673321 0.09929078014184398
0 0.5966424682395645 4.684397163120567 0.008166969147005444 0.06382978723404255
0 0.5784936479128857 4.638297872340425 0.009981851179673321 0.0851063829787234
0 0.6075317604355717 4.6063829787234045 0.008166969147005444 0.06382978723404255
0 0.5989110707803993 4.620567375886525 0.009074410163339383 0.06382978723404255
0 0.5712341197822142 4.6063829787234045 0.006352087114337568 0.04964539007092199
0 0.5607985480943739 4.585106382978723 0.007259528130671506 0.04964539007092199
0 0.5544464609800362 4.617021276595745 0.007259528130671506 0.05673758865248227
0 0.5412885662431942 4.624113475177305 0.006352087114337568 0.05673758865248227
0 0.5453720508166969 4.624113475177305 0.0054446460980036296 0.0425531914893617
0 0.5771324863883848 4.723404255319149 0.018148820326678767 0.3971631205673759
0 0.49500907441016334 4.599290780141844 0.006352087114337568 0.04964539007092199
0 0.4868421052631579 4.620567375886525 0.006352087114337568 0.04964539007092199
0 0.4782214156079855 4.624113475177305 0.007259528130671506 0.05673758865248227
0 0.47005444646098005 4.726950354609929 0.014519056261343012 0.3333333333333333
0 0.4646098003629764 4.599290780141844 0.007259528130671506 0.06382978723404255
0 0.4528130671506352 4.585106382978723 0.007259528130671506 0.06382978723404255
0 0.441470054446461 4.50709219858156 0.006352087114337568 0.04964539007092199
0 0.42740471869328495 4.446808510638298 0.0054446460980036296 0.0425531914893617
0 0.4251361161524501 4.553191489361702 0.006352087114337568 0.0425531914893617
0 0.411524500907441 4.570921985815603 0.008166969147005444 0.06382978723404255
0 0.4069872958257713 4.429078014184397 0.006352087114337568 0.04964539007092199
0 0.40199637023593465 4.567375886524823 0.0054446460980036296 0.0425531914893617
0 0.38656987295825773 4.528368794326241 0.0054446460980036296 0.04964539007092199
0 0.367513611615245 4.549645390070922 0.007259528130671506 0.04964539007092199
0 0.37704174228675136 4.297872340425532 0.006352087114337568 0.05673758865248227
0 0.3992740471869328 4.219858156028369 0.0054446460980036296 0.0425531914893617
0 0.3833938294010889 4.173758865248227 0.006352087114337568 0.04964539007092199
0 0.3702359346642468 4.195035460992908 0.0054446460980036296 0.04964539007092199
0 0.4047186932849365 4.1063829787234045 0.0054446460980036296 0.0425531914893617
0 0.39019963702359345 4.088652482269503 0.0054446460980036296 0.04964539007092199
0 0.36932849364791287 3.9680851063829787 0.0054446460980036296 0.04964539007092199
0 0.38294010889292196 3.99290780141844 0.0054446460980036296 0.0425531914893617
0 0.39473684210526316 4.00709219858156 0.0054446460980036296 0.0425531914893617
0 0.4069872958257713 4.00709219858156 0.006352087114337568 0.05673758865248227
0 0.41515426497277674 3.9680851063829787 0.004537205081669692 0.03546099290780142
0 0.426497277676951 4.028368794326241 0.003629764065335753 0.0425531914893617
0 0.4219600725952813 3.9858156028368796 0.0054446460980036296 0.0425531914893617
0 0.7731397459165155 3.971631205673759 0.003629764065335753 0.028368794326241134
0 0.14292196007259528 4.028368794326241 0.006352087114337568 0.05673758865248227
0 0.017241379310344827 4.439716312056738 0.007259528130671506 0.05673758865248227
0 0.0013611615245009074 4.539007092198582 0.006352087114337568 0.05673758865248227
