0 -0.0199203187250996 1.2926587301587302 0.06274900398406374 0.1488095238095238
0 0.06922310756972111 1.3819444444444444 0.04282868525896414 0.10714285714285714
0 0.12026892430278885 1.2906746031746033 0.05129482071713148 0.09126984126984126
0 0.16683266932270915 1.2951388888888888 0.0348605577689243 0.08630952380952381
0 0.23256972111553784 1.3546626984126984 0.054780876494023904 0.12202380952380952
0 0.24352589641434264 1.3283730158730158 0.03386454183266932 0.07738095238095238
0 0.27315737051792827 1.2886904761904763 0.026394422310756973 0.06349206349206349
0 0.29432270916334663 1.345734126984127 0.022908366533864542 0.05853174603174603
0 0.36802788844621515 1.3110119047619047 0.027888446215139442 0.07242063492063493
0 0.3894422310756972 1.3323412698412698 0.018924302788844622 0.05357142857142857
0 0.40039840637450197 1.2857142857142858 0.0249003984063745 0.051587301587301584
0 0.4091135458167331 1.3139880952380953 0.02440239043824701 0.05853174603174603
0 0.4788346613545817 1.345734126984127 0.01743027888446215 0.04265873015873016
0 0.49850597609561753 1.3253968253968254 0.02091633466135458 0.05357142857142857
0 0.5375996015936255 1.3100198412698412 0.030378486055776893 0.07043650793650794
0 0.545816733067729 1.3179563492063493 0.021912350597609563 0.0625
0 0.5560258964143426 1.2971230158730158 0.01245019920318725 0.034722222222222224
0 0.4591633466135458 1.2881944444444444 0.05876494023904383 0.14186507936507936
0 0.6314741035856574 1.3229166666666667 0.05876494023904383 0.12797619047619047
0 0.6118027888446215 1.2951388888888888 0.03137450199203187 0.06646825396825397
0 0.6852589641434262 1.3278769841269842 0.0249003984063745 0.04861111111111111
0 0.7641932270916335 1.3194444444444444 0.02838645418326693 0.051587301587301584
0 0.8162350597609562 1.367063492063492 0.021912350597609563 0.051587301587301584
0 0.7148904382470119 1.2981150793650793 0.013446215139442231 0.028769841269841268
0 0.7407868525896414 1.3134920634920635 0.018426294820717132 0.03968253968253968
0 0.7756474103585658 1.3536706349206349 0.01643426294820717 0.03869047619047619
0 0.7766434262948207 1.3055555555555556 0.01444223107569721 0.03373015873015873
0 0.7918326693227091 1.3303571428571428 0.01195219123505976 0.031746031746031744
0 0.8142430278884463 1.287202380952381 0.012948207171314742 0.03273809523809524
0 0.8167330677290837 1.3338293650793651 0.018924302788844622 0.03670634920634921
0 0.8319223107569721 1.3253968253968254 0.015438247011952191 0.03373015873015873
0 0.8401394422310757 1.3010912698412698 0.01195219123505976 0.0248015873015873
0 0.8500996015936255 1.2981150793650793 0.0099601593625498 0.020833333333333332
0 0.6777888446215139 1.2767857142857142 0.01195219123505976 0.025793650793650792
0 0.6887450199203188 1.2767857142857142 0.0099601593625498 0.025793650793650792
0 0.6842629482071713 1.2331349206349207 0.0099601593625498 0.01984126984126984
0 0.649402390438247 1.2628968253968254 0.00796812749003984 0.01984126984126984
0 0.7460159362549801 1.1746031746031746 0.0069721115537848604 0.013888888888888888
0 0.7776394422310757 1.150297619047619 0.01045816733067729 0.020833333333333332
0 0.8232071713147411 1.2058531746031746 0.00796812749003984 0.020833333333333332
0 0.8493525896414342 1.1989087301587302 0.009462151394422311 0.018849206349206348
0 0.6685756972111554 1.1840277777777777 0.00846613545816733 0.018849206349206348
0 0.6952191235059761 1.181547619047619 0.010956175298804782 0.025793650793650792
0 0.9185756972111554 0.6254960317460317 0.004482071713147411 0.006944444444444444
0 0.9043824701195219 0.6810515873015873 0.0049800796812749 0.010912698412698412
0 0.9225597609561753 0.6909722222222222 0.005478087649402391 0.010912698412698412
0 0.9372509960159362 0.8427579365079365 0.0049800796812749 0.012896825396825396
0 0.9272908366533864 0.9518849206349206 0.00597609561752988 0.012896825396825396
0 0.9198207171314741 0.9131944444444444 0.0069721115537848604 0.012896825396825396
0 0.9452191235059761 0.9632936507936508 0.0069721115537848604 0.011904761904761904
