0 0.00818394388152767 9.066666666666666 0.005455962587685113 0.10666666666666667
0 0.019485580670303974 8.84 0.004676539360872954 0.08
0 0.011301636788776305 8.893333333333333 0.003897116134060795 0.08
0 0.03507404520654715 8.866666666666667 0.006235385814497272 0.10666666666666667
0 0.03117692907248636 9.086666666666666 0.006235385814497272 0.12
0 0.044427123928293066 9.106666666666667 0.010911925175370226 0.6666666666666666
0 0.057287607170693686 8.833333333333334 0.007014809041309431 0.14666666666666667
0 0.0701480904130943 8.833333333333334 0.00779423226812159 0.14666666666666667
0 0.0666406858924396 8.88 0.003897116134060795 0.08
0 0.08651597817614964 9.14 0.009353078721745909 0.41333333333333333
0 0.09859703819173811 8.9 0.003897116134060795 0.06666666666666667
0 0.12665627435697585 9.193333333333333 0.005455962587685113 0.09333333333333334
0 0.13990646921278255 9.06 0.005455962587685113 0.09333333333333334
0 0.14575214341387374 8.853333333333333 0.003117692907248636 0.05333333333333334
0 0.15939204988308653 8.813333333333333 0.005455962587685113 0.10666666666666667
0 0.1691348402182385 8.886666666666667 0.003117692907248636 0.04
0 0.16095089633671084 9.006666666666666 0.007014809041309431 0.38666666666666666
0 0.18706157443491817 8.873333333333333 0.009353078721745909 0.14666666666666667
0 0.19485580670303976 8.9 0.009353078721745909 0.14666666666666667
0 0.2069368667186282 9.1 0.021044427123928292 0.5733333333333334
0 0.2112236944660951 8.88 0.004676539360872954 0.08
0 0.2131722525331255 8.86 0.007014809041309431 0.12
0 0.2244738893219018 9.14 0.0171473109898675 0.5733333333333334
0 0.24590802805923617 8.853333333333333 0.007014809041309431 0.10666666666666667
0 0.25526110678098207 8.88 0.005455962587685113 0.10666666666666667
0 0.2751363990646921 8.806666666666667 0.00779423226812159 0.14666666666666667
0 0.2977396726422447 8.806666666666667 0.006235385814497272 0.12
0 0.2899454403741232 9.1 0.00779423226812159 0.4666666666666667
0 0.3020265003897116 8.84 0.005455962587685113 0.08
0 0.33904910366328916 8.733333333333333 0.003117692907248636 0.05333333333333334
0 0.34294621979734996 8.746666666666666 0.003117692907248636 0.05333333333333334
0 0.35853468433359315 8.933333333333334 0.004676539360872954 0.08
0 0.4053000779423227 8.726666666666667 0.004676539360872954 0.06666666666666667
0 0.39867498051441935 8.9 0.007014809041309431 0.36
0 0.39828526890101323 8.766666666666667 0.004676539360872954 0.06666666666666667
0 0.4185502727981294 8.92 0.006235385814497272 0.3466666666666667
0 0.3667186282151208 9.0 0.005455962587685113 0.32
0 0.372564302416212 9.006666666666666 0.006235385814497272 0.3333333333333333
0 0.3819173811379579 8.98 0.003117692907248636 0.06666666666666667
0 0.4123148869836321 8.913333333333334 0.006235385814497272 0.3333333333333333
0 0.42283710054559626 8.9 0.005455962587685113 0.3333333333333333
0 0.4731098986749805 8.993333333333334 0.012470771628994544 0.44
0 0.4793452844894778 8.893333333333333 0.006235385814497272 0.10666666666666667
0 0.4883086515978176 8.86 0.007014809041309431 0.12
0 0.48713951675759937 8.86 0.006235385814497272 0.12
0 0.5019485580670304 9.006666666666666 0.003117692907248636 0.06666666666666667
0 0.5498830865159782 9.006666666666666 0.010132501948558068 0.4666666666666667
0 0.5607950116913484 8.893333333333333 0.00857365549493375 0.4
0 0.5674201091192518 8.746666666666666 0.004676539360872954 0.08
0 0.5674201091192518 8.773333333333333 0.006235385814497272 0.13333333333333333
0 0.5717069368667186 8.806666666666667 0.007014809041309431 0.12
0 0.5923616523772408 8.793333333333333 0.003117692907248636 0.06666666666666667
0 0.5970381917381138 8.786666666666667 0.003117692907248636 0.05333333333333334
0 0.6036632891660172 8.906666666666666 0.005455962587685113 0.3466666666666667
0 0.6118472330475448 8.906666666666666 0.006235385814497272 0.3466666666666667
0 0.607950116913484 8.806666666666667 0.003117692907248636 0.06666666666666667
0 0.6149649259547935 8.753333333333334 0.003117692907248636 0.06666666666666667
0 0.6215900233826968 8.913333333333334 0.003897116134060795 0.06666666666666667
0 0.6336710833982853 8.913333333333334 0.003117692907248636 0.06666666666666667
0 0.6554949337490257 9.093333333333334 0.009353078721745909 0.4
0 0.6578332034294622 8.933333333333334 0.003117692907248636 0.05333333333333334
0 0.6656274356975838 8.853333333333333 0.004676539360872954 0.08
0 0.6582229150428682 8.873333333333333 0.007014809041309431 0.36
0 0.6808261886204209 9.08 0.013250194855806703 0.6666666666666666
0 0.690958690568979 9.113333333333333 0.011691348402182385 0.5733333333333334
0 0.6925175370226033 8.906666666666666 0.005455962587685113 0.10666666666666667
0 0.7174590802805924 8.86 0.003897116134060795 0.06666666666666667
0 0.7544816835541699 8.773333333333333 0.003117692907248636 0.05333333333333334
0 0.7809820732657833 8.793333333333333 0.004676539360872954 0.09333333333333334
0 0.7918939984411536 8.853333333333333 0.004676539360872954 0.08
0 0.7981293842556508 8.9 0.004676539360872954 0.06666666666666667
0 0.8051441932969603 8.846666666666666 0.004676539360872954 0.06666666666666667
0 0.8994544037412315 9.046666666666667 0.009353078721745909 0.49333333333333335
0 0.9294621979734996 8.926666666666666 0.003897116134060795 0.06666666666666667
0 0.9345284489477786 8.826666666666666 0.006235385814497272 0.08
0 0.9641465315666407 8.993333333333334 0.009353078721745909 0.41333333333333333
0 0.9680436477007015 8.833333333333334 0.004676539360872954 0.09333333333333334
0 0.9785658612626656 9.02 0.013250194855806703 0.44
0 0.9840218238503508 8.82 0.003897116134060795 0.06666666666666667
0 0.9941543257989088 8.84 0.005455962587685113 0.08
