0 0.7596830985915493 3.2551020408163267 0.02112676056338028 0.23809523809523808
0 0.8173415492957746 3.3299319727891157 0.022007042253521125 0.22448979591836735
0 0.8877640845070423 3.2551020408163267 0.009683098591549295 0.08843537414965986
0 0.903169014084507 3.370748299319728 0.007042253521126761 0.047619047619047616
0 0.9507042253521126 3.2312925170068025 0.008802816901408451 0.08163265306122448
0 0.9630281690140845 3.2653061224489797 0.008802816901408451 0.08163265306122448
0 0.9797535211267606 3.258503401360544 0.007042253521126761 0.06802721088435375
0 0.9947183098591549 3.238095238095238 0.01056338028169014 0.09523809523809523
0 0.9220950704225352 3.2891156462585034 0.007922535211267605 0.07482993197278912
0 0.9533450704225352 3.2687074829931975 0.007042253521126761 0.061224489795918366
0 0.9731514084507042 3.3435374149659864 0.006161971830985915 0.047619047619047616
0 0.9920774647887324 3.2687074829931975 0.007042253521126761 0.061224489795918366
