0 0.06322505800464037 0.06038135593220339 0.0382830626450116 0.0826271186440678
0 0.3677494199535963 0.4385593220338983 0.06496519721577726 0.13983050847457626
0 0.5243619489559165 0.6324152542372882 0.07192575406032482 0.15466101694915255
0 0.8004640371229699 0.5476694915254238 0.07888631090487239 0.1885593220338983
0 0.9970997679814385 0.559322033898305 0.08932714617169374 0.17796610169491525
0 0.915893271461717 0.8591101694915254 0.06844547563805105 0.163135593220339
0 0.10962877030162413 0.5561440677966102 0.08468677494199536 0.15466101694915255
0 0.12993039443155452 0.2076271186440678 0.037122969837587005 0.08898305084745763
0 0.12180974477958237 0.3252118644067797 0.03944315545243619 0.08686440677966102
0 0.2099767981438515 0.2245762711864407 0.037122969837587005 0.09322033898305085
0 0.2546403712296984 0.3135593220338983 0.0382830626450116 0.09322033898305085
0 0.23839907192575405 0.11440677966101695 0.04060324825986079 0.07627118644067797
0 0.31322505800464034 0.19809322033898305 0.03480278422273782 0.08686440677966102
0 0.3723897911832947 0.3495762711864407 0.037122969837587005 0.08050847457627118
0 0.41415313225058004 0.4438559322033898 0.037122969837587005 0.08686440677966102
0 0.33468677494199534 0.08792372881355932 0.0382830626450116 0.08686440677966102
0 0.41531322505800466 -0.013771186440677966 0.04176334106728538 0.09110169491525423
0 0.4222737819025522 0.11970338983050847 0.03480278422273782 0.07838983050847458
0 0.43503480278422274 0.1875 0.03480278422273782 0.0826271186440678
0 0.4808584686774942 0.2860169491525424 0.0382830626450116 0.08898305084745763
0 0.5237819025522041 0.18220338983050846 0.0382830626450116 0.08898305084745763
0 0.580046403712297 0.3188559322033898 0.037122969837587005 0.09533898305084745
0 0.665893271461717 0.350635593220339 0.037122969837587005 0.09110169491525423
0 0.6142691415313225 0.2033898305084746 0.0382830626450116 0.07627118644067797
0 0.5440835266821346 0.0211864406779661 0.04176334106728538 0.08898305084745763
0 0.6223897911832946 0.0826271186440678 0.033642691415313224 0.08050847457627118
0 0.6879350348027842 0.1461864406779661 0.03944315545243619 0.08898305084745763
0 0.7552204176334106 0.2923728813559322 0.037122969837587005 0.0847457627118644
0 0.8462877030162413 0.3252118644067797 0.03596287703016241 0.0826271186440678
0 0.7262180974477959 0.0423728813559322 0.037122969837587005 0.0847457627118644
0 0.7842227378190255 0.1483050847457627 0.03944315545243619 0.08050847457627118
0 0.8132250580046404 0.08686440677966102 0.03480278422273782 0.0847457627118644
0 0.8584686774941995 0.1440677966101695 0.037122969837587005 0.08050847457627118
0 0.9640371229698376 0.1461864406779661 0.03480278422273782 0.09322033898305085
0 1.0005800464037122 0.5625 0.08468677494199536 0.1673728813559322
0 1.025522041763341 0.2860169491525424 0.037122969837587005 0.08050847457627118
