0 1.1276935355147646 7.092105263157895 0.060654429369513166 0.7631578947368421
0 0.926975259377494 7.2973684210526315 0.03671189146049481 0.4789473684210526
0 0.8623304070231445 7.192105263157894 0.035115722266560255 0.6263157894736842
0 0.678172386272945 7.189473684210526 0.031524341580207504 0.5052631578947369
0 0.565243415802075 7.03421052631579 0.03232242617717478 0.4789473684210526
0 0.6079409417398244 7.234210526315789 0.026735833998403832 0.4473684210526316
0 0.8910614525139665 7.468421052631579 0.027932960893854747 0.4842105263157895
0 0.45750199521149243 7.268421052631579 0.030726256983240222 0.43157894736842106
0 0.2326416600159617 7.318421052631579 0.026336791699920193 0.4052631578947368
0 0.1757781324820431 6.992105263157895 0.0355147645650439 0.4789473684210526
