0 0.31093935790725324 2.5899470899470898 0.013079667063020214 0.047619047619047616
0 0.3400713436385256 2.64021164021164 0.009512485136741973 0.05291005291005291
0 0.4667063020214031 2.611111111111111 0.01070154577883472 0.047619047619047616
0 0.47443519619500596 2.624338624338624 0.009512485136741973 0.042328042328042326
0 0.5332936979785969 2.7142857142857144 0.008323424494649227 0.042328042328042326
0 0.5475624256837098 2.6534391534391535 0.008323424494649227 0.037037037037037035
0 0.5838287752675386 2.6455026455026456 0.014268727705112961 0.07407407407407407
0 0.6010701545778835 2.6084656084656084 0.015457788347205707 0.07407407407407407
0 0.6825208085612366 2.9153439153439153 0.007134363852556481 0.031746031746031744
0 0.7158145065398336 2.857142857142857 0.011890606420927468 0.05291005291005291
0 0.7378121284185494 2.732804232804233 0.013079667063020214 0.06878306878306878
0 0.7544589774078478 2.814814814814815 0.013079667063020214 0.06349206349206349
0 0.7895362663495838 2.8492063492063493 0.011890606420927468 0.0582010582010582
0 0.8246135552913199 2.9761904761904763 0.01070154577883472 0.0582010582010582
0 0.8442330558858502 3.044973544973545 0.011890606420927468 0.047619047619047616
0 0.8620689655172413 3.0502645502645502 0.011890606420927468 0.0582010582010582
0 0.8882282996432818 3.17989417989418 0.007134363852556481 0.031746031746031744
0 0.8995243757431629 3.185185185185185 0.008323424494649227 0.031746031746031744
0 0.9215219976218787 3.1296296296296298 0.009512485136741973 0.047619047619047616
0 0.9351961950059453 3.177248677248677 0.008323424494649227 0.037037037037037035
0 0.9750297265160524 3.1005291005291005 0.011890606420927468 0.05291005291005291
0 0.9940546967895363 3.058201058201058 0.014268727705112961 0.07407407407407407
0 1.0261593341260404 3.0899470899470898 0.014268727705112961 0.07407407407407407
0 1.030321046373365 3.4126984126984126 0.020214030915576695 0.30687830687830686
0 1.11474435196195 3.322751322751323 0.005945303210463734 0.031746031746031744
0 1.1159334126040428 3.312169312169312 0.008323424494649227 0.042328042328042326
0 1.1444708680142688 3.328042328042328 0.01070154577883472 0.042328042328042326
0 1.1563614744351962 3.3333333333333335 0.005945303210463734 0.031746031746031744
0 1.1426872770511296 3.32010582010582 0.007134363852556481 0.037037037037037035
