0 0.9466666666666667 0.43963963963963965 0.04380952380952381 0.0972972972972973
0 0.8457142857142858 0.4711711711711712 0.047619047619047616 0.12792792792792793
0 0.7666666666666667 0.5495495495495496 0.06285714285714286 0.13333333333333333
0 0.8028571428571428 0.4657657657657658 0.05142857142857143 0.11351351351351352
0 0.7671428571428571 0.4603603603603604 0.037142857142857144 0.08108108108108109
0 0.7195238095238096 0.4945945945945946 0.037142857142857144 0.07027027027027027
0 0.4533333333333333 0.5 0.12571428571428572 0.2936936936936937
0 0.6423809523809524 0.5513513513513514 0.039047619047619046 0.08648648648648649
0 0.6066666666666667 0.5324324324324324 0.0380952380952381 0.07747747747747748
0 0.3433333333333333 0.5216216216216216 0.07714285714285714 0.17117117117117117
0 0.08666666666666667 0.46126126126126127 0.1219047619047619 0.2882882882882883
