0 0.9884836852207294 1.6351981351981353 0.0345489443378119 0.13752913752913754
0 0.9683301343570058 1.668997668997669 0.02111324376199616 0.10256410256410256
0 0.9337811900191939 1.7657342657342658 0.027511196417146513 0.1048951048951049
0 0.9379398592450416 1.7715617715617715 0.016634676903390915 0.09324009324009325
0 0.8886756238003839 1.7086247086247086 0.03326935380678183 0.12121212121212122
0 0.8397312859884837 1.634032634032634 0.02495201535508637 0.0979020979020979
0 0.8310940499040307 1.8799533799533799 0.03198976327575176 0.11888111888111888
0 0.8013435700575816 2.0034965034965033 0.05566218809980806 0.5897435897435898
0 0.7754318618042226 1.6923076923076923 0.030710172744721688 0.12121212121212122
0 0.7530390275111964 1.6445221445221445 0.03198976327575176 0.13752913752913754
0 0.7069737683941139 1.6037296037296038 0.02943058221369162 0.10256410256410256
0 0.6804222648752399 1.648018648018648 0.026231605886116442 0.10256410256410256
0 0.6014075495841331 1.6468531468531469 0.008957133717210493 0.03496503496503497
0 0.5847728726807422 1.6526806526806528 0.007677543186180422 0.027972027972027972
0 0.5793346129238643 1.6608391608391608 0.005758157389635317 0.02564102564102564
0 0.5329494561740243 1.9475524475524475 0.05758157389635317 0.23076923076923078
0 0.4724888035828535 1.6503496503496504 0.008317338451695458 0.03263403263403263
0 0.45553422904670504 1.621212121212121 0.010236724248240563 0.039627039627039624
0 0.4420985284708893 1.6421911421911422 0.017914267434420986 0.07226107226107226
0 0.42610364683301344 1.6118881118881119 0.020473448496481125 0.09090909090909091
0 0.4069097888675624 1.6386946386946386 0.011516314779270634 0.05128205128205128
0 0.3921944977607166 1.6491841491841492 0.010236724248240563 0.039627039627039624
0 0.3656429942418426 1.6573426573426573 0.013435700575815739 0.055944055944055944
0 0.37683941138835575 1.8403263403263403 0.017914267434420986 0.38461538461538464
0 0.373320537428023 1.6491841491841492 0.02111324376199616 0.05827505827505827
0 0.3131797824696097 1.662004662004662 0.010876519513755598 0.046620046620046623
0 0.22744721689059502 1.6538461538461537 0.05182341650671785 0.1561771561771562
0 0.13883557261676263 1.632867132867133 0.016634676903390915 0.07226107226107226
0 0.03870761356365963 1.56993006993007 0.06589891234804862 0.23543123543123542
