0 0.8355061349693251 0.8199088145896657 0.0299079754601227 0.07142857142857142
0 0.7308282208588958 0.817629179331307 0.018404907975460124 0.0364741641337386
0 0.7093558282208589 0.8161094224924013 0.013803680981595092 0.03343465045592705
0 0.6944018404907976 0.8259878419452887 0.014570552147239263 0.031914893617021274
0 0.651840490797546 0.8229483282674772 0.01687116564417178 0.037993920972644375
0 0.6238496932515337 0.8214285714285714 0.019171779141104295 0.028875379939209727
0 0.6065950920245399 0.8009118541033434 0.019938650306748466 0.0486322188449848
0 0.5962423312883436 0.8054711246200608 0.02223926380368098 0.0425531914893617
0 0.5697852760736196 0.8252279635258358 0.015337423312883436 0.030395136778115502
0 0.5544478527607362 0.817629179331307 0.018404907975460124 0.0364741641337386
0 0.5337423312883436 0.8320668693009119 0.018404907975460124 0.034954407294832825
0 0.5145705521472392 0.8221884498480243 0.015337423312883436 0.03343465045592705
0 0.48274539877300615 0.7575987841945289 0.04677914110429448 0.08662613981762918
0 0.39225460122699385 0.7986322188449848 0.026840490797546013 0.06231003039513678
0 0.3366564417177914 0.7796352583586627 0.02147239263803681 0.04559270516717325
0 0.34087423312883436 0.9756838905775076 0.02530674846625767 0.06382978723404255
0 0.29179447852760737 0.9650455927051672 0.02530674846625767 0.0547112462006079
0 0.28297546012269936 0.9361702127659575 0.02147239263803681 0.05167173252279635
0 0.32246932515337423 0.9202127659574468 0.020705521472392636 0.05015197568389058
0 0.2875766871165644 0.8092705167173252 0.018404907975460124 0.031914893617021274
0 0.22315950920245398 0.817629179331307 0.02607361963190184 0.05167173252279635
0 0.14877300613496933 0.8191489361702128 0.024539877300613498 0.057750759878419454
