0 0.15252377468910022 0.8627906976744186 0.015362106803218726 0.02558139534883721
0 0.5263350402340893 0.8296511627906977 0.012435991221653255 0.019767441860465116
0 0.5727871250914411 0.8308139534883721 0.021945866861741038 0.04534883720930233
0 0.5936356986100951 0.8569767441860465 0.016825164594001463 0.03255813953488372
0 0.5994879297732261 0.8366279069767442 0.009509875640087784 0.01744186046511628
0 0.5965618141916605 0.825 0.008046817849305048 0.012790697674418604
0 0.5896122896854425 0.7656976744186047 0.005852231163130944 0.00813953488372093
0 0.5621799561082663 0.7936046511627907 0.016825164594001463 0.06627906976744186
0 0.6115581565471836 0.7738372093023256 0.0073152889539136795 0.010465116279069767
0 0.6247256766642283 0.8348837209302326 0.020482809070958303 0.04186046511627907
0 0.6313094367227505 0.8220930232558139 0.010241404535479151 0.018604651162790697
0 0.6378931967812729 0.8470930232558139 0.008778346744696415 0.01744186046511628
0 0.6532553035844916 0.8406976744186047 0.020482809070958303 0.04186046511627907
0 0.6638624725676664 0.8203488372093023 0.010972933430870519 0.019767441860465116
0 0.6719092904169714 0.8232558139534883 0.012435991221653255 0.020930232558139535
0 0.682882223847842 0.8296511627906977 0.012435991221653255 0.022093023255813953
0 0.6825164594001463 0.8441860465116279 0.01755669348939283 0.03488372093023256
0 0.7000731528895391 0.8598837209302326 0.03218727139722019 0.06395348837209303
0 0.7399414776883687 0.8325581395348837 0.016825164594001463 0.027906976744186046
0 0.7578639356254572 0.8226744186046512 0.0073152889539136795 0.012790697674418604
0 0.7659107534747622 0.8453488372093023 0.010241404535479151 0.018604651162790697
0 0.7721287490855889 0.8151162790697675 0.006583760058522311 0.013953488372093023
0 0.7885881492318947 0.8302325581395349 0.010241404535479151 0.01627906976744186
0 0.7966349670811997 0.8162790697674419 0.008778346744696415 0.01627906976744186
0 0.803218727139722 0.8145348837209302 0.010241404535479151 0.019767441860465116
0 0.8024871982443307 0.8406976744186047 0.010241404535479151 0.01627906976744186
0 0.8189465983906364 0.8372093023255814 0.013899049012435992 0.02558139534883721
0 0.824067300658376 0.8296511627906977 0.012435991221653255 0.022093023255813953
0 0.7798098024871982 0.8854651162790698 0.027798098024871983 0.05232558139534884
0 0.852962692026335 0.8377906976744186 0.010241404535479151 0.026744186046511628
0 0.8730797366495977 0.8273255813953488 0.009509875640087784 0.012790697674418604
0 0.8679590343818581 0.8883720930232558 0.027066569129480616 0.044186046511627906
0 0.8873445501097293 0.8325581395348837 0.019019751280175568 0.030232558139534883
0 0.9765910753474762 0.8348837209302326 0.010241404535479151 0.01627906976744186
0 0.9926847110460864 0.8186046511627907 0.011704462326261888 0.020930232558139535
0 1.0131675201170447 0.8180232558139535 0.011704462326261888 0.022093023255813953
0 1.0830285296269202 0.8267441860465117 0.012435991221653255 0.02558139534883721
0 1.0204828090709583 0.8976744186046511 0.023408924652523776 0.046511627906976744
