0 0.9863813229571985 4.8153950953678475 0.10428015564202335 0.5136239782016349
0 0.8581712062256809 4.275204359673024 0.07976653696498054 0.40599455040871935
0 0.6873540856031128 4.739782016348774 0.07587548638132295 0.3896457765667575
0 0.5266536964980545 4.717302452316076 0.08054474708171207 0.40463215258855584
0 0.5029182879377432 4.190735694822888 0.010505836575875487 0.051771117166212535
0 0.26186770428015566 4.253405994550409 0.010116731517509728 0.03814713896457766
0 0.11439688715953307 4.270435967302452 0.010894941634241245 0.039509536784741145
0 0.12529182879377432 4.172343324250681 0.013229571984435798 0.05313351498637602
0 0.6984435797665369 4.357629427792916 0.013229571984435798 0.055858310626702996
0 0.8062256809338522 4.337874659400545 0.011673151750972763 0.04087193460490463
0 0.7885214007782101 4.2540871934604905 0.013618677042801557 0.05313351498637602
0 0.8182879377431906 4.233651226158038 0.014785992217898832 0.07220708446866485
