0 0.5433101314771849 0.5764705882352941 0.11678267594740913 0.4647058823529412
0 0.7745552977571539 0.6661764705882353 0.07811291569992267 0.3205882352941177
0 0.6152358855375096 0.7279411764705882 0.08275328692962104 0.3205882352941177
0 0.27610208816705334 0.85 0.07269914926527456 0.3
0 0.06844547563805105 0.6588235294117647 0.06883217324052592 0.29411764705882354
0 0.23665893271461716 0.5779411764705882 0.07579273008507348 0.2323529411764706
0 0.15699922660479504 0.6823529411764706 0.0634184068058778 0.25882352941176473
0 0.02397525135344161 0.4573529411764706 0.05568445475638051 0.26176470588235295
0 0.07617942768754833 0.5764705882352941 0.06419180201082754 0.27647058823529413
0 0.3290796597061098 0.5720588235294117 0.06264501160092807 0.2676470588235294
0 0.4574632637277649 0.5102941176470588 0.06264501160092807 0.26176470588235295
0 0.2838360402165507 0.5367647058823529 0.04640371229698376 0.19117647058823528
0 0.06148491879350348 0.19411764705882353 0.06419180201082754 0.20588235294117646
0 0.1740139211136891 0.32941176470588235 0.0634184068058778 0.2647058823529412
0 0.2254447022428461 0.3558823529411765 0.058004640371229696 0.24705882352941178
0 0.39443155452436196 0.5558823529411765 0.05259087393658159 0.22941176470588234
0 0.42846094354215003 0.23529411764705882 0.05877803557617943 0.22941176470588234
0 0.9632637277648879 0.36911764705882355 0.065738592420727 0.2676470588235294
0 0.897138437741686 0.4661764705882353 0.06805877803557618 0.24411764705882352
0 0.820185614849188 0.4514705882352941 0.06264501160092807 0.3088235294117647
