0 0.12676641729010807 2.286096256684492 0.07231920199501247 0.25668449197860965
0 0.38154613466334164 1.9532085561497325 0.029925187032418952 0.10962566844919786
0 0.5029093931837074 1.838235294117647 0.023275145469659187 0.09358288770053476
0 0.49501246882793015 1.7125668449197862 0.014131338320864505 0.05080213903743316
0 0.48046550290939316 1.6657754010695187 0.00997506234413965 0.0374331550802139
0 0.5677472984206151 1.6189839572192513 0.00831255195344971 0.029411764705882353
0 0.5931005818786368 1.606951871657754 0.007481296758104738 0.0213903743315508
0 0.6064006650041562 1.4893048128342246 0.004156275976724855 0.0106951871657754
0 0.6101413133832086 1.4973262032085561 0.0033250207813798837 0.0106951871657754
0 0.6396508728179551 1.4893048128342246 0.004156275976724855 0.016042780748663103
0 0.6346633416458853 1.641711229946524 0.007481296758104738 0.026737967914438502
0 0.6392352452202826 1.6203208556149733 0.00831255195344971 0.03208556149732621
0 0.6629260182876143 1.6510695187165776 0.010806317539484621 0.040106951871657755
0 0.7103075644222776 1.6229946524064172 0.012468827930174564 0.0374331550802139
0 0.7539484621778886 1.6029411764705883 0.00831255195344971 0.034759358288770054
0 0.7892768079800498 1.6002673796791445 0.00914380714879468 0.034759358288770054
0 0.816708229426434 1.7085561497326203 0.015793848711554447 0.058823529411764705
0 0.8561928512053201 1.7713903743315509 0.013300083125519535 0.05614973262032086
0 0.9276807980049875 1.8168449197860963 0.02660016625103907 0.08288770053475936
0 0.985453034081463 1.8061497326203209 0.025768911055694097 0.09358288770053476
0 1.081463009143807 1.786096256684492 0.01828761429758936 0.0748663101604278
