0 0.11061946902654868 0.5784671532846716 0.08849557522123894 0.2591240875912409
0 0.17035398230088494 0.6733576642335767 0.08112094395280237 0.24452554744525548
0 0.24410029498525074 0.5054744525547445 0.05752212389380531 0.16423357664233576
0 0.4085545722713864 0.5985401459854015 0.05309734513274336 0.18248175182481752
0 0.5309734513274337 0.5784671532846716 0.061946902654867256 0.20802919708029197
0 0.5619469026548672 0.6295620437956204 0.058997050147492625 0.18613138686131386
0 0.6238938053097345 0.5529197080291971 0.05604719764011799 0.12773722627737227
0 0.693952802359882 0.698905109489051 0.06932153392330384 0.22262773722627738
0 0.7190265486725663 0.48722627737226276 0.045722713864306784 0.15693430656934307
0 0.8097345132743363 0.6277372262773723 0.06489675516224189 0.18248175182481752
0 0.866519174041298 0.5182481751824818 0.07227138643067847 0.24817518248175183
0 0.9727138643067846 0.5091240875912408 0.05457227138643068 0.13503649635036497
