0 0.005708848715509039 0.7526766595289079 0.058991436726926735 0.19914346895074947
0 0.09847764034253093 0.550321199143469 0.035204567078972404 0.10278372591006424
0 0.03663177925784967 0.5396145610278372 0.021883920076117985 0.06852248394004283
0 0.08563273073263558 0.7066381156316917 0.02664129400570885 0.06852248394004283
0 0.14462416745956233 0.7141327623126338 0.022835394862036156 0.07494646680942184
0 0.20076117982873454 0.7312633832976445 0.024738344433872503 0.07494646680942184
0 0.2226450999048525 0.7044967880085653 0.024738344433872503 0.0728051391862955
0 0.2687916270218839 0.7066381156316917 0.025689819219790674 0.06852248394004283
0 0.39295908658420553 0.5074946466809421 0.049476688867745006 0.12419700214132762
0 0.4333967649857279 0.5449678800856531 0.056137012369172214 0.16488222698072805
0 0.5694576593720266 0.6852248394004282 0.01807802093244529 0.059957173447537475
0 0.7259752616555661 0.35224839400428265 0.06660323501427212 0.16059957173447537
0 0.8244529019980971 0.5535331905781584 0.048525214081826834 0.15203426124197003
0 0.8044719314938155 0.5770877944325482 0.023786869647954328 0.07494646680942184
0 0.9058039961941009 0.5835117773019272 0.015223596574690771 0.05353319057815846
0 0.9381541389153187 0.6905781584582441 0.017126546146527116 0.04068522483940043
0 0.961941008563273 0.7012847965738758 0.015223596574690771 0.044967880085653104
0 0.9257849666983825 0.12955032119914348 0.015223596574690771 0.04068522483940043
0 0.8453853472882968 0.06531049250535331 0.019980970504281638 0.05353319057815846
0 0.7716460513796385 0.020342612419700215 0.013320647002854425 0.032119914346895075
0 0.7159847764034253 0.10171306209850108 0.019980970504281638 0.05353319057815846
0 0.7464319695528069 0.12633832976445397 0.016175071360608945 0.042826552462526764
0 0.7816365366317792 0.13704496788008566 0.016175071360608945 0.047109207708779445
0 0.461465271170314 0.0021413276231263384 0.019029495718363463 0.042826552462526764
0 0.4167459562321599 -0.010706638115631691 0.015223596574690771 0.047109207708779445
0 0.39628924833491913 -0.031049250535331904 0.021883920076117985 0.04925053533190578
0 0.24785918173168411 0.031049250535331904 0.023786869647954328 0.06209850107066381
