0 0.025232403718459494 1.0957142857142856 0.00796812749003984 0.014285714285714285
0 -0.00199203187250996 1.0442857142857143 0.041168658698539175 0.11714285714285715
0 0.1341301460823373 1.0157142857142858 0.05843293492695883 0.11142857142857143
0 0.07171314741035857 1.082857142857143 0.010624169986719787 0.022857142857142857
0 0.08831341301460824 1.062857142857143 0.0199203187250996 0.04
0 0.20451527224435592 1.0785714285714285 0.00796812749003984 0.014285714285714285
0 0.22310756972111553 1.1171428571428572 0.01859229747675963 0.09142857142857143
0 0.22377158034528552 1.0871428571428572 0.00398406374501992 0.008571428571428572
0 0.2642762284196547 1.1171428571428572 0.013280212483399735 0.06285714285714286
0 0.27224435590969454 1.0928571428571427 0.005312084993359893 0.014285714285714285
0 0.2775564409030544 1.1142857142857143 0.013280212483399735 0.07428571428571429
0 0.301460823373174 1.0757142857142856 0.01593625498007968 0.037142857142857144
0 0.31806108897742363 1.0885714285714285 0.009296148738379814 0.022857142857142857
0 0.3247011952191235 1.1171428571428572 0.014608233731739707 0.08571428571428572
0 0.38313413014608233 0.9928571428571429 0.043824701195219126 0.11142857142857143
0 0.5385126162018592 1.0642857142857143 0.06241699867197875 0.19142857142857142
0 0.45617529880478086 1.0814285714285714 0.006640106241699867 0.014285714285714285
0 0.5869853917662683 1.072857142857143 0.005312084993359893 0.014285714285714285
0 0.5969455511288181 1.0957142857142856 0.017264276228419653 0.07142857142857142
0 0.6042496679946879 1.0928571428571427 0.01593625498007968 0.07714285714285714
0 0.6135458167330677 1.07 0.005312084993359893 0.014285714285714285
0 0.6254980079681275 1.0714285714285714 0.005312084993359893 0.011428571428571429
0 0.6281540504648074 1.0957142857142856 0.013280212483399735 0.07142857142857142
0 0.6328021248339973 1.082857142857143 0.014608233731739707 0.06857142857142857
0 0.6407702523240372 1.0814285714285714 0.00398406374501992 0.008571428571428572
0 0.6580345285524568 1.0914285714285714 0.01195219123505976 0.05714285714285714
0 0.6666666666666666 1.0914285714285714 0.013280212483399735 0.06285714285714286
0 0.6799468791500664 1.062857142857143 0.00796812749003984 0.022857142857142857
0 0.6932270916334662 1.0742857142857143 0.005312084993359893 0.011428571428571429
0 0.7124833997343958 1.052857142857143 0.0199203187250996 0.037142857142857144
0 0.7297476759628154 1.0271428571428571 0.027888446215139442 0.04857142857142857
0 0.7576361221779548 1.1185714285714285 0.02257636122177955 0.14
0 0.7822045152722443 1.0557142857142856 0.010624169986719787 0.02
0 0.798140770252324 1.0657142857142856 0.00796812749003984 0.017142857142857144
0 0.8100929614873837 1.0642857142857143 0.00796812749003984 0.02
0 0.8406374501992032 1.062857142857143 0.010624169986719787 0.022857142857142857
0 0.8738379814077025 1.0485714285714285 0.01593625498007968 0.03428571428571429
0 0.8864541832669323 1.1014285714285714 0.014608233731739707 0.11142857142857143
0 0.9110225763612217 1.0585714285714285 0.010624169986719787 0.025714285714285714
0 0.9422310756972112 1.0271428571428571 0.006640106241699867 0.014285714285714285
0 0.9236387782204515 1.0871428571428572 0.014608233731739707 0.1
