0 0.26357827476038337 1.3842794759825328 0.09137380191693291 0.30131004366812225
0 0.4514376996805112 1.0884279475982532 0.065814696485623 0.2423580786026201
0 0.0268370607028754 1.470524017467249 0.006389776357827476 0.024017467248908297
0 0.08242811501597444 1.4661572052401746 0.008945686900958467 0.028384279475982533
0 0.13450479233226836 1.487991266375546 0.01853035143769968 0.07205240174672489
0 0.18370607028753994 1.4639737991266375 0.017252396166134186 0.06768558951965066
0 0.21629392971246006 1.4574235807860263 0.0134185303514377 0.05458515283842795
0 0.9958466453674122 1.1692139737991267 0.0134185303514377 0.05021834061135371
0 0.9664536741214057 1.1561135371179039 0.0134185303514377 0.04585152838427948
0 0.9226837060702875 1.1604803493449782 0.012779552715654952 0.05021834061135371
0 0.9424920127795527 1.1888646288209608 0.011501597444089457 0.04585152838427948
0 0.9028753993610223 1.1877729257641922 0.012779552715654952 0.043668122270742356
0 0.6172523961661341 1.240174672489083 0.008945686900958467 0.034934497816593885
0 0.6450479233226837 1.2587336244541485 0.008306709265175719 0.03275109170305677
0 0.6782747603833866 1.25 0.009584664536741214 0.04148471615720524
0 0.7067092651757189 1.269650655021834 0.008945686900958467 0.03711790393013101
0 0.04121405750798722 1.4519650655021834 0.007028753993610224 0.026200873362445413
0 0.03738019169329074 1.453056768558952 0.005750798722044728 0.019650655021834062
0 0.6527156549520767 1.2958515283842795 0.007028753993610224 0.028384279475982533
0 0.8498402555910544 1.2936681222707425 0.0076677316293929714 0.028384279475982533
0 0.8648562300319489 1.3034934497816595 0.007028753993610224 0.026200873362445413
0 0.8773162939297124 1.3100436681222707 0.006389776357827476 0.021834061135371178
