0 0.02763819095477387 1.1672597864768683 0.031825795644891124 0.06405693950177936
0 0.11557788944723618 1.1779359430604983 0.03350083752093802 0.0711743772241993
0 0.19262981574539365 1.199288256227758 0.03685092127303183 0.08540925266903915
0 0.271356783919598 1.1672597864768683 0.03015075376884422 0.0711743772241993
0 0.34505862646566166 1.2473309608540926 0.03685092127303183 0.09608540925266904
0 0.4639865996649916 1.2402135231316727 0.03015075376884422 0.07473309608540925
0 0.5 1.3238434163701067 0.04522613065326633 0.11387900355871886
0 0.6046901172529313 1.386120996441281 0.06030150753768844 0.1103202846975089
0 0.6792294807370184 1.3629893238434163 0.06532663316582915 0.13523131672597866
0 0.7663316582914573 1.3629893238434163 0.04187604690117253 0.099644128113879
0 0.9246231155778895 1.1708185053380782 0.03350083752093802 0.07829181494661921
0 0.9916247906197655 1.113879003558719 0.03015075376884422 0.0711743772241993
0 0.9539363484087102 1.1085409252669038 0.02512562814070352 0.060498220640569395
0 0.8685092127303182 1.106761565836299 0.02512562814070352 0.05693950177935943
0 0.804857621440536 1.1583629893238434 0.021775544388609715 0.05338078291814947
0 0.7705192629815746 1.1387900355871887 0.020100502512562814 0.0498220640569395
0 0.8358458961474037 1.1085409252669038 0.020100502512562814 0.05338078291814947
0 0.7144053601340034 1.1174377224199288 0.021775544388609715 0.0498220640569395
0 0.6733668341708543 1.1565836298932384 0.020100502512562814 0.0498220640569395
0 0.635678391959799 1.1298932384341638 0.02512562814070352 0.060498220640569395
0 0.5728643216080402 1.1298932384341638 0.023450586264656615 0.046263345195729534
0 0.5209380234505863 1.1192170818505338 0.023450586264656615 0.060498220640569395
0 0.46063651591289784 1.1174377224199288 0.023450586264656615 0.05693950177935943
0 0.4112227805695142 1.1565836298932384 0.021775544388609715 0.0498220640569395
0 0.37269681742043553 1.1334519572953736 0.021775544388609715 0.05338078291814947
0 0.32160804020100503 1.099644128113879 0.020100502512562814 0.042704626334519574
0 0.2663316582914573 1.1370106761565837 0.02680067001675042 0.060498220640569395
0 0.21608040201005024 1.1708185053380782 0.023450586264656615 0.05693950177935943
0 0.17504187604690116 1.2277580071174377 0.02847571189279732 0.06405693950177936
0 0.14824120603015076 1.2153024911032029 0.02847571189279732 0.060498220640569395
0 0.018425460636515914 1.0765124555160142 0.023450586264656615 0.046263345195729534
0 0.038525963149078725 1.1316725978647686 0.023450586264656615 0.06405693950177936
0 0.017587939698492462 1.0782918149466192 0.021775544388609715 0.042704626334519574
0 0.05025125628140704 1.0569395017793595 0.020100502512562814 0.042704626334519574
0 0.09045226130653267 1.0658362989323844 0.020100502512562814 0.046263345195729534
0 0.2730318257956449 0.994661921708185 0.010050251256281407 0.02491103202846975
0 0.2847571189279732 1.0409252669039146 0.01675041876046901 0.11743772241992882
0 0.2981574539363484 1.00355871886121 0.010050251256281407 0.021352313167259787
0 0.2998324958123953 1.0320284697508897 0.01675041876046901 0.12811387900355872
0 0.31072026800670016 0.9911032028469751 0.008375209380234505 0.017793594306049824
0 0.3274706867671692 0.9928825622775801 0.008375209380234505 0.014234875444839857
0 0.32830820770519265 1.0 0.006700167504187605 0.014234875444839857
0 0.3324958123953099 1.0266903914590748 0.008375209380234505 0.017793594306049824
0 0.3442211055276382 0.994661921708185 0.008375209380234505 0.017793594306049824
0 0.3509212730318258 0.998220640569395 0.008375209380234505 0.017793594306049824
0 0.3676716917922948 0.994661921708185 0.011725293132328308 0.02491103202846975
0 0.38190954773869346 0.994661921708185 0.010050251256281407 0.02491103202846975
0 0.3969849246231156 1.00355871886121 0.010050251256281407 0.021352313167259787
0 0.466499162479062 0.99644128113879 0.008375209380234505 0.021352313167259787
0 0.4798994974874372 0.99644128113879 0.008375209380234505 0.021352313167259787
0 0.47906197654941374 0.994661921708185 0.010050251256281407 0.02491103202846975
0 0.49581239530988275 1.0 0.010050251256281407 0.021352313167259787
0 0.5083752093802345 0.99644128113879 0.008375209380234505 0.021352313167259787
0 0.5226130653266332 0.998220640569395 0.010050251256281407 0.02491103202846975
0 0.541038525963149 1.001779359430605 0.010050251256281407 0.02491103202846975
0 0.5510887772194305 1.0498220640569396 0.023450586264656615 0.12099644128113879
0 0.5619765494137353 0.9786476868327402 0.008375209380234505 0.021352313167259787
0 0.568676716917923 0.9768683274021353 0.005025125628140704 0.010676156583629894
0 0.5644891122278057 1.0053380782918149 0.010050251256281407 0.02491103202846975
0 0.5812395309882747 0.99644128113879 0.010050251256281407 0.028469750889679714
0 0.5904522613065326 0.9822064056939501 0.008375209380234505 0.021352313167259787
0 0.5971524288107203 0.9928825622775801 0.008375209380234505 0.021352313167259787
0 0.6055276381909548 1.0391459074733096 0.01507537688442211 0.12099644128113879
0 0.6122278056951423 1.0 0.008375209380234505 0.021352313167259787
0 0.6222780569514238 0.99644128113879 0.008375209380234505 0.021352313167259787
0 0.626465661641541 0.9822064056939501 0.010050251256281407 0.021352313167259787
0 0.7068676716917923 0.9822064056939501 0.010050251256281407 0.021352313167259787
0 0.711892797319933 0.9928825622775801 0.010050251256281407 0.021352313167259787
0 0.7194304857621441 0.9911032028469751 0.008375209380234505 0.02491103202846975
0 0.7361809045226131 1.0 0.008375209380234505 0.021352313167259787
0 0.7587939698492462 0.9928825622775801 0.010050251256281407 0.021352313167259787
0 0.7721943048576214 0.9839857651245552 0.010050251256281407 0.02491103202846975
0 0.7772194304857621 0.9928825622775801 0.010050251256281407 0.021352313167259787
0 0.7939698492462312 0.9644128113879004 0.006700167504187605 0.014234875444839857
0 0.7914572864321608 0.9928825622775801 0.008375209380234505 0.021352313167259787
0 0.7989949748743719 0.9857651245551602 0.010050251256281407 0.028469750889679714
0 0.8802345058626466 1.0516014234875444 0.011725293132328308 0.02491103202846975
0 0.9045226130653267 1.113879003558719 0.03350083752093802 0.15658362989323843
0 0.9346733668341709 1.0533807829181494 0.010050251256281407 0.021352313167259787
0 0.9505862646566164 1.0658362989323844 0.01507537688442211 0.046263345195729534
0 0.11809045226130653 1.1334519572953736 0.01507537688442211 0.03914590747330961
0 0.14824120603015076 1.1281138790035588 0.018425460636515914 0.042704626334519574
0 0.16750418760469013 1.1370106761565837 0.023450586264656615 0.05338078291814947
0 0.19765494137353434 1.1192170818505338 0.020100502512562814 0.046263345195729534
0 0.24371859296482412 1.1263345195729537 0.021775544388609715 0.046263345195729534
0 0.35175879396984927 1.1209964412811388 0.020100502512562814 0.042704626334519574
0 0.4028475711892797 1.103202846975089 0.01507537688442211 0.03558718861209965
0 0.457286432160804 1.1085409252669038 0.023450586264656615 0.060498220640569395
0 0.509212730318258 1.1103202846975089 0.023450586264656615 0.0498220640569395
0 0.6683417085427136 1.1103202846975089 0.01340033500837521 0.03558718861209965
0 0.6934673366834171 1.1085409252669038 0.020100502512562814 0.046263345195729534
0 0.7361809045226131 1.1334519572953736 0.021775544388609715 0.05338078291814947
0 0.535175879396985 0.900355871886121 0.011725293132328308 0.028469750889679714
