0 0.21160714285714285 9.553333333333333 0.033928571428571426 0.3333333333333333
0 0.26071428571428573 9.513333333333334 0.025 0.25333333333333335
0 0.3607142857142857 9.386666666666667 0.03214285714285714 0.24
0 0.3607142857142857 9.506666666666666 0.017857142857142856 0.13333333333333333
0 0.48482142857142857 9.746666666666666 0.07321428571428572 0.64
0 0.5732142857142857 9.873333333333333 0.07857142857142857 0.6
0 0.6741071428571429 9.9 0.05892857142857143 0.38666666666666666
0 0.7428571428571429 9.906666666666666 0.05357142857142857 0.4266666666666667
0 0.8151785714285714 9.68 0.030357142857142857 0.24
0 0.8651785714285715 10.073333333333334 0.055357142857142855 0.38666666666666666
0 0.9589285714285715 10.053333333333333 0.05 0.37333333333333335
0 1.0241071428571429 9.64 0.033928571428571426 0.26666666666666666
0 1.1875 9.513333333333334 0.014285714285714285 0.12
0 1.1598214285714286 9.453333333333333 0.0125 0.10666666666666667
