0 0.9838028169014085 0.7352941176470589 0.05211267605633803 0.18382352941176472
0 0.7845070422535211 0.6911764705882353 0.05352112676056338 0.13970588235294118
0 0.726056338028169 0.7794117647058824 0.057746478873239436 0.16176470588235295
0 0.5964788732394366 0.6194852941176471 0.054929577464788736 0.15073529411764705
0 0.6084507042253521 0.7720588235294118 0.05352112676056338 0.1323529411764706
0 0.4323943661971831 0.7352941176470589 0.05352112676056338 0.13970588235294118
0 0.44084507042253523 0.9025735294117647 0.059154929577464786 0.15808823529411764
0 0.2992957746478873 0.6011029411764706 0.06056338028169014 0.14338235294117646
0 0.2380281690140845 0.8823529411764706 0.05352112676056338 0.16176470588235295
0 0.07394366197183098 0.8235294117647058 0.06338028169014084 0.13970588235294118
0 0.9084507042253521 0.014705882352941176 0.022535211267605635 0.0661764705882353
