0 0.01697019867549669 0.019406392694063926 0.015728476821192054 0.04794520547945205
0 0.008278145695364239 0.1552511415525114 0.02152317880794702 0.0684931506849315
0 0.059602649006622516 0.03424657534246575 0.019867549668874173 0.0593607305936073
0 0.05504966887417218 0.1495433789954338 0.020695364238410598 0.06164383561643835
0 0.09685430463576158 0.3344748858447489 0.057947019867549666 0.15753424657534246
0 0.09478476821192053 0.04452054794520548 0.01903973509933775 0.06164383561643835
0 0.14486754966887416 0.05821917808219178 0.019867549668874173 0.06621004566210045
0 0.1452814569536424 0.2271689497716895 0.020695364238410598 0.05707762557077625
0 0.18501655629139072 0.04908675799086758 0.015728476821192054 0.05707762557077625
0 0.22019867549668873 0.0547945205479452 0.016556291390728478 0.0547945205479452
0 0.18129139072847683 0.228310502283105 0.019867549668874173 0.0639269406392694
0 0.21316225165562913 0.22945205479452055 0.015728476821192054 0.05251141552511415
0 0.17094370860927152 0.3356164383561644 0.01903973509933775 0.0547945205479452
0 0.19619205298013245 0.4212328767123288 0.018211920529801324 0.06621004566210045
0 0.2115066225165563 0.5376712328767124 0.014072847682119206 0.04794520547945205
0 0.2458609271523179 0.5057077625570776 0.018211920529801324 0.05707762557077625
0 0.25579470198675497 0.5662100456621004 0.023178807947019868 0.0776255707762557
0 0.2893211920529801 0.6541095890410958 0.020695364238410598 0.06621004566210045
0 0.3257450331125828 0.5707762557077626 0.024006622516556293 0.091324200913242
0 0.2591059602649007 0.08105022831050228 0.014900662251655629 0.05707762557077625
0 0.3120860927152318 0.0730593607305936 0.018211920529801324 0.0547945205479452
0 0.2706953642384106 0.24885844748858446 0.016556291390728478 0.0502283105022831
0 0.2951158940397351 0.2226027397260274 0.015728476821192054 0.05251141552511415
0 0.32326158940397354 0.2557077625570776 0.0173841059602649 0.0547945205479452
0 0.3344370860927152 0.20319634703196346 0.014900662251655629 0.0547945205479452
0 0.37293046357615894 0.2146118721461187 0.01903973509933775 0.0639269406392694
0 0.2814569536423841 0.3242009132420091 0.019867549668874173 0.0547945205479452
0 0.2889072847682119 0.4223744292237443 0.018211920529801324 0.0684931506849315
0 0.3216059602649007 0.4497716894977169 0.0173841059602649 0.0547945205479452
0 0.3356788079470199 0.3949771689497717 0.01903973509933775 0.0639269406392694
0 0.3990066225165563 0.4828767123287671 0.019867549668874173 0.06164383561643835
0 0.42218543046357615 0.6210045662100456 0.019867549668874173 0.0639269406392694
0 0.43460264900662254 0.5102739726027398 0.014900662251655629 0.05707762557077625
0 0.47433774834437087 0.541095890410959 0.014900662251655629 0.0502283105022831
0 0.43998344370860926 0.11643835616438356 0.015728476821192054 0.045662100456621
0 0.4772350993377483 0.10388127853881278 0.0173841059602649 0.05251141552511415
0 0.5045529801324503 0.12442922374429223 0.015728476821192054 0.05707762557077625
0 0.5422185430463576 0.13013698630136986 0.018211920529801324 0.0547945205479452
0 0.5852649006622517 0.1095890410958904 0.014900662251655629 0.0502283105022831
0 0.42259933774834435 0.23401826484018265 0.022350993377483443 0.07077625570776255
0 0.4192880794701987 0.3321917808219178 0.01903973509933775 0.05707762557077625
0 0.47971854304635764 0.3698630136986301 0.015728476821192054 0.0547945205479452
0 0.45695364238410596 0.3447488584474886 0.018211920529801324 0.0684931506849315
0 0.4925496688741722 0.2602739726027397 0.018211920529801324 0.0639269406392694
0 0.5269039735099338 0.3641552511415525 0.0173841059602649 0.05707762557077625
0 0.5219370860927153 0.4908675799086758 0.015728476821192054 0.0502283105022831
0 0.5149006622516556 0.613013698630137 0.02152317880794702 0.07077625570776255
0 0.5492549668874173 0.2408675799086758 0.01903973509933775 0.06164383561643835
0 0.5778145695364238 0.2420091324200913 0.014900662251655629 0.0410958904109589
0 0.609271523178808 0.2636986301369863 0.016556291390728478 0.05707762557077625
0 0.5674668874172185 0.365296803652968 0.0173841059602649 0.0547945205479452
0 0.6059602649006622 0.4235159817351598 0.016556291390728478 0.05707762557077625
0 0.5571192052980133 0.4977168949771689 0.016556291390728478 0.0593607305936073
0 0.6072019867549668 0.4920091324200913 0.0173841059602649 0.06621004566210045
0 0.5873344370860927 0.6278538812785388 0.0173841059602649 0.0547945205479452
0 0.5674668874172185 0.819634703196347 0.0173841059602649 0.0593607305936073
0 0.6072019867549668 0.8321917808219178 0.0173841059602649 0.05707762557077625
0 0.5475993377483444 0.8801369863013698 0.01903973509933775 0.07077625570776255
0 0.6009933774834437 0.9235159817351598 0.016556291390728478 0.07077625570776255
0 0.6597682119205298 0.9235159817351598 0.02152317880794702 0.07534246575342465
0 0.6320364238410596 0.9360730593607306 0.020695364238410598 0.0639269406392694
0 0.6382450331125827 0.7922374429223744 0.016556291390728478 0.0593607305936073
0 0.6510761589403974 0.7442922374429224 0.01903973509933775 0.0502283105022831
0 0.6386589403973509 0.6426940639269406 0.0173841059602649 0.05707762557077625
0 0.6846026490066225 0.5136986301369864 0.019867549668874173 0.0593607305936073
0 0.6465231788079471 0.4874429223744292 0.018211920529801324 0.05707762557077625
0 0.6531456953642384 0.3892694063926941 0.016556291390728478 0.05707762557077625
0 0.6485927152317881 0.228310502283105 0.01903973509933775 0.0639269406392694
0 0.6274834437086093 0.12557077625570776 0.016556291390728478 0.0547945205479452
0 0.9685430463576159 0.9463470319634704 0.024834437086092714 0.07534246575342465
0 0.9213576158940397 0.9474885844748858 0.018211920529801324 0.0639269406392694
0 0.8770695364238411 0.9383561643835616 0.020695364238410598 0.0639269406392694
0 0.8447847682119205 0.9611872146118722 0.01903973509933775 0.0684931506849315
0 0.8125 0.9360730593607306 0.020695364238410598 0.0593607305936073
0 0.7702814569536424 0.9189497716894978 0.024006622516556293 0.07077625570776255
0 0.964817880794702 0.7865296803652968 0.0173841059602649 0.06164383561643835
0 0.9283940397350994 0.841324200913242 0.01903973509933775 0.06164383561643835
0 0.8882450331125827 0.8070776255707762 0.016556291390728478 0.05251141552511415
0 0.8447847682119205 0.79337899543379 0.01903973509933775 0.05707762557077625
0 0.8042218543046358 0.7751141552511416 0.015728476821192054 0.04794520547945205
0 0.7512417218543046 0.632420091324201 0.015728476821192054 0.0593607305936073
0 0.8509933774834437 0.660958904109589 0.016556291390728478 0.05251141552511415
0 0.9511589403973509 0.6461187214611872 0.016556291390728478 0.0547945205479452
0 0.9213576158940397 0.5308219178082192 0.019867549668874173 0.06164383561643835
0 0.8849337748344371 0.5091324200913242 0.019867549668874173 0.0593607305936073
0 0.8402317880794702 0.5068493150684932 0.018211920529801324 0.0593607305936073
0 0.804635761589404 0.521689497716895 0.018211920529801324 0.05707762557077625
0 0.7698675496688742 0.519406392694064 0.016556291390728478 0.06621004566210045
0 0.7264072847682119 0.5525114155251142 0.0173841059602649 0.0547945205479452
0 0.7144039735099338 0.5159817351598174 0.016556291390728478 0.0502283105022831
0 0.7284768211920529 0.4075342465753425 0.014900662251655629 0.05707762557077625
0 0.7826986754966887 0.3915525114155251 0.015728476821192054 0.04794520547945205
0 0.8696192052980133 0.3721461187214612 0.0173841059602649 0.0593607305936073
0 0.9010761589403974 0.3949771689497717 0.015728476821192054 0.0593607305936073
0 0.9635761589403974 0.3732876712328767 0.02152317880794702 0.05251141552511415
0 0.972682119205298 0.2796803652968037 0.04966887417218543 0.2579908675799087
0 0.9329470198675497 0.2842465753424658 0.016556291390728478 0.05251141552511415
0 0.8977649006622517 0.2819634703196347 0.015728476821192054 0.05707762557077625
0 0.8733443708609272 0.2831050228310502 0.018211920529801324 0.0639269406392694
0 0.8464403973509934 0.2842465753424658 0.015728476821192054 0.05251141552511415
0 0.8054635761589404 0.273972602739726 0.018211920529801324 0.0547945205479452
0 0.7711092715231788 0.2705479452054795 0.015728476821192054 0.04794520547945205
0 0.7297185430463576 0.24315068493150685 0.012417218543046357 0.04337899543378995
0 0.6899834437086093 0.2557077625570776 0.015728476821192054 0.045662100456621
0 0.695364238410596 0.1449771689497717 0.013245033112582781 0.04794520547945205
0 0.7363410596026491 0.15639269406392695 0.015728476821192054 0.05251141552511415
0 0.8029801324503312 0.04337899543378995 0.016556291390728478 0.0547945205479452
0 0.9097682119205298 0.02511415525114155 0.016556291390728478 0.0502283105022831
0 0.7247516556291391 0.680365296803653 0.04056291390728477 0.1004566210045662
0 0.40107615894039733 0.6050228310502284 0.043874172185430466 0.1187214611872146
0 0.37003311258278143 0.3641552511415525 0.052980132450331126 0.15753424657534246
0 0.16928807947019867 0.4863013698630137 0.055463576158940396 0.1552511415525114
