0 0.9921568627450981 1.7700228832951945 0.03137254901960784 0.1945080091533181
0 0.9561274509803922 1.7837528604118993 0.030882352941176472 0.15789473684210525
0 0.8036764705882353 1.620137299771167 0.025980392156862746 0.12356979405034325
0 0.8299019607843138 2.108695652173913 0.07745098039215687 0.8993135011441648
0 0.753921568627451 2.0320366132723113 0.028431372549019607 0.13272311212814644
0 0.7071078431372549 1.8615560640732265 0.02696078431372549 0.14416475972540047
0 0.6360294117647058 2.0961098398169336 0.027941176470588237 0.16475972540045766
0 0.6301470588235294 1.8649885583524028 0.02696078431372549 0.14645308924485126
0 0.5357843137254902 1.6819221967963387 0.03529411764705882 0.17391304347826086
0 0.46740196078431373 1.8203661327231122 0.027941176470588237 0.14874141876430205
0 0.3764705882352941 1.9187643020594967 0.030392156862745098 0.13043478260869565
0 0.34044117647058825 1.9645308924485125 0.02696078431372549 0.13043478260869565
0 0.254656862745098 1.9816933638443937 0.025 0.14645308924485126
0 0.17279411764705882 2.1842105263157894 0.027941176470588237 0.11670480549199085
0 0.15612745098039216 2.2562929061784898 0.02303921568627451 0.10526315789473684
0 0.10759803921568628 2.210526315789474 0.02303921568627451 0.14187643020594964
0 0.05220588235294118 2.3066361556064074 0.024019607843137256 0.12814645308924486
0 0.02034313725490196 2.35812356979405 0.025 0.12128146453089245
