0 0.04105960264900662 4.276073619631902 0.007947019867549669 0.08588957055214724
0 0.06026490066225165 4.230061349693251 0.006622516556291391 0.06748466257668712
0 0.0347682119205298 4.02760736196319 0.009933774834437087 0.09202453987730061
0 0.06589403973509934 4.049079754601227 0.00728476821192053 0.0736196319018405
0 0.07251655629139073 4.079754601226994 0.00728476821192053 0.0736196319018405
0 0.10463576158940398 4.042944785276074 0.009271523178807948 0.08588957055214724
0 0.10662251655629139 4.030674846625767 0.006622516556291391 0.08588957055214724
0 0.12086092715231789 4.171779141104294 0.005960264900662252 0.06134969325153374
0 0.13013245033112583 4.015337423312883 0.008609271523178808 0.10429447852760736
0 0.10662251655629139 3.950920245398773 0.005298013245033113 0.12269938650306748
0 0.11059602649006622 3.9539877300613497 0.005298013245033113 0.1165644171779141
0 0.1152317880794702 3.96319018404908 0.005298013245033113 0.12269938650306748
0 0.1314569536423841 3.9693251533742333 0.005960264900662252 0.13496932515337423
0 0.13774834437086092 3.914110429447853 0.0026490066225165563 0.024539877300613498
0 0.14205298013245032 3.978527607361963 0.00728476821192053 0.1411042944785276
0 0.18741721854304635 4.02760736196319 0.006622516556291391 0.06748466257668712
0 0.1900662251655629 4.125766871165644 0.005298013245033113 0.05521472392638037
0 0.2033112582781457 4.04601226993865 0.007947019867549669 0.07975460122699386
0 0.20165562913907284 4.02760736196319 0.00728476821192053 0.06748466257668712
0 0.22152317880794703 3.920245398773006 0.001986754966887417 0.024539877300613498
0 0.2142384105960265 3.96319018404908 0.00728476821192053 0.147239263803681
0 0.23940397350993378 4.03680981595092 0.005960264900662252 0.06134969325153374
0 0.24304635761589405 3.9539877300613497 0.005298013245033113 0.12883435582822086
0 0.2675496688741722 3.9693251533742333 0.005298013245033113 0.12269938650306748
0 0.2771523178807947 3.9693251533742333 0.004635761589403974 0.12269938650306748
0 0.25165562913907286 4.042944785276074 0.005298013245033113 0.049079754601226995
0 0.26688741721854303 4.061349693251533 0.005298013245033113 0.06134969325153374
0 0.26920529801324505 4.00920245398773 0.0033112582781456954 0.03067484662576687
0 0.2801324503311258 4.033742331288344 0.006622516556291391 0.05521472392638037
0 0.2933774834437086 4.012269938650307 0.003973509933774834 0.03680981595092025
0 0.31887417218543046 3.9723926380368098 0.004635761589403974 0.1411042944785276
0 0.32350993377483445 3.9693251533742333 0.004635761589403974 0.11042944785276074
0 0.3258278145695364 4.012269938650307 0.003973509933774834 0.03680981595092025
0 0.3347682119205298 4.012269938650307 0.004635761589403974 0.049079754601226995
0 0.35827814569536426 4.03680981595092 0.003973509933774834 0.03680981595092025
0 0.3619205298013245 4.052147239263804 0.0033112582781456954 0.03067484662576687
0 0.3980132450331126 4.006134969325154 0.003973509933774834 0.03680981595092025
0 0.40066225165562913 4.076687116564417 0.006622516556291391 0.1901840490797546
0 0.41324503311258276 4.033742331288344 0.0026490066225165563 0.03067484662576687
0 0.42152317880794704 3.996932515337423 0.0033112582781456954 0.03067484662576687
0 0.5129139072847683 3.9539877300613497 0.004635761589403974 0.10429447852760736
0 0.5082781456953642 4.03680981595092 0.004635761589403974 0.11042944785276074
0 0.5129139072847683 4.04601226993865 0.004635761589403974 0.1165644171779141
0 0.5175496688741722 4.03680981595092 0.004635761589403974 0.12269938650306748
0 0.5201986754966887 4.042944785276074 0.004635761589403974 0.12269938650306748
0 0.5251655629139073 4.052147239263804 0.003973509933774834 0.10429447852760736
0 0.5516556291390728 3.960122699386503 0.005298013245033113 0.1411042944785276
0 0.5556291390728477 3.950920245398773 0.005298013245033113 0.12269938650306748
0 0.5496688741721855 4.03680981595092 0.005298013245033113 0.11042944785276074
0 0.569205298013245 4.0030674846625764 0.001986754966887417 0.018404907975460124
0 0.5718543046357616 4.033742331288344 0.004635761589403974 0.12883435582822086
0 0.5751655629139073 3.996932515337423 0.001986754966887417 0.018404907975460124
0 0.6321192052980132 4.052147239263804 0.005960264900662252 0.1656441717791411
0 0.6370860927152318 4.049079754601227 0.005298013245033113 0.17177914110429449
0 0.7178807947019867 3.996932515337423 0.0026490066225165563 0.03067484662576687
0 0.7490066225165563 4.0030674846625764 0.003973509933774834 0.04294478527607362
0 0.7625827814569537 4.156441717791411 0.012582781456953643 0.3128834355828221
0 0.7655629139072848 3.9263803680981595 0.003973509933774834 0.11042944785276074
0 0.7596026490066226 3.9263803680981595 0.003973509933774834 0.11042944785276074
0 0.756953642384106 3.9294478527607364 0.003973509933774834 0.1165644171779141
0 0.7533112582781457 3.9294478527607364 0.004635761589403974 0.1165644171779141
0 0.7503311258278146 3.9294478527607364 0.003973509933774834 0.1165644171779141
0 0.747682119205298 3.9294478527607364 0.003973509933774834 0.12883435582822086
0 0.7721854304635761 3.9263803680981595 0.003973509933774834 0.12269938650306748
0 0.7754966887417218 3.9263803680981595 0.005298013245033113 0.12269938650306748
0 0.7827814569536424 3.8834355828220857 0.0026490066225165563 0.024539877300613498
0 0.7867549668874172 3.9447852760736195 0.005298013245033113 0.12269938650306748
0 0.7894039735099337 3.9294478527607364 0.005298013245033113 0.12883435582822086
0 0.7682119205298014 4.125766871165644 0.009271523178807948 0.3128834355828221
0 0.7897350993377483 4.0184049079754605 0.0033112582781456954 0.03680981595092025
0 0.7986754966887417 3.978527607361963 0.003973509933774834 0.04294478527607362
0 0.8033112582781456 3.978527607361963 0.005298013245033113 0.05521472392638037
0 0.8089403973509933 3.978527607361963 0.005960264900662252 0.06748466257668712
0 0.8211920529801324 3.9877300613496933 0.007947019867549669 0.06134969325153374
0 0.8264900662251655 3.9355828220858897 0.005298013245033113 0.10429447852760736
0 0.8357615894039735 4.033742331288344 0.003973509933774834 0.04294478527607362
0 0.8394039735099338 4.015337423312883 0.005960264900662252 0.06748466257668712
0 0.8496688741721854 4.039877300613497 0.007947019867549669 0.06748466257668712
0 0.859271523178808 4.0 0.00728476821192053 0.0736196319018405
0 0.8658940397350994 4.02760736196319 0.008609271523178808 0.06748466257668712
0 0.8834437086092716 4.02760736196319 0.007947019867549669 0.09202453987730061
0 0.8937086092715232 3.960122699386503 0.00728476821192053 0.07975460122699386
0 0.8725165562913907 3.9294478527607364 0.005960264900662252 0.1411042944785276
0 0.873841059602649 4.236196319018405 0.01390728476821192 0.4723926380368098
0 0.936092715231788 3.9662576687116564 0.001986754966887417 0.018404907975460124
0 0.9450331125827814 3.9907975460122698 0.003973509933774834 0.03067484662576687
0 0.9556291390728476 3.9877300613496933 0.003973509933774834 0.03680981595092025
0 0.9622516556291391 4.0030674846625764 0.003973509933774834 0.04294478527607362
0 1.0072847682119206 4.021472392638037 0.007947019867549669 0.07975460122699386
0 0.2619205298013245 3.6226993865030677 0.0033112582781456954 0.09202453987730061
0 0.2652317880794702 3.607361963190184 0.004635761589403974 0.11042944785276074
0 0.2695364238410596 3.6104294478527605 0.005298013245033113 0.1165644171779141
0 0.35927152317880795 3.6319018404907975 0.004635761589403974 0.09815950920245399
0 0.37119205298013247 3.625766871165644 0.004635761589403974 0.11042944785276074
0 0.3933774834437086 3.638036809815951 0.003973509933774834 0.11042944785276074
0 0.3966887417218543 3.625766871165644 0.003973509933774834 0.13496932515337423
0 0.3990066225165563 3.628834355828221 0.004635761589403974 0.12883435582822086
0 0.42748344370860925 3.647239263803681 0.0033112582781456954 0.1165644171779141
0 0.4695364238410596 3.6165644171779143 0.005298013245033113 0.1165644171779141
0 0.4725165562913907 3.6134969325153374 0.004635761589403974 0.12269938650306748
0 0.48973509933774834 3.6165644171779143 0.004635761589403974 0.12883435582822086
0 0.49304635761589405 3.6196319018404908 0.004635761589403974 0.12269938650306748
0 0.49701986754966887 3.6226993865030677 0.004635761589403974 0.12883435582822086
0 0.5201986754966887 3.5920245398773005 0.004635761589403974 0.10429447852760736
0 0.5241721854304636 3.5950920245398774 0.004635761589403974 0.11042944785276074
0 0.5281456953642384 3.598159509202454 0.0033112582781456954 0.10429447852760736
0 0.5526490066225166 3.6134969325153374 0.004635761589403974 0.12269938650306748
0 0.5923841059602649 3.5552147239263805 0.001986754966887417 0.018404907975460124
0 0.6135761589403973 3.598159509202454 0.005960264900662252 0.07975460122699386
0 0.6225165562913907 3.6134969325153374 0.005298013245033113 0.13496932515337423
0 0.7258278145695364 3.604294478527607 0.003973509933774834 0.10429447852760736
0 0.7284768211920529 3.598159509202454 0.003973509933774834 0.1165644171779141
