0 1.006904487917146 0.5210237659963437 0.04602991944764097 0.08409506398537477
0 0.9223245109321059 0.48171846435100546 0.047180667433831994 0.09323583180987204
0 0.8216340621403913 0.506398537477148 0.04602991944764097 0.08775137111517367
0 0.7180667433831991 0.5100548446069469 0.04602991944764097 0.09506398537477148
0 0.6098964326812428 0.463436928702011 0.04833141542002301 0.09323583180987204
0 0.4982738780207135 0.4936014625228519 0.04372842347525892 0.09506398537477148
0 0.39182968929804374 0.5045703839122486 0.04487917146144994 0.09506398537477148
0 0.2945914844649022 0.48811700182815354 0.04372842347525892 0.08775137111517367
0 0.1996547756041427 0.5164533820840951 0.04027617951668585 0.08957952468007313
0 0.8682393555811277 0.3281535648994516 0.04027617951668585 0.08592321755027423
0 0.8970080552359033 0.4250457038391225 0.0379746835443038 0.07861060329067641
0 1.022439585730725 0.40585009140767825 0.028768699654775604 0.05850091407678245
0 0.806674338319908 0.38482632541133455 0.039125431530494824 0.07495429616087751
0 0.7272727272727273 0.4113345521023766 0.039125431530494824 0.07678244972577697
0 0.6455696202531646 0.35740402193784276 0.04372842347525892 0.08226691042047532
0 0.5805523590333717 0.40219378427787933 0.03567318757192175 0.07312614259597806
0 0.49252013808975836 0.3875685557586837 0.03682393555811277 0.08409506398537477
0 0.39355581127733025 0.37842778793418647 0.039125431530494824 0.08775137111517367
0 0.3630609896432681 0.2915904936014625 0.04257767548906789 0.08592321755027423
0 0.43498273878020716 0.3126142595978062 0.04142692750287687 0.07678244972577697
0 0.4810126582278481 0.29981718464351004 0.03682393555811277 0.06946983546617916
0 0.523590333716916 0.35648994515539306 0.03222094361334868 0.07312614259597806
0 0.5690448791714614 0.3071297989031079 0.0379746835443038 0.07312614259597806
0 0.595512082853855 0.3290676416819013 0.04027617951668585 0.07312614259597806
0 0.6518987341772152 0.2970749542961609 0.03567318757192175 0.06398537477148081
0 0.7422324510932106 0.2970749542961609 0.03682393555811277 0.07495429616087751
0 0.8095512082853855 0.3016453382084095 0.0379746835443038 0.07678244972577697
