0 0.06442021803766106 1.337686567164179 0.03766105054509415 0.13805970149253732
0 0.20862239841427155 1.2705223880597014 0.02081268582755203 0.08582089552238806
0 0.2358771060455897 1.2854477611940298 0.02576808721506442 0.10820895522388059
0 0.29534192269573833 1.3190298507462686 0.023785926660059464 0.09328358208955224
0 0.36521308225966304 1.2817164179104477 0.01288404360753221 0.06343283582089553
0 0.003468780971258672 1.2761194029850746 0.004955401387512388 0.022388059701492536
0 0.01684836471754212 1.2723880597014925 0.003964321110009911 0.014925373134328358
0 0.023290386521308225 1.3041044776119404 0.010901883052527254 0.09328358208955224
0 0.08374628344895936 1.2667910447761195 0.004955401387512388 0.018656716417910446
0 0.199207135777998 1.3003731343283582 0.009910802775024777 0.07835820895522388
0 0.1897918731417245 1.2761194029850746 0.002973240832507433 0.014925373134328358
0 0.3121902874132805 1.2761194029850746 0.003964321110009911 0.014925373134328358
0 0.34390485629335976 1.2742537313432836 0.003964321110009911 0.011194029850746268
0 0.3493557978196234 1.2779850746268657 0.002973240832507433 0.011194029850746268
0 0.35133795837462833 1.2835820895522387 0.006937561942517344 0.05970149253731343
0 0.3711595639246779 1.2686567164179106 0.004955401387512388 0.022388059701492536
0 0.3815659068384539 1.2742537313432836 0.005946481665014866 0.026119402985074626
0 0.39643211100099107 1.2667910447761195 0.005946481665014866 0.026119402985074626
0 0.4643211100099108 1.2667910447761195 0.002973240832507433 0.011194029850746268
0 0.48810703666997024 1.287313432835821 0.006937561942517344 0.05970149253731343
0 0.4920713577799802 1.287313432835821 0.006937561942517344 0.05970149253731343
0 0.5168483647175421 1.287313432835821 0.006937561942517344 0.06716417910447761
0 0.5307234886025768 1.337686567164179 0.01288404360753221 0.15298507462686567
0 0.6040634291377601 1.2537313432835822 0.010901883052527254 0.04477611940298507
0 0.5951437066402379 1.3246268656716418 0.018830525272547076 0.16417910447761194
0 0.6184340931615461 1.2723880597014925 0.005946481665014866 0.022388059701492536
0 0.6268582755203171 1.2779850746268657 0.004955401387512388 0.018656716417910446
0 0.6367690782953419 1.2611940298507462 0.008919722497522299 0.03731343283582089
0 0.7244796828543112 1.2611940298507462 0.007928642220019821 0.029850746268656716
0 0.7784935579781962 1.2779850746268657 0.006937561942517344 0.026119402985074626
0 0.8334985133795837 1.2723880597014925 0.007928642220019821 0.029850746268656716
0 0.8627353815659068 1.2723880597014925 0.008919722497522299 0.029850746268656716
0 0.8761149653121902 1.2854477611940298 0.009910802775024777 0.041044776119402986
0 0.8855302279484638 1.2779850746268657 0.010901883052527254 0.048507462686567165
0 0.9241823587710605 1.2817164179104477 0.008919722497522299 0.041044776119402986
0 0.6962338949454906 1.2537313432835822 0.03865213082259663 0.17164179104477612
0 0.8116947472745293 1.2444029850746268 0.03766105054509415 0.1455223880597015
0 0.45639246778989095 1.2667910447761195 0.002973240832507433 0.011194029850746268
