0 0.013843648208469055 0.8929663608562691 0.021172638436482084 0.01834862385321101
0 0.05130293159609121 0.8998470948012233 0.011400651465798045 0.010703363914373088
0 0.06677524429967427 0.908256880733945 0.009771986970684038 0.012232415902140673
0 0.08143322475570032 0.9388379204892966 0.013029315960912053 0.012232415902140673
0 0.10260586319218241 0.9350152905198776 0.013029315960912053 0.016819571865443424
0 0.033387622149837134 0.9097859327217125 0.014657980456026058 0.01529051987767584
0 0.23289902280130292 0.900611620795107 0.009771986970684038 0.009174311926605505
0 0.24674267100977199 0.9021406727828746 0.011400651465798045 0.012232415902140673
0 0.34201954397394135 0.9235474006116208 0.016286644951140065 0.01529051987767584
0 0.3509771986970684 0.9319571865443425 0.014657980456026058 0.019877675840978593
0 0.38599348534201955 0.9296636085626911 0.016286644951140065 0.01834862385321101
0 0.3933224755700326 0.9051987767584098 0.014657980456026058 0.012232415902140673
0 0.36563517915309446 0.8990825688073395 0.011400651465798045 0.012232415902140673
0 0.6376221498371335 0.8998470948012233 0.011400651465798045 0.013761467889908258
0 0.6701954397394136 0.9151376146788991 0.021172638436482084 0.019877675840978593
0 0.7092833876221498 0.9197247706422018 0.021172638436482084 0.022935779816513763
0 0.8460912052117264 0.8952599388379205 0.014657980456026058 0.016819571865443424
