0 1.3127490039840637 0.3635477582846004 0.0199203187250996 0.009746588693957114
0 1.3705179282868525 0.3732943469785575 0.02390438247011952 0.01364522417153996
0 1.5776892430278884 0.5224171539961013 0.04780876494023904 0.015594541910331383
0 1.4601593625498008 0.5536062378167641 0.06772908366533864 0.031189083820662766
0 1.302788844621514 0.5224171539961013 0.06374501992031872 0.042884990253411304
0 1.1414342629482073 0.5331384015594542 0.05179282868525897 0.03313840155945419
0 1.0358565737051793 0.5653021442495126 0.06374501992031872 0.042884990253411304
0 1.1235059760956174 0.5857699805068226 0.07171314741035857 0.037037037037037035
0 0.9462151394422311 0.550682261208577 0.06772908366533864 0.04093567251461988
0 0.8944223107569721 0.6003898635477583 0.06772908366533864 0.042884990253411304
0 0.649402390438247 0.716374269005848 0.09561752988047809 0.056530214424951264
0 1.0677290836653386 0.716374269005848 0.10358565737051793 0.06432748538011696
0 1.3366533864541832 1.030214424951267 0.17131474103585656 0.1267056530214425
