0 0.9585730724971231 1.0898550724637681 0.0759493670886076 0.2144927536231884
0 1.0120828538550057 0.8144927536231884 0.08860759493670886 0.2318840579710145
0 0.13118527042577677 0.8797101449275362 0.08745684695051784 0.20579710144927535
0 0.2422324510932106 1.017391304347826 0.07479861910241657 0.2144927536231884
0 0.48331415420023016 1.1347826086956523 0.0759493670886076 0.23478260869565218
0 0.6904487917146145 0.9739130434782609 0.07364787111622555 0.2028985507246377
0 0.7951668584579977 0.9144927536231884 0.07825086306098965 0.263768115942029
0 0.9579976985040276 0.5956521739130435 0.08400460299194476 0.25217391304347825
0 0.09838895281933256 0.6840579710144927 0.08400460299194476 0.19130434782608696
0 0.2508630609896433 0.6985507246376812 0.09666283084004602 0.2318840579710145
0 0.3538550057537399 0.7608695652173914 0.07479861910241657 0.17681159420289855
0 0.7174913693901036 0.44782608695652176 0.08860759493670886 0.23478260869565218
0 0.7151898734177216 0.4391304347826087 0.08860759493670886 0.2289855072463768
