0 0.3834519572953737 3.3087248322147653 0.0693950177935943 0.3221476510067114
0 0.4581850533807829 3.2416107382550337 0.04092526690391459 0.22818791946308725
0 0.6254448398576512 3.1812080536912752 0.0693950177935943 0.2684563758389262
0 0.6788256227758007 3.3053691275167787 0.04448398576512456 0.19463087248322147
0 0.8434163701067615 3.3456375838926173 0.1387900355871886 0.6912751677852349
0 1.0480427046263345 3.7684563758389262 0.060498220640569395 0.26174496644295303
0 0.7339857651245552 3.228187919463087 0.026690391459074734 0.12080536912751678
0 0.9145907473309609 3.2416107382550337 0.017793594306049824 0.08053691275167785
0 0.9519572953736655 3.3959731543624163 0.021352313167259787 0.09395973154362416
0 0.9270462633451957 3.261744966442953 0.017793594306049824 0.08053691275167785
0 0.9626334519572953 3.214765100671141 0.014234875444839857 0.053691275167785234
0 0.9795373665480427 3.214765100671141 0.019572953736654804 0.08053691275167785
0 1.0204626334519573 3.2651006711409396 0.026690391459074734 0.11409395973154363
0 1.0738434163701067 3.2449664429530203 0.030249110320284697 0.11409395973154363
0 1.094306049822064 3.2315436241610738 0.017793594306049824 0.0738255033557047
0 1.1494661921708185 3.3859060402684564 0.017793594306049824 0.087248322147651
0 1.145017793594306 3.2751677852348995 0.019572953736654804 0.09395973154362416
0 1.1841637010676156 3.2449664429530203 0.012455516014234875 0.04697986577181208
0 0.49377224199288255 3.248322147651007 0.01601423487544484 0.06711409395973154
0 0.5133451957295374 3.251677852348993 0.01601423487544484 0.0738255033557047
