0 0.6168451801363194 0.9503722084367245 0.12560856864654332 0.3573200992555831
0 0.22784810126582278 0.6774193548387096 0.009737098344693282 0.019851116625310174
0 0.24294060370009737 0.6836228287841191 0.010710808179162609 0.02729528535980149
0 0.30720545277507305 0.6637717121588089 0.010710808179162609 0.02729528535980149
0 0.3028237585199611 0.6861042183622829 0.009737098344693282 0.03225806451612903
0 0.3257059396299903 0.6600496277915633 0.004868549172346641 0.01488833746898263
0 0.3758519961051607 0.6662531017369727 0.007789678675754625 0.022332506203473945
0 0.3870496592015579 0.7233250620347395 0.022395326192794548 0.11662531017369727
0 0.40457643622200584 0.6674937965260546 0.006815968841285297 0.01488833746898263
0 0.41285296981499514 0.6550868486352357 0.007789678675754625 0.019851116625310174
0 0.5267770204479065 0.6501240694789082 0.005842259006815969 0.01488833746898263
0 0.5740019474196689 0.6637717121588089 0.004868549172346641 0.01240694789081886
0 0.5949367088607594 0.652605459057072 0.005842259006815969 0.01488833746898263
0 0.6368062317429406 0.6674937965260546 0.019474196689386564 0.08436724565756824
0 0.747809152872444 0.6538461538461539 0.0038948393378773127 0.01240694789081886
0 0.7677702044790652 0.6476426799007444 0.004868549172346641 0.01488833746898263
0 0.9040895813047711 0.6488833746898263 0.008763388510223954 0.022332506203473945
