0 0.19740048740861088 1.3175895765472312 0.00487408610885459 0.048859934853420196
0 0.20227457351746547 1.3175895765472312 0.006498781478472786 0.048859934853420196
0 -0.002437043054427295 1.0944625407166124 0.045491470349309504 0.254071661237785
0 0.0479285134037368 1.1547231270358307 0.04061738424045491 0.19218241042345277
0 0.013403736799350122 0.9315960912052117 0.023558082859463852 0.09771986970684039
0 0.02924451665312754 0.9592833876221498 0.00974817221770918 0.048859934853420196
0 0.03736799350121852 0.9609120521172638 0.00487408610885459 0.026058631921824105
0 0.06376929325751422 1.1319218241042346 0.03168155970755483 0.15309446254071662
0 0.05117790414297319 0.996742671009772 0.022745735174654752 0.10423452768729642
0 0.06742485783915515 0.9560260586319218 0.017871649065800164 0.08143322475570032
0 0.47887896019496345 1.496742671009772 0.004061738424045491 0.016286644951140065
0 0.48578391551584077 1.495114006514658 0.003249390739236393 0.013029315960912053
0 0.5040617384240454 1.503257328990228 0.002437043054427295 0.009771986970684038
0 0.5735174654752234 1.3957654723127035 0.003249390739236393 0.016286644951140065
0 0.5629569455727051 1.511400651465798 0.003249390739236393 0.013029315960912053
0 0.5698619008935825 1.5407166123778502 0.007311129163281885 0.06514657980456026
0 0.5751421608448416 1.5358306188925082 0.006498781478472786 0.06840390879478828
0 0.5840779853777417 1.50814332247557 0.003249390739236393 0.013029315960912053
0 0.5987002437043054 1.503257328990228 0.003249390739236393 0.016286644951140065
0 0.6051990251827782 1.5 0.003249390739236393 0.016286644951140065
0 0.6559707554833468 1.4478827361563518 0.002437043054427295 0.009771986970684038
0 0.6624695369618196 1.4267100977198697 0.002437043054427295 0.013029315960912053
