0 -0.013711151736745886 0.8663194444444444 0.027422303473491772 0.0625
0 0.07358318098720293 0.8003472222222222 0.026508226691042046 0.05555555555555555
0 0.11471663619744059 0.9505208333333334 0.01736745886654479 0.036458333333333336
0 0.16042047531992687 0.9088541666666666 0.02102376599634369 0.03993055555555555
0 0.1736745886654479 0.7482638888888888 0.029250457038391225 0.0625
0 0.23994515539305303 1.0199652777777777 0.008226691042047532 0.015625
0 0.25914076782449724 1.0008680555555556 0.008226691042047532 0.015625
0 0.2710237659963437 1.0711805555555556 0.019195612431444242 0.1284722222222222
0 0.27925045703839124 1.0208333333333333 0.008226691042047532 0.017361111111111112
0 0.2975319926873857 1.0321180555555556 0.008226691042047532 0.019097222222222224
0 0.19744058500914077 0.2248263888888889 0.012797074954296161 0.029513888888888888
0 0.2253199268738574 0.2300347222222222 0.013711151736745886 0.026041666666666668
0 0.5511882998171846 0.5034722222222222 0.025594149908592323 0.05555555555555555
0 0.6014625228519196 0.5182291666666666 0.018281535648994516 0.05381944444444445
0 0.49177330895795246 0.7690972222222222 0.03656307129798903 0.09027777777777778
0 0.5452468007312614 0.796875 0.0356489945155393 0.09375
0 0.9634369287020109 0.8958333333333334 0.018281535648994516 0.041666666666666664
0 0.9405850091407678 0.7213541666666666 0.03290676416819013 0.057291666666666664
0 0.8893967093235832 0.6857638888888888 0.027422303473491772 0.05555555555555555
0 0.8674588665447898 0.6432291666666666 0.02376599634369287 0.050347222222222224
0 0.8459780621572212 0.6380208333333334 0.0283363802559415 0.046875
0 0.7737659963436929 0.4479166666666667 0.026508226691042046 0.04861111111111111
0 0.7678244972577697 0.4956597222222222 0.02010968921389397 0.03993055555555555
0 0.4538391224862888 0.2743055555555556 0.015539305301645339 0.034722222222222224
0 0.43327239488117003 0.20833333333333334 0.012797074954296161 0.034722222222222224
0 0.4218464351005484 0.3159722222222222 0.019195612431444242 0.052083333333333336
0 0.36837294332723947 0.3663194444444444 0.02010968921389397 0.04861111111111111
0 0.36654478976234006 0.3454861111111111 0.018281535648994516 0.03819444444444445
0 0.3473491773308958 0.2803819444444444 0.016453382084095063 0.046875
0 0.4012797074954296 0.2682291666666667 0.016453382084095063 0.043402777777777776
0 0.3706581352833638 0.23177083333333334 0.019195612431444242 0.043402777777777776
0 0.33775137111517367 0.19618055555555555 0.015539305301645339 0.034722222222222224
0 0.3692870201096892 0.1762152777777778 0.016453382084095063 0.036458333333333336
0 0.33409506398537475 0.1684027777777778 0.013711151736745886 0.03125
0 0.3272394881170018 0.16145833333333334 0.012797074954296161 0.03125
0 0.3610603290676417 0.1701388888888889 0.012797074954296161 0.03125
0 0.3537477148080439 0.1657986111111111 0.016453382084095063 0.043402777777777776
0 0.2979890310786106 1.03125 0.009140767824497258 0.017361111111111112
