0 0.16129032258064516 0.530791788856305 0.03106332138590203 0.08797653958944282
0 0.1917562724014337 0.4838709677419355 0.02986857825567503 0.08797653958944282
0 0.24671445639187575 0.5425219941348973 0.027479091995221028 0.08797653958944282
0 0.25806451612903225 0.47214076246334313 0.02867383512544803 0.08797653958944282
0 0.2951015531660693 0.5571847507331378 0.026284348864994027 0.08797653958944282
0 0.27060931899641577 0.4002932551319648 0.027479091995221028 0.08504398826979472
0 0.30824372759856633 0.46774193548387094 0.02867383512544803 0.08504398826979472
0 0.35603345280764637 0.5205278592375366 0.026284348864994027 0.08504398826979472
0 0.34468339307048984 0.45454545454545453 0.025089605734767026 0.07624633431085044
0 0.3996415770609319 0.5131964809384164 0.02986857825567503 0.08797653958944282
0 0.38948626045400236 0.4442815249266862 0.026284348864994027 0.07917888563049853
0 0.45579450418160095 0.46480938416422285 0.027479091995221028 0.08504398826979472
0 0.4390681003584229 0.37390029325513197 0.027479091995221028 0.07917888563049853
0 0.4486260454002389 0.22287390029325513 0.025089605734767026 0.07038123167155426
0 0.482078853046595 0.27419354838709675 0.022700119474313024 0.07331378299120235
0 0.497610513739546 0.32991202346041054 0.022700119474313024 0.06744868035190615
0 0.5310633213859021 0.30498533724340177 0.02031063321385902 0.06451612903225806
0 0.480884109916368 0.12756598240469208 0.022700119474313024 0.06744868035190615
0 0.5089605734767025 0.08504398826979472 0.021505376344086023 0.07624633431085044
0 0.5400238948626045 0.14516129032258066 0.023894862604540025 0.06744868035190615
0 0.5567502986857825 0.08357771260997067 0.026284348864994027 0.07917888563049853
0 0.5776583034647551 0.12316715542521994 0.022700119474313024 0.06451612903225806
0 0.6379928315412187 0.12756598240469208 0.021505376344086023 0.06744868035190615
0 0.6559139784946236 0.08211143695014662 0.021505376344086023 0.06451612903225806
0 0.6768219832735962 0.187683284457478 0.022700119474313024 0.07038123167155426
0 0.6893667861409797 0.12756598240469208 0.021505376344086023 0.06158357771260997
0 0.7204301075268817 0.15102639296187684 0.023894862604540025 0.06744868035190615
0 0.7192353643966547 0.0689149560117302 0.021505376344086023 0.06158357771260997
0 0.7724014336917563 0.21407624633431085 0.02031063321385902 0.07038123167155426
0 0.7586618876941458 0.14809384164222875 0.023894862604540025 0.06744868035190615
0 0.7891278375149343 0.1495601173020528 0.022700119474313024 0.06451612903225806
0 0.7747909199522103 0.08504398826979472 0.022700119474313024 0.07038123167155426
0 0.8166069295101553 0.18914956011730205 0.017921146953405017 0.06158357771260997
0 0.8428912783751493 0.12756598240469208 0.022700119474313024 0.06744868035190615
0 0.8763440860215054 0.20821114369501467 0.025089605734767026 0.07038123167155426
0 0.9097968936678614 0.34750733137829914 0.022700119474313024 0.06744868035190615
0 0.929510155316607 0.17595307917888564 0.023894862604540025 0.07038123167155426
0 0.9474313022700119 0.19208211143695014 0.021505376344086023 0.06744868035190615
0 0.98805256869773 0.17302052785923755 0.023894862604540025 0.07038123167155426
0 0.9587813620071685 0.25513196480938416 0.02031063321385902 0.06451612903225806
0 0.9970131421744325 0.24926686217008798 0.025089605734767026 0.07624633431085044
0 1.0376344086021505 0.23900293255131966 0.022700119474313024 0.06744868035190615
0 1.064516129032258 0.20527859237536658 0.026284348864994027 0.07038123167155426
0 0.9767025089605734 0.34457478005865105 0.02986857825567503 0.07917888563049853
0 1.0280764635603346 0.3035190615835777 0.02986857825567503 0.09090909090909091
0 1.0675029868578256 0.29472140762463345 0.027479091995221028 0.08504398826979472
0 1.1015531660692952 0.29765395894428154 0.02867383512544803 0.07917888563049853
0 0.9826762246117084 0.49853372434017595 0.027479091995221028 0.08211143695014662
0 1.027479091995221 0.5146627565982405 0.026284348864994027 0.07917888563049853
0 1.066905615292712 0.5175953079178885 0.026284348864994027 0.07917888563049853
0 1.108721624850657 0.49266862170087977 0.026284348864994027 0.08211143695014662
0 1.1326164874551972 0.5542521994134897 0.026284348864994027 0.08211143695014662
0 1.087216248506571 0.5865102639296188 0.03345280764635603 0.093841642228739
0 1.0465949820788532 0.6290322580645161 0.02867383512544803 0.08504398826979472
0 1.0065710872162486 0.6451612903225806 0.02986857825567503 0.08797653958944282
0 0.9898446833930705 0.6862170087976539 0.027479091995221028 0.08797653958944282
0 1.0436081242532855 0.969208211143695 0.03225806451612903 0.0967741935483871
0 0.9970131421744325 0.9882697947214076 0.02986857825567503 0.09970674486803519
0 0.9384707287933094 0.9149560117302052 0.03225806451612903 0.11143695014662756
0 0.8853046594982079 0.8782991202346041 0.03106332138590203 0.10263929618768329
0 0.7873357228195937 0.8870967741935484 0.03106332138590203 0.10263929618768329
0 0.7066905615292712 0.8548387096774194 0.03464755077658303 0.11436950146627566
0 0.6218637992831542 0.9149560117302052 0.03225806451612903 0.10557184750733138
0 0.5471923536439666 0.9340175953079178 0.035842293906810034 0.10263929618768329
0 0.46296296296296297 0.8944281524926686 0.03225806451612903 0.11143695014662756
0 0.3793309438470729 0.8797653958944281 0.037037037037037035 0.11143695014662756
0 0.3022700119474313 0.8123167155425219 0.035842293906810034 0.09970674486803519
0 0.25448028673835127 0.7991202346041055 0.03345280764635603 0.11436950146627566
0 0.2132616487455197 0.8005865102639296 0.03225806451612903 0.093841642228739
0 1.1015531660692952 0.6348973607038123 0.02867383512544803 0.10263929618768329
