0 0.2209125475285171 0.39283683911313244 0.141191381495564 0.46162592382035245
0 0.27896070975918885 0.4650369528140989 0.02712294043092522 0.07617964752700399
0 0.3396704689480355 0.3610005685048323 0.029404309252217996 0.08300170551449687
0 0.4021546261089987 0.48578737919272313 0.027629911280101394 0.06424104604889141
0 0.5675538656527249 0.19869243888573052 0.12167300380228137 0.3428084138715179
0 0.5562737642585551 0.5648095508811825 0.09150823827629911 0.2643547470153496
0 0.8847908745247148 0.5150653780557135 0.0955640050697085 0.28880045480386585
0 0.8182509505703423 0.4641841955656623 0.024841571609632445 0.06083001705514497
0 0.7591888466413181 0.446560545764639 0.03650190114068441 0.0938032973280273
0 0.7121673003802281 0.39567936327458786 0.02610899873257288 0.054576463899943146
