0 0.12093023255813953 1.2773109243697478 0.06046511627906977 0.2773109243697479
0 0.24593023255813953 1.25 0.0686046511627907 0.27310924369747897
0 0.45232558139534884 1.2289915966386555 0.06279069767441861 0.29831932773109243
0 0.6023255813953489 1.2247899159663866 0.06046511627906977 0.2647058823529412
0 0.7511627906976744 1.2584033613445378 0.06279069767441861 0.29831932773109243
0 0.9279069767441861 1.2394957983193278 0.06744186046511629 0.2857142857142857
0 1.0238372093023256 0.5966386554621849 0.05930232558139535 0.23529411764705882
0 0.8982558139534884 0.5882352941176471 0.05930232558139535 0.24369747899159663
0 0.775 0.6785714285714286 0.05 0.23109243697478993
0 0.6982558139534883 0.5399159663865546 0.05465116279069768 0.24789915966386555
0 0.5686046511627907 0.5882352941176471 0.046511627906976744 0.21008403361344538
0 0.45290697674418606 0.6449579831932774 0.05 0.23109243697478993
0 0.3674418604651163 0.6785714285714286 0.04883720930232558 0.21428571428571427
0 0.22093023255813954 0.6281512605042017 0.06279069767441861 0.2815126050420168
0 0.08313953488372093 0.7100840336134454 0.05930232558139535 0.2605042016806723
