0 0.2282958199356913 2.308641975308642 0.04823151125401929 0.4691358024691358
0 0.317524115755627 2.1666666666666665 0.04983922829581994 0.4567901234567901
0 0.387459807073955 2.1604938271604937 0.04501607717041801 0.37037037037037035
0 0.43729903536977494 2.123456790123457 0.05144694533762058 0.4444444444444444
0 0.502411575562701 2.1481481481481484 0.04340836012861737 0.37037037037037035
0 0.6141479099678456 2.388888888888889 0.04501607717041801 0.43209876543209874
0 0.5916398713826366 2.1296296296296298 0.04501607717041801 0.4074074074074074
0 0.6937299035369775 2.5555555555555554 0.04662379421221865 0.4444444444444444
0 0.6864951768488746 2.1728395061728394 0.03536977491961415 0.345679012345679
0 0.772508038585209 2.6049382716049383 0.04019292604501608 0.4444444444444444
0 0.7660771704180064 2.2160493827160495 0.03697749196141479 0.3333333333333333
0 0.842443729903537 2.240740740740741 0.04501607717041801 0.4074074074074074
0 0.8609324758842444 2.5555555555555554 0.04662379421221865 0.41975308641975306
0 0.9027331189710611 2.191358024691358 0.04019292604501608 0.35802469135802467
0 0.9461414790996785 2.5308641975308643 0.04983922829581994 0.4444444444444444
0 0.9903536977491961 2.1296296296296298 0.04180064308681672 0.4074074074074074
0 1.0787781350482315 2.0925925925925926 0.05787781350482315 0.48148148148148145
0 1.1768488745980707 2.037037037037037 0.05466237942122187 0.41975308641975306
