0 0.059966216216216214 0.8982213438735178 0.03547297297297297 0.041501976284584984
0 0.11486486486486487 0.8863636363636364 0.08445945945945946 0.116600790513834
0 0.19087837837837837 0.9071146245059288 0.030405405405405407 0.043478260869565216
0 0.27449324324324326 0.8814229249011858 0.0625 0.08695652173913043
0 0.41300675675675674 0.8853754940711462 0.09966216216216216 0.13043478260869565
0 0.5135135135135135 0.8567193675889329 0.057432432432432436 0.07312252964426877
0 0.6385135135135135 0.8675889328063241 0.0945945945945946 0.12648221343873517
0 0.7086148648648649 0.8606719367588933 0.09966216216216216 0.12450592885375494
0 0.7837837837837838 0.8043478260869565 0.06756756756756757 0.1067193675889328
0 0.8910472972972973 0.7727272727272727 0.06925675675675676 0.08300395256916997
0 0.9662162162162162 0.8409090909090909 0.06418918918918919 0.1007905138339921
