0 0.3176499268649439 1.1907276995305165 0.060945880058508047 0.17253521126760563
0 0.492686494392979 1.1713615023474178 0.0560702096538274 0.176056338028169
0 0.6616284739151633 1.1789906103286385 0.05265724037055095 0.16784037558685447
0 0.8069234519746465 1.1919014084507042 0.050706972208678695 0.1607981220657277
0 0.9431984397854705 1.182511737089202 0.05411994149195514 0.16784037558685447
0 1.0843490980009751 1.1572769953051643 0.05363237445148708 0.16901408450704225
0 1.234763529985373 1.147887323943662 0.05704534373476353 0.1596244131455399
0 0.32569478303266697 0.8098591549295775 0.057532910775231594 0.15492957746478872
0 0.4634324719648952 0.8321596244131455 0.051194539249146756 0.17136150234741784
0 0.5933690882496343 0.818075117370892 0.05265724037055095 0.14553990610328638
0 0.712579229644076 0.8433098591549296 0.04729400292540224 0.17018779342723006
0 0.8459288152120916 0.8497652582159625 0.04875670404680644 0.1431924882629108
0 0.9875670404680643 0.778169014084507 0.045343734763529986 0.1431924882629108
0 1.1245733788395904 0.8485915492957746 0.046318868844466114 0.14553990610328638
0 1.2598732325694784 0.8685446009389671 0.05460750853242321 0.13380281690140844
0 0.6696733300828864 1.6156103286384977 0.0628961482203803 0.18192488262910797
