0 0.7819923371647509 0.34408602150537637 0.06360153256704981 0.25268817204301075
0 0.5038314176245211 0.521505376344086 0.05440613026819923 0.25806451612903225
0 0.33524904214559387 0.45564516129032256 0.06666666666666667 0.260752688172043
0 -0.0034482758620689655 0.6545698924731183 0.029885057471264367 0.12634408602150538
0 0.052873563218390804 0.668010752688172 0.03371647509578544 0.1478494623655914
0 0.1206896551724138 0.6666666666666666 0.031417624521072794 0.13978494623655913
0 0.1796934865900383 0.6733870967741935 0.034482758620689655 0.1424731182795699
0 0.07969348659003832 0.4475806451612903 0.03524904214559387 0.1586021505376344
0 0.12911877394636015 0.34946236559139787 0.031417624521072794 0.11827956989247312
0 0.2095785440613027 0.2862903225806452 0.029885057471264367 0.13172043010752688
0 0.006513409961685823 0.4771505376344086 0.028352490421455937 0.1478494623655914
0 0.49961685823754787 0.3185483870967742 0.03065134099616858 0.13709677419354838
0 0.5812260536398467 0.5806451612903226 0.028352490421455937 0.13440860215053763
0 0.6409961685823755 0.5551075268817204 0.03295019157088123 0.1424731182795699
0 0.6704980842911877 0.35080645161290325 0.03065134099616858 0.13172043010752688
0 0.6091954022988506 0.33736559139784944 0.026053639846743294 0.1424731182795699
0 0.5647509578544061 0.1639784946236559 0.03218390804597701 0.13440860215053763
0 0.6118773946360153 0.18413978494623656 0.028352490421455937 0.12096774193548387
0 0.8455938697318007 0.3575268817204301 0.031417624521072794 0.13978494623655913
0 0.8226053639846743 0.853494623655914 0.02681992337164751 0.13172043010752688
0 0.9318007662835249 0.8884408602150538 0.03218390804597701 0.13172043010752688
0 0.9256704980842911 0.7217741935483871 0.03065134099616858 0.13172043010752688
0 0.9647509578544061 0.7258064516129032 0.027586206896551724 0.11827956989247312
0 0.8969348659003832 0.5698924731182796 0.028352490421455937 0.12365591397849462
0 0.953639846743295 0.5483870967741935 0.029885057471264367 0.12365591397849462
0 0.7264367816091954 0.3629032258064516 0.029118773946360154 0.13440860215053763
0 0.8980842911877395 0.4596774193548387 0.027586206896551724 0.12903225806451613
0 0.9471264367816092 0.3844086021505376 0.027586206896551724 0.13440860215053763
0 0.9674329501915708 0.3064516129032258 0.02528735632183908 0.11290322580645161
0 0.9191570881226053 0.23387096774193547 0.022222222222222223 0.10215053763440861
0 0.8808429118773946 0.239247311827957 0.02375478927203065 0.10752688172043011
0 0.8168582375478928 0.22446236559139784 0.027586206896551724 0.12096774193548387
0 0.20804597701149424 0.5295698924731183 0.03295019157088123 0.13440860215053763
0 0.39770114942528734 0.8588709677419355 0.03524904214559387 0.1532258064516129
0 0.432183908045977 0.15994623655913978 0.03065134099616858 0.12634408602150538
0 0.657088122605364 0.7056451612903226 0.03601532567049808 0.1532258064516129
0 0.089272030651341 0.9260752688172043 0.034482758620689655 0.1478494623655914
0 0.1478927203065134 0.8400537634408602 0.03524904214559387 0.1639784946236559
0 0.13984674329501914 0.5793010752688172 0.02681992337164751 0.13172043010752688
