0 0.2048857368006304 1.9895209580838322 0.04885736800630418 0.218562874251497
0 0.3490937746256895 1.9131736526946108 0.03309692671394799 0.16167664670658682
0 0.4641449960598897 1.8697604790419162 0.036249014972419225 0.17664670658682635
0 0.5460992907801419 2.055389221556886 0.02364066193853428 0.08083832335329341
0 0.6375098502758078 1.9161676646706587 0.01260835303388495 0.04790419161676647
0 0.6670606776989756 1.9491017964071857 0.008668242710795903 0.04790419161676647
0 0.7021276595744681 1.9281437125748504 0.01103230890464933 0.041916167664670656
0 0.7391646966115051 1.9341317365269461 0.01260835303388495 0.04790419161676647
0 0.7683215130023641 1.9296407185628743 0.01260835303388495 0.04491017964071856
0 0.8163908589440504 1.9326347305389222 0.01260835303388495 0.038922155688622756
0 0.8581560283687943 1.9296407185628743 0.01260835303388495 0.04491017964071856
0 0.8672182821118991 1.9176646706586826 0.013396375098502758 0.05089820359281437
0 0.8979511426319937 1.9550898203592815 0.01024428684003152 0.04790419161676647
0 0.02876280535855004 2.001497005988024 0.0070921985815602835 0.020958083832335328
0 0.08313632781717888 2.0059880239520957 0.008668242710795903 0.03592814371257485
0 0.09141055949566587 1.9880239520958083 0.006304176516942475 0.023952095808383235
0 0.6922773837667455 1.9535928143712575 0.008668242710795903 0.03293413173652695
0 0.04885736800630418 2.0434131736526946 0.009456264775413711 0.03293413173652695
