0 1.0273722627737227 2.927007299270073 0.06934306569343066 0.43795620437956206
0 0.9105839416058394 3.0839416058394162 0.07907542579075426 0.5474452554744526
0 0.8838199513381995 3.4635036496350367 0.06690997566909976 0.48905109489051096
0 0.8059610705596107 3.1423357664233578 0.06690997566909976 0.5036496350364964
0 0.8667883211678832 3.076642335766423 0.05474452554744526 0.35766423357664234
0 0.805352798053528 3.124087591240876 0.05596107055961071 0.36496350364963503
0 0.6885644768856448 3.178832116788321 0.06326034063260341 0.44525547445255476
0 0.6198296836982968 3.1094890510948905 0.06204379562043796 0.49635036496350365
0 0.5164233576642335 3.2481751824817517 0.057177615571776155 0.46715328467153283
0 0.5681265206812652 3.22992700729927 0.06082725060827251 0.41605839416058393
0 0.4562043795620438 3.4160583941605838 0.046228710462287104 0.3357664233576642
0 0.4148418491484185 3.0291970802919708 0.0681265206812652 0.5255474452554745
0 0.34610705596107055 3.0985401459854014 0.06447688564476886 0.3722627737226277
0 0.2779805352798054 2.9671532846715327 0.07177615571776155 0.45985401459854014
0 0.10340632603406326 2.9744525547445257 0.0827250608272506 0.5182481751824818
0 0.19586374695863748 3.0255474452554743 0.06569343065693431 0.40145985401459855
