0 0.017206132879045998 0.30354526809258714 0.02282793867120954 0.022267799589803693
0 0.05775127768313458 0.2387928508643422 0.03373083475298126 0.028127746850278346
0 0.11328790459965929 0.22692645766188105 0.04122657580919932 0.042484617638441254
0 0.14770017035775126 0.24743627307354235 0.03577512776831346 0.042484617638441254
0 0.1879045996592845 0.24245531790213887 0.03304940374787053 0.04072663346029886
0 0.21890971039182283 0.25739818341634924 0.04258943781942078 0.04307061236448872
0 0.17103918228279386 0.20114268971579255 0.02180579216354344 0.018458833870495166
0 0.2798977853492334 0.20114268971579255 0.020783645655877342 0.018458833870495166
0 0.30187393526405454 0.26823908584822737 0.04565587734241908 0.04482859654263112
0 0.4155025553662692 0.2226779958980369 0.024872231686541738 0.025783767946088484
0 0.4756388415672913 0.15089364195722238 0.017717206132879047 0.015235862877234104
0 0.5061328790459966 0.13492528567242895 0.019420783645655876 0.017286844418400234
0 0.5497444633730835 0.18810430706123646 0.03236797274275979 0.031057720480515676
0 0.5880749574105621 0.2087606211544096 0.03884156729131175 0.033108702021681806
0 0.6672913117546848 0.1464986815118664 0.01737649063032368 0.017579841781423966
0 0.7425894378194208 0.13433929094638147 0.01737649063032368 0.01377087606211544
0 0.7405451448040886 0.11822443598007618 0.012606473594548553 0.013184881336067975
0 0.7671209540034072 0.18986229123937884 0.034412265758091996 0.029885731028420744
0 0.8894378194207836 0.16026955757398184 0.03850085178875639 0.03457368883680047
0 0.10630323679727427 0.3126281863463229 0.1131175468483816 0.1142689715792558
0 0.47308347529812605 0.27658951069440374 0.11482112436115843 0.13243480808672722
0 0.6514480408858603 0.389246996777029 0.10766609880749574 0.1251098740111339
0 0.7649063032367973 0.31013770876062113 0.10766609880749574 0.11104600058599473
0 0.8867120954003407 0.31306768239085847 0.11686541737649063 0.11749194257251684
0 0.38160136286201024 0.04380310577204805 0.0068143100511073255 0.005566949897450923
0 0.3923339011925043 0.05772048051567536 0.023509369676320273 0.04746557280984471
0 0.4347529812606474 0.02563726926457662 0.008858603066439524 0.00732493407559332
0 0.44327086882453154 0.02929973630237328 0.008858603066439524 0.007031936712569587
0 0.454855195911414 0.021681804863756225 0.007495741056218058 0.006445941986522121
0 0.4780238500851789 0.024025783767946087 0.007495741056218058 0.007031936712569587
0 0.4780238500851789 0.024318781130969823 0.008858603066439524 0.008203926164664518
0 0.5330494037478706 0.03794315851157339 0.009199318568994889 0.00732493407559332
0 0.5574105621805792 0.04761207149135658 0.017035775127768313 0.0348666861998242
0 0.5764906303236798 0.023000292997363024 0.007495741056218058 0.006738939349545854
0 0.9948892674616695 0.010401406387342514 0.008177172061328791 0.006738939349545854
0 0.55587734241908 0.036185174333431 0.007155025553662692 0.005566949897450923
