0 0.012508451656524679 2.9594594594594597 0.00878972278566599 0.06306306306306306
0 0.04699121027721433 2.9662162162162162 0.0074374577417173765 0.04954954954954955
0 0.1250845165652468 3.0518018018018016 0.013522650439486139 0.0945945945945946
0 0.16328600405679514 2.8873873873873874 0.010141987829614604 0.07207207207207207
0 0.1744421906693712 2.8873873873873874 0.009465855307640297 0.07207207207207207
0 0.18221771467207573 2.9054054054054053 0.010141987829614604 0.07207207207207207
0 0.2099391480730223 2.984234234234234 0.00878972278566599 0.06756756756756757
0 0.24171737660581474 3.0518018018018016 0.011494252873563218 0.0945945945945946
0 0.2559161595672752 3.0315315315315314 0.012846517917511832 0.10810810810810811
0 0.29986477349560514 3.036036036036036 0.014198782961460446 0.0990990990990991
0 0.35125084516565247 3.078828828828829 0.012846517917511832 0.08558558558558559
0 0.3935091277890467 3.1531531531531534 0.014874915483434753 0.11711711711711711
0 0.41379310344827586 3.108108108108108 0.013522650439486139 0.10810810810810811
0 0.45030425963488846 3.0855855855855854 0.012170385395537525 0.0990990990990991
0 0.4678837052062204 3.1171171171171173 0.012170385395537525 0.09009009009009009
0 0.5152129817444219 3.0675675675675675 0.013522650439486139 0.10810810810810811
0 0.5240027045300879 3.2364864864864864 0.013522650439486139 0.12162162162162163
0 0.5179175118323192 3.286036036036036 0.02028397565922921 0.14864864864864866
0 0.5618661257606491 3.060810810810811 0.012170385395537525 0.0945945945945946
0 0.577079107505071 3.081081081081081 0.01555104800540906 0.11711711711711711
0 0.5875591615956728 3.135135135135135 0.013522650439486139 0.09009009009009009
0 0.6037863421230562 3.1103603603603602 0.013522650439486139 0.0945945945945946
0 0.6457065584854631 3.0855855855855854 0.010818120351588911 0.08108108108108109
0 0.6568627450980392 3.1666666666666665 0.016903313049357674 0.10810810810810811
0 0.6771467207572684 3.135135135135135 0.011494252873563218 0.09009009009009009
0 0.7028397565922921 3.141891891891892 0.016903313049357674 0.11261261261261261
0 0.7342799188640974 3.1779279279279278 0.013522650439486139 0.1036036036036036
0 0.7954699121027722 3.123873873873874 0.014198782961460446 0.08558558558558559
0 0.8336713995943205 3.1463963963963963 0.014874915483434753 0.0945945945945946
0 0.8823529411764706 3.0855855855855854 0.014874915483434753 0.0990990990990991
0 0.9131169709263015 3.240990990990991 0.018255578093306288 0.12162162162162163
0 0.9249492900608519 3.1463963963963963 0.014874915483434753 0.0945945945945946
0 0.9638269100743746 3.2387387387387387 0.014198782961460446 0.10810810810810811
0 0.9881676808654496 3.126126126126126 0.014198782961460446 0.0990990990990991
0 1.00236646382691 3.074324324324324 0.011494252873563218 0.08558558558558559
0 0.6913455037187288 3.1666666666666665 0.011494252873563218 0.0990990990990991
