0 0.7807904411764706 0.888135593220339 0.008272058823529412 0.01694915254237288
0 0.8350183823529411 0.9296610169491526 0.008272058823529412 0.015254237288135594
0 0.8483455882352942 0.9432203389830508 0.007352941176470588 0.015254237288135594
0 0.8304227941176471 0.8508474576271187 0.008272058823529412 0.01694915254237288
0 0.84375 0.8228813559322034 0.007352941176470588 0.015254237288135594
0 0.8405330882352942 0.847457627118644 0.017463235294117647 0.0847457627118644
0 0.8092830882352942 0.8296610169491525 0.01011029411764706 0.01864406779661017
0 0.8157169117647058 0.8194915254237288 0.006433823529411764 0.011864406779661017
0 0.8005514705882353 0.8245762711864407 0.007352941176470588 0.015254237288135594
0 0.8988970588235294 0.7864406779661017 0.007352941176470588 0.010169491525423728
0 0.9949448529411765 0.738135593220339 0.006433823529411764 0.011864406779661017
0 0.9834558823529411 0.7076271186440678 0.0055147058823529415 0.011864406779661017
0 0.9650735294117647 0.7076271186440678 0.0055147058823529415 0.011864406779661017
0 0.9489889705882353 0.7161016949152542 0.006433823529411764 0.011864406779661017
0 0.9416360294117647 0.6983050847457627 0.006433823529411764 0.013559322033898305
0 0.9512867647058824 0.6796610169491526 0.0055147058823529415 0.013559322033898305
0 1.0059742647058822 0.6703389830508475 0.006433823529411764 0.011864406779661017
0 1.0188419117647058 0.6745762711864407 0.008272058823529412 0.013559322033898305
0 1.0174632352941178 0.6677966101694915 0.007352941176470588 0.013559322033898305
0 0.9866727941176471 0.6728813559322034 0.006433823529411764 0.010169491525423728
0 0.9747242647058824 0.6686440677966101 0.006433823529411764 0.011864406779661017
0 0.9912683823529411 0.65 0.006433823529411764 0.011864406779661017
0 1.002297794117647 0.65 0.006433823529411764 0.011864406779661017
0 1.0096507352941178 0.611864406779661 0.004595588235294118 0.010169491525423728
0 0.984375 0.6101694915254238 0.0055147058823529415 0.010169491525423728
0 0.9995404411764706 0.6016949152542372 0.006433823529411764 0.010169491525423728
0 0.9659926470588235 0.5855932203389831 0.0055147058823529415 0.00847457627118644
0 0.9944852941176471 0.5152542372881356 0.003676470588235294 0.006779661016949152
0 0.9825367647058824 0.5152542372881356 0.003676470588235294 0.006779661016949152
0 0.9774816176470589 0.502542372881356 0.004595588235294118 0.00847457627118644
0 0.9678308823529411 0.5008474576271187 0.003676470588235294 0.00847457627118644
0 0.9806985294117647 0.4822033898305085 0.003676470588235294 0.00847457627118644
0 0.9742647058823529 0.4542372881355932 0.0055147058823529415 0.010169491525423728
0 0.9623161764705882 0.49915254237288137 0.003676470588235294 0.00847457627118644
0 0.9650735294117647 0.45847457627118643 0.0055147058823529415 0.00847457627118644
0 0.9411764705882353 0.4635593220338983 0.003676470588235294 0.005084745762711864
0 0.9489889705882353 0.45254237288135596 0.008272058823529412 0.04745762711864407
0 0.9200367647058824 0.4559322033898305 0.003676470588235294 0.006779661016949152
0 0.9067095588235294 0.4661016949152542 0.004595588235294118 0.006779661016949152
0 0.9030330882352942 0.45847457627118643 0.004595588235294118 0.00847457627118644
0 0.8363970588235294 0.35847457627118645 0.003676470588235294 0.005084745762711864
0 0.8147977941176471 0.3822033898305085 0.0027573529411764708 0.005084745762711864
0 0.8272058823529411 0.41271186440677965 0.007352941176470588 0.03559322033898305
0 0.8193933823529411 0.40423728813559323 0.0027573529411764708 0.005084745762711864
0 0.8368566176470589 0.40508474576271186 0.006433823529411764 0.030508474576271188
0 0.9232536764705882 0.423728813559322 0.004595588235294118 0.010169491525423728
0 0.9250919117647058 0.41271186440677965 0.004595588235294118 0.00847457627118644
0 0.9117647058823529 0.4228813559322034 0.003676470588235294 0.00847457627118644
0 0.7513786764705882 0.8957627118644068 0.008272058823529412 0.015254237288135594
0 0.7348345588235294 0.8915254237288136 0.008272058823529412 0.01694915254237288
0 0.7113970588235294 0.8932203389830509 0.007352941176470588 0.013559322033898305
0 0.7012867647058824 0.9677966101694915 0.009191176470588236 0.01694915254237288
0 0.671875 1.0686440677966103 0.027573529411764705 0.1135593220338983
0 0.6695772058823529 0.9661016949152542 0.008272058823529412 0.020338983050847456
0 0.6806066176470589 0.9576271186440678 0.008272058823529412 0.013559322033898305
0 0.6824448529411765 0.9415254237288135 0.006433823529411764 0.015254237288135594
0 0.6962316176470589 0.9423728813559322 0.006433823529411764 0.013559322033898305
0 0.7100183823529411 0.9466101694915254 0.008272058823529412 0.01864406779661017
0 0.6727941176470589 0.9559322033898305 0.01838235294117647 0.08813559322033898
0 0.6452205882352942 0.95 0.007352941176470588 0.015254237288135594
0 0.6567095588235294 0.9779661016949153 0.015625 0.09152542372881356
0 0.6640625 0.9440677966101695 0.008272058823529412 0.01694915254237288
0 0.6507352941176471 0.9847457627118644 0.009191176470588236 0.01694915254237288
0 0.6259191176470589 0.9822033898305085 0.009191176470588236 0.015254237288135594
0 0.6332720588235294 0.9203389830508475 0.007352941176470588 0.01694915254237288
0 0.6079963235294118 0.9415254237288135 0.008272058823529412 0.015254237288135594
0 0.6038602941176471 1.0033898305084745 0.009191176470588236 0.01694915254237288
0 0.6070772058823529 0.9991525423728813 0.008272058823529412 0.015254237288135594
0 0.5863970588235294 0.9677966101694915 0.007352941176470588 0.01694915254237288
0 0.5712316176470589 1.006779661016949 0.008272058823529412 0.01694915254237288
0 0.5202205882352942 1.0186440677966102 0.007352941176470588 0.020338983050847456
0 0.46737132352941174 0.9779661016949153 0.008272058823529412 0.01694915254237288
0 0.5321691176470589 0.9474576271186441 0.009191176470588236 0.01694915254237288
0 0.5064338235294118 0.9245762711864407 0.007352941176470588 0.015254237288135594
0 0.4820772058823529 0.9440677966101695 0.008272058823529412 0.01694915254237288
0 0.484375 0.9177966101694915 0.007352941176470588 0.015254237288135594
0 0.5206801470588235 0.9152542372881356 0.008272058823529412 0.01694915254237288
0 0.5068933823529411 0.926271186440678 0.008272058823529412 0.01864406779661017
0 0.5298713235294118 0.8864406779661017 0.008272058823529412 0.013559322033898305
0 0.5243566176470589 0.8940677966101694 0.006433823529411764 0.01864406779661017
0 0.5215992647058824 0.9169491525423729 0.006433823529411764 0.013559322033898305
0 0.5261948529411765 0.9033898305084745 0.019301470588235295 0.0847457627118644
0 0.5243566176470589 0.8398305084745763 0.01011029411764706 0.01864406779661017
0 0.5477941176470589 0.8347457627118644 0.007352941176470588 0.015254237288135594
0 0.5675551470588235 0.8423728813559322 0.006433823529411764 0.013559322033898305
0 0.5280330882352942 0.8211864406779661 0.008272058823529412 0.015254237288135594
0 0.4522058823529412 0.8838983050847458 0.007352941176470588 0.015254237288135594
0 0.4296875 0.8754237288135593 0.006433823529411764 0.015254237288135594
0 0.42693014705882354 0.8593220338983051 0.006433823529411764 0.013559322033898305
0 0.44025735294117646 0.8415254237288136 0.007352941176470588 0.015254237288135594
0 0.3327205882352941 0.9398305084745763 0.007352941176470588 0.015254237288135594
0 0.31755514705882354 0.9796610169491525 0.008272058823529412 0.01694915254237288
0 0.31387867647058826 0.9093220338983051 0.008272058823529412 0.015254237288135594
0 0.2849264705882353 0.9432203389830508 0.007352941176470588 0.015254237288135594
0 0.2578125 0.9932203389830508 0.008272058823529412 0.013559322033898305
0 0.24770220588235295 0.9601694915254237 0.008272058823529412 0.015254237288135594
0 0.27481617647058826 0.8915254237288136 0.009191176470588236 0.01694915254237288
0 0.25827205882352944 0.9483050847457627 0.014705882352941176 0.06949152542372881
0 0.2614889705882353 0.8889830508474577 0.008272058823529412 0.015254237288135594
0 0.21645220588235295 0.9144067796610169 0.008272058823529412 0.01864406779661017
0 0.20174632352941177 1.0245762711864406 0.01011029411764706 0.01864406779661017
0 0.18198529411764705 0.9593220338983051 0.009191176470588236 0.01694915254237288
0 0.22104779411764705 0.8957627118644068 0.006433823529411764 0.015254237288135594
0 0.24586397058823528 0.8788135593220339 0.006433823529411764 0.015254237288135594
0 0.23575367647058823 0.8703389830508474 0.006433823529411764 0.015254237288135594
0 0.2265625 0.8737288135593221 0.006433823529411764 0.011864406779661017
0 0.20128676470588236 0.8983050847457628 0.009191176470588236 0.01694915254237288
0 0.19117647058823528 0.8830508474576271 0.007352941176470588 0.013559322033898305
0 0.20818014705882354 0.8771186440677966 0.008272058823529412 0.015254237288135594
0 0.2182904411764706 0.8525423728813559 0.008272058823529412 0.01694915254237288
0 0.17555147058823528 0.8805084745762712 0.009191176470588236 0.015254237288135594
0 0.16773897058823528 0.8754237288135593 0.006433823529411764 0.015254237288135594
0 0.16130514705882354 0.8720338983050847 0.008272058823529412 0.01864406779661017
0 0.19163602941176472 0.8610169491525423 0.008272058823529412 0.013559322033898305
0 0.19025735294117646 0.85 0.007352941176470588 0.015254237288135594
0 0.18290441176470587 0.8347457627118644 0.0055147058823529415 0.011864406779661017
0 0.17003676470588236 0.8567796610169491 0.014705882352941176 0.06271186440677966
0 0.15533088235294118 0.85 0.007352941176470588 0.015254237288135594
0 0.20404411764705882 0.8203389830508474 0.007352941176470588 0.013559322033898305
0 0.21599264705882354 0.8076271186440678 0.0055147058823529415 0.00847457627118644
0 0.20772058823529413 0.7889830508474577 0.007352941176470588 0.011864406779661017
0 0.21369485294117646 0.7788135593220339 0.006433823529411764 0.011864406779661017
0 0.17095588235294118 0.788135593220339 0.0055147058823529415 0.010169491525423728
0 0.17371323529411764 0.8076271186440678 0.007352941176470588 0.011864406779661017
0 0.16314338235294118 0.823728813559322 0.006433823529411764 0.013559322033898305
0 0.14659926470588236 0.8330508474576271 0.008272058823529412 0.015254237288135594
0 0.15441176470588236 0.8 0.003676470588235294 0.006779661016949152
0 0.13419117647058823 0.8483050847457627 0.009191176470588236 0.011864406779661017
0 0.11810661764705882 0.8389830508474576 0.006433823529411764 0.013559322033898305
0 0.10707720588235294 0.8415254237288136 0.008272058823529412 0.015254237288135594
0 0.10707720588235294 0.8296610169491525 0.01011029411764706 0.015254237288135594
0 0.13465073529411764 0.8288135593220339 0.008272058823529412 0.01694915254237288
0 0.14568014705882354 0.8347457627118644 0.006433823529411764 0.011864406779661017
0 0.13602941176470587 0.8449152542372881 0.016544117647058824 0.09322033898305085
0 0.15441176470588236 0.8186440677966101 0.011029411764705883 0.061016949152542375
0 0.14659926470588236 0.7838983050847458 0.006433823529411764 0.011864406779661017
0 0.12913602941176472 0.7864406779661017 0.008272058823529412 0.013559322033898305
0 0.12040441176470588 0.826271186440678 0.009191176470588236 0.015254237288135594
0 0.11075367647058823 0.8084745762711865 0.006433823529411764 0.010169491525423728
0 0.09466911764705882 0.7983050847457627 0.007352941176470588 0.013559322033898305
0 0.1171875 0.7847457627118644 0.008272058823529412 0.01694915254237288
0 0.13740808823529413 0.7686440677966102 0.008272058823529412 0.011864406779661017
0 0.12316176470588236 0.7677966101694915 0.0055147058823529415 0.010169491525423728
0 0.11213235294117647 0.7483050847457627 0.011029411764705883 0.015254237288135594
0 0.10477941176470588 0.7305084745762712 0.0055147058823529415 0.010169491525423728
0 0.09420955882352941 0.7711864406779662 0.006433823529411764 0.013559322033898305
0 0.0974264705882353 0.7898305084745763 0.011029411764705883 0.06440677966101695
0 0.0859375 0.7838983050847458 0.008272058823529412 0.015254237288135594
0 0.0744485294117647 0.7762711864406779 0.007352941176470588 0.013559322033898305
0 0.08363970588235294 0.7576271186440678 0.007352941176470588 0.013559322033898305
0 0.07720588235294118 0.7567796610169492 0.007352941176470588 0.015254237288135594
0 0.06571691176470588 0.7457627118644068 0.006433823529411764 0.013559322033898305
0 0.05606617647058824 0.7483050847457627 0.007352941176470588 0.015254237288135594
0 0.043658088235294115 0.7559322033898305 0.006433823529411764 0.013559322033898305
0 0.046875 0.8169491525423729 0.007352941176470588 0.01694915254237288
0 0.0739889705882353 0.8516949152542372 0.006433823529411764 0.015254237288135594
0 0.03216911764705882 0.7720338983050847 0.007352941176470588 0.015254237288135594
0 0.03216911764705882 0.735593220338983 0.007352941176470588 0.013559322033898305
0 0.027113970588235295 0.7135593220338983 0.006433823529411764 0.013559322033898305
0 0.050551470588235295 0.7313559322033898 0.0055147058823529415 0.011864406779661017
0 0.04181985294117647 0.7 0.006433823529411764 0.01694915254237288
0 0.034926470588235295 0.6584745762711864 0.0055147058823529415 0.011864406779661017
0 0.04136029411764706 0.6601694915254237 0.0055147058823529415 0.011864406779661017
0 0.05560661764705882 0.6237288135593221 0.006433823529411764 0.010169491525423728
0 0.07215073529411764 0.6110169491525423 0.004595588235294118 0.00847457627118644
0 0.0703125 0.6050847457627119 0.004595588235294118 0.010169491525423728
0 0.05238970588235294 0.5423728813559322 0.003676470588235294 0.006779661016949152
0 0.04503676470588235 0.5322033898305085 0.0055147058823529415 0.010169491525423728
0 0.034926470588235295 0.5296610169491526 0.0055147058823529415 0.011864406779661017
0 0.06525735294117647 0.49830508474576274 0.003676470588235294 0.006779661016949152
0 0.051011029411764705 0.5059322033898305 0.004595588235294118 0.00847457627118644
0 0.07352941176470588 0.511864406779661 0.009191176470588236 0.05423728813559322
0 0.04457720588235294 0.4915254237288136 0.006433823529411764 0.04406779661016949
0 0.05974264705882353 0.48898305084745763 0.003676470588235294 0.00847457627118644
0 0.0822610294117647 0.47372881355932206 0.004595588235294118 0.00847457627118644
0 0.07904411764705882 0.49830508474576274 0.009191176470588236 0.04745762711864407
0 0.07996323529411764 0.44745762711864406 0.003676470588235294 0.006779661016949152
0 0.07536764705882353 0.4661016949152542 0.007352941176470588 0.03728813559322034
0 0.109375 0.411864406779661 0.003676470588235294 0.006779661016949152
0 0.6112132352941176 0.8440677966101695 0.007352941176470588 0.013559322033898305
0 0.5909926470588235 0.8398305084745763 0.007352941176470588 0.015254237288135594
0 0.5932904411764706 0.8203389830508474 0.006433823529411764 0.013559322033898305
0 0.6070772058823529 0.809322033898305 0.006433823529411764 0.011864406779661017
0 0.6401654411764706 0.7966101694915254 0.006433823529411764 0.013559322033898305
0 0.6475183823529411 0.8127118644067797 0.006433823529411764 0.015254237288135594
0 0.6580882352941176 0.8228813559322034 0.007352941176470588 0.015254237288135594
0 0.6470588235294118 0.8203389830508474 0.011029411764705883 0.06440677966101695
0 0.6654411764705882 0.7830508474576271 0.007352941176470588 0.013559322033898305
0 0.6636029411764706 0.8025423728813559 0.007352941176470588 0.015254237288135594
0 0.6778492647058824 0.8144067796610169 0.008272058823529412 0.015254237288135594
0 0.6888786764705882 0.8016949152542373 0.008272058823529412 0.01694915254237288
0 0.6953125 0.7940677966101695 0.006433823529411764 0.011864406779661017
0 0.6934742647058824 0.7813559322033898 0.006433823529411764 0.013559322033898305
0 0.6847426470588235 0.7728813559322034 0.0055147058823529415 0.013559322033898305
0 0.7417279411764706 0.7440677966101695 0.0055147058823529415 0.013559322033898305
0 0.5367647058823529 0.7728813559322034 0.0055147058823529415 0.010169491525423728
0 0.5170036764705882 0.7872881355932203 0.006433823529411764 0.011864406779661017
0 0.5064338235294118 0.7898305084745763 0.0055147058823529415 0.013559322033898305
0 0.5009191176470589 0.8211864406779661 0.003676470588235294 0.00847457627118644
0 0.5454963235294118 0.764406779661017 0.004595588235294118 0.010169491525423728
0 0.5560661764705882 0.8059322033898305 0.009191176470588236 0.07966101694915254
0 0.5261948529411765 0.7669491525423728 0.006433823529411764 0.011864406779661017
0 0.5202205882352942 0.7686440677966102 0.007352941176470588 0.015254237288135594
0 0.5059742647058824 0.7703389830508475 0.006433823529411764 0.011864406779661017
0 0.4898897058823529 0.7711864406779662 0.009191176470588236 0.013559322033898305
0 0.4977022058823529 0.7686440677966102 0.006433823529411764 0.011864406779661017
0 0.4756433823529412 0.7669491525423728 0.006433823529411764 0.011864406779661017
0 0.46737132352941174 0.7779661016949152 0.006433823529411764 0.010169491525423728
0 0.4600183823529412 0.7652542372881356 0.006433823529411764 0.011864406779661017
0 0.4476102941176471 0.7788135593220339 0.0055147058823529415 0.011864406779661017
0 0.43704044117647056 0.785593220338983 0.006433823529411764 0.015254237288135594
