0 0.036153289949385395 1.776190476190476 0.024584237165582067 0.12380952380952381
0 0.11207519884309472 1.7936507936507937 0.021691973969631236 0.12063492063492064
0 0.18872017353579176 2.0 0.04049168474331164 0.20952380952380953
0 0.10737527114967461 1.4095238095238096 0.010845986984815618 0.05714285714285714
0 0.1193058568329718 1.4063492063492065 0.01012292118582791 0.050793650793650794
0 0.1334056399132321 1.4111111111111112 0.010845986984815618 0.05396825396825397
0 0.1554591467823572 1.4142857142857144 0.013015184381778741 0.06031746031746032
0 0.13485177151120753 1.3142857142857143 0.007953723788864787 0.044444444444444446
0 0.1876355748373102 1.542857142857143 0.016630513376717282 0.08888888888888889
0 0.20281995661605207 1.5714285714285714 0.015184381778741865 0.08888888888888889
0 0.2928416485900217 1.4428571428571428 0.015907447577729574 0.07936507936507936
0 0.433116413593637 1.492063492063492 0.018799710773680405 0.09523809523809523
0 0.37563268257411425 1.119047619047619 0.005061460592913955 0.02857142857142857
0 0.4222704266088214 1.2587301587301587 0.0072306579898770785 0.04126984126984127
0 0.5379609544468547 1.5603174603174603 0.021691973969631236 0.1111111111111111
0 0.5704989154013015 1.6333333333333333 0.01735357917570499 0.09206349206349207
0 0.6409978308026031 1.723809523809524 0.02096890817064353 0.10158730158730159
0 0.6760665220535069 1.619047619047619 0.01735357917570499 0.0761904761904762
0 0.789587852494577 1.4047619047619047 0.01012292118582791 0.06031746031746032
0 0.9428778018799711 1.2825396825396826 0.005784526391901663 0.025396825396825397
0 0.8271872740419378 1.561904761904762 0.014461315979754157 0.06349206349206349
0 0.8499638467100507 1.607936507936508 0.01373825018076645 0.07301587301587302
0 0.9121475054229935 1.5047619047619047 0.015184381778741865 0.0761904761904762
0 0.938177874186551 1.480952380952381 0.012292118582791034 0.06031746031746032
0 0.958062183658713 1.480952380952381 0.013015184381778741 0.07301587301587302
0 0.9692697035430224 1.3873015873015873 0.012292118582791034 0.050793650793650794
0 1.0115690527838033 1.615873015873016 0.024584237165582067 0.13333333333333333
0 0.7939262472885033 1.6126984126984127 0.0274765003615329 0.17142857142857143
0 0.5238611713665944 1.3476190476190477 0.009399855386840203 0.047619047619047616
0 0.5513376717281273 1.4047619047619047 0.010845986984815618 0.06031746031746032
0 0.541937816341287 1.4142857142857144 0.010845986984815618 0.06031746031746032
0 0.5220535068691251 1.5269841269841269 0.014461315979754157 0.06349206349206349
0 0.7968185104844541 1.4904761904761905 0.015907447577729574 0.07301587301587302
0 0.687997107736804 1.3825396825396825 0.009399855386840203 0.047619047619047616
0 0.6999276934201012 1.2920634920634921 0.0072306579898770785 0.0380952380952381
0 0.6851048445408532 1.3111111111111111 0.009399855386840203 0.0380952380952381
