0 0.0070859167404783 3.371657754010695 0.005314437555358724 0.0374331550802139
0 0.0141718334809566 3.304812834224599 0.005314437555358724 0.03208556149732621
0 0.14570416297608504 3.3823529411764706 0.006200177147918512 0.0481283422459893
0 0.1483613817537644 3.371657754010695 0.006200177147918512 0.0481283422459893
0 0.16076173604960142 3.3823529411764706 0.007971656333038087 0.0481283422459893
0 0.295837023914969 3.414438502673797 0.0141718334809566 0.11229946524064172
0 0.34145261293179807 3.3502673796791442 0.013286093888396812 0.10160427807486631
0 0.35518157661647476 3.4732620320855614 0.015943312666076175 0.10160427807486631
0 0.37821080602302926 3.564171122994652 0.01948627103631532 0.1443850267379679
0 0.40744021257750224 3.7540106951871657 0.021257750221434897 0.1925133689839572
0 0.36802480070859167 3.3983957219251337 0.013286093888396812 0.11229946524064172
0 0.4087688219663419 3.4732620320855614 0.015057573073516387 0.12299465240641712
0 0.470770593445527 3.5668449197860963 0.02037201062887511 0.13903743315508021
0 0.5261293179805138 3.6550802139037435 0.024800708591674048 0.17647058823529413
0 0.4579273693534101 3.4010695187165774 0.0141718334809566 0.11764705882352941
0 0.48848538529672275 3.4224598930481283 0.015057573073516387 0.11764705882352941
0 0.4171833480956599 3.22192513368984 0.008857395925597875 0.058823529411764705
0 0.43179805137289634 3.264705882352941 0.00974313551815766 0.06951871657754011
0 0.4446412754650133 3.3636363636363638 0.015943312666076175 0.11764705882352941
0 0.46058458813108943 3.3475935828877006 0.015943312666076175 0.0962566844919786
0 0.44862710363153235 3.251336898395722 0.011514614703277236 0.0855614973262032
0 0.4840566873339238 3.2967914438502675 0.00974313551815766 0.06951871657754011
0 0.5031000885739593 3.2032085561497325 0.0070859167404783 0.053475935828877004
0 0.5177147918511957 3.336898395721925 0.013286093888396812 0.10695187165775401
0 0.5509300265721878 3.3502673796791442 0.015943312666076175 0.12299465240641712
0 0.5788308237378211 3.393048128342246 0.015057573073516387 0.11229946524064172
0 0.620903454384411 3.5080213903743314 0.0141718334809566 0.10695187165775401
0 0.6266607617360496 3.358288770053476 0.013286093888396812 0.10695187165775401
0 0.5987599645704162 3.3128342245989306 0.008857395925597875 0.058823529411764705
0 0.6372896368467671 3.248663101604278 0.011514614703277236 0.08021390374331551
0 0.6638618246235607 3.2540106951871657 0.015057573073516387 0.10160427807486631
0 0.7050487156775908 3.251336898395722 0.012400354295837024 0.0855614973262032
0 0.7418069087688219 3.5294117647058822 0.01682905225863596 0.10695187165775401
0 0.7657218777679362 3.660427807486631 0.03277236492471213 0.18716577540106952
0 0.8379096545615589 3.2379679144385025 0.005314437555358724 0.026737967914438502
0 0.7980513728963685 3.2459893048128343 0.00354295837023915 0.0213903743315508
0 0.8139946855624446 3.27807486631016 0.00354295837023915 0.0213903743315508
0 0.7630646589902569 3.283422459893048 0.015057573073516387 0.0962566844919786
0 0.7449069973427812 3.3529411764705883 0.008857395925597875 0.0748663101604278
0 0.7400354295837024 3.165775401069519 0.006200177147918512 0.0427807486631016
0 0.6116031886625333 3.2032085561497325 0.006200177147918512 0.0427807486631016
0 0.6660761736049602 3.2245989304812834 0.008857395925597875 0.06417112299465241
0 0.570859167404783 3.197860962566845 0.006200177147918512 0.0427807486631016
0 0.5411868910540301 3.235294117647059 0.008857395925597875 0.06417112299465241
0 0.5531443755535872 3.27807486631016 0.011514614703277236 0.0748663101604278
0 0.5938883968113374 3.2032085561497325 0.007971656333038087 0.053475935828877004
0 0.5978742249778565 3.176470588235294 0.005314437555358724 0.0427807486631016
0 0.3587245349867139 3.176470588235294 0.00354295837023915 0.0213903743315508
0 0.6217891939769707 3.2914438502673797 0.010628875110717449 0.06951871657754011
