0 0.7818057455540356 1.7580645161290323 0.03967168262653899 0.10850439882697947
0 0.7373461012311902 1.7727272727272727 0.04103967168262654 0.10850439882697947
0 0.393296853625171 0.9325513196480938 0.03419972640218878 0.08797653958944282
0 0.4719562243502052 0.9105571847507331 0.03283173734610123 0.08504398826979472
0 0.533515731874145 0.8709677419354839 0.03283173734610123 0.08797653958944282
0 0.6019151846785226 0.9222873900293255 0.030095759233926128 0.08504398826979472
0 0.6593707250341997 0.8900293255131965 0.03283173734610123 0.09090909090909091
0 0.7270861833105335 0.9120234604105572 0.03146374829001368 0.08211143695014662
0 0.7879616963064295 0.9457478005865103 0.030095759233926128 0.07917888563049853
0 0.8488372093023255 0.9222873900293255 0.03146374829001368 0.08504398826979472
0 0.9103967168262654 0.8988269794721407 0.03146374829001368 0.10263929618768329
0 0.9760601915184679 0.8900293255131965 0.03419972640218878 0.08504398826979472
0 1.0403556771545828 0.8973607038123167 0.03419972640218878 0.08211143695014662
0 0.28864569083447333 1.067448680351906 0.04103967168262654 0.10557184750733138
0 0.35636114911080713 1.0850439882697946 0.03419972640218878 0.08797653958944282
0 0.4220246238030096 1.0703812316715542 0.03146374829001368 0.09970674486803519
0 0.47674418604651164 1.1436950146627567 0.03419972640218878 0.08797653958944282
0 0.5369357045143639 1.1260997067448681 0.028727770177838577 0.08797653958944282
0 0.5950752393980848 1.1304985337243403 0.030095759233926128 0.08504398826979472
0 0.6545827633378933 1.1480938416422288 0.028727770177838577 0.07917888563049853
0 0.7079343365253078 1.0733137829912023 0.03419972640218878 0.09970674486803519
0 0.7640218878248974 1.099706744868035 0.028727770177838577 0.08797653958944282
0 0.8119015047879617 1.1114369501466275 0.03146374829001368 0.08211143695014662
0 0.86593707250342 1.1466275659824048 0.03283173734610123 0.08797653958944282
0 0.9240766073871409 1.153958944281525 0.036935704514363885 0.0967741935483871
0 0.978796169630643 1.1041055718475072 0.03419972640218878 0.09090909090909091
0 1.0314637482900137 1.1085043988269794 0.03556771545827633 0.093841642228739
0 1.1087551299589604 1.1217008797653958 0.03419972640218878 0.09090909090909091
0 1.1757865937072502 1.1187683284457477 0.03419972640218878 0.08504398826979472
0 1.2462380300957592 1.2727272727272727 0.04377564979480164 0.11143695014662756
0 1.1532147742818057 1.3357771260997067 0.03556771545827633 0.0967741935483871
0 1.051983584131327 1.3211143695014662 0.04103967168262654 0.11436950146627566
0 0.9952120383036935 1.3416422287390029 0.036935704514363885 0.09090909090909091
0 0.9165526675786594 1.3665689149560116 0.03556771545827633 0.09970674486803519
0 0.8584131326949385 1.3299120234604105 0.03419972640218878 0.08504398826979472
0 0.7968536251709987 1.2947214076246334 0.03419972640218878 0.10263929618768329
0 0.7209302325581395 1.2976539589442815 0.03283173734610123 0.10263929618768329
0 0.6518467852257182 1.2932551319648093 0.03967168262653899 0.09970674486803519
0 0.5725034199726402 1.281524926686217 0.03967168262653899 0.093841642228739
0 0.5116279069767442 1.3387096774193548 0.03556771545827633 0.10263929618768329
0 0.454172366621067 1.3416422287390029 0.03556771545827633 0.10850439882697947
