0 0.14274258219727345 1.3242924528301887 0.046511627906976744 0.14386792452830188
0 0.20609462710505214 1.2358490566037736 0.03528468323977546 0.11320754716981132
0 0.33400160384923816 1.179245283018868 0.028067361668003207 0.10849056603773585
0 0.6475541299117883 1.1875 0.03929430633520449 0.13443396226415094
0 0.690056134723336 1.2004716981132075 0.03287890938251804 0.11320754716981132
0 0.7939053728949479 1.2252358490566038 0.038492381716118684 0.14386792452830188
0 0.7538091419406576 1.1627358490566038 0.03688853247794707 0.1320754716981132
0 0.7277465918203689 1.1544811320754718 0.03769045709703288 0.10141509433962265
0 0.9033680834001604 1.2169811320754718 0.03929430633520449 0.11320754716981132
0 1.000400962309543 1.1238207547169812 0.04731355252606255 0.1391509433962264
0 0.8660785886126704 1.1580188679245282 0.019246190858059342 0.04716981132075472
0 0.8404170008019246 1.196933962264151 0.01603849238171612 0.04481132075471698
