0 0.08374792703150911 0.3892694063926941 0.04975124378109453 0.17123287671232876
0 0.14966832504145938 0.4143835616438356 0.04560530679933665 0.18493150684931506
0 0.2263681592039801 0.4121004566210046 0.04809286898839138 0.18036529680365296
0 0.3208955223880597 0.3961187214611872 0.04311774461028192 0.16210045662100456
0 0.41459369817578773 0.4052511415525114 0.04477611940298507 0.15753424657534246
0 0.521558872305141 0.410958904109589 0.04643449419568822 0.1598173515981735
0 0.5800165837479271 0.4052511415525114 0.0439469320066335 0.16666666666666666
0 0.6629353233830846 0.3789954337899543 0.0439469320066335 0.1598173515981735
0 0.7417081260364843 0.3687214611872146 0.0472636815920398 0.16666666666666666
0 0.8271144278606966 0.3698630136986301 0.0472636815920398 0.1780821917808219
0 0.912106135986733 0.3538812785388128 0.04809286898839138 0.1735159817351598
0 0.9585406301824212 0.610730593607306 0.011608623548922056 0.03424657534246575
0 0.6791044776119403 1.2340182648401827 0.026533996683250415 0.06621004566210045
0 0.7529021558872305 0.5593607305936074 0.04145936981757877 0.1187214611872146
0 0.4552238805970149 0.569634703196347 0.013266998341625208 0.03881278538812785
0 0.32628524046434493 0.5605022831050228 0.03565505804311774 0.10273972602739725
0 0.026119402985074626 0.5079908675799086 0.02902155887230514 0.11643835616438356
