0 0.3103850641773629 2.1461794019933556 0.042007001166861145 0.15946843853820597
0 0.17444574095682613 1.8754152823920265 0.024504084014002333 0.08305647840531562
0 0.6213535589264878 1.9003322259136213 0.0338389731621937 0.09966777408637874
0 0.7094515752625438 1.8521594684385383 0.030338389731621937 0.10299003322259136
0 0.8074679113185531 1.7857142857142858 0.021003500583430573 0.06312292358803986
0 0.7362893815635939 1.7890365448504983 0.023337222870478413 0.06312292358803986
0 0.7654609101516919 1.7225913621262459 0.014002333722287048 0.04318936877076412
0 0.7555425904317387 1.696013289036545 0.010501750291715286 0.04318936877076412
0 0.7012835472578763 1.7790697674418605 0.01866977829638273 0.05647840531561462
0 0.6820303383897316 1.8006644518272426 0.026837806301050177 0.0664451827242525
0 0.676196032672112 1.755813953488372 0.01750291715285881 0.05647840531561462
0 0.3418903150525088 1.8073089700996678 0.021003500583430573 0.053156146179401995
0 0.3868144690781797 1.7043189368770764 0.015169194865810968 0.046511627906976744
0 0.4008168028004667 1.6893687707641196 0.010501750291715286 0.029900332225913623
0 0.44399066511085183 1.7458471760797343 0.012835472578763127 0.04983388704318937
0 0.49766627771295213 1.7541528239202657 0.015169194865810968 0.059800664451827246
0 0.5495915985997666 1.717607973421927 0.014002333722287048 0.046511627906976744
0 0.7152858809801633 1.6777408637873754 0.009334889148191364 0.03322259136212625
0 0.7077012835472579 1.6843853820598007 0.010501750291715286 0.03986710963455149
0 0.6808634772462077 1.7009966777408638 0.010501750291715286 0.03322259136212625
0 0.6791131855309218 1.686046511627907 0.011668611435239206 0.036544850498338874
0 0.6551925320886814 1.7026578073089702 0.010501750291715286 0.036544850498338874
0 0.6546091015169195 1.6794019933554818 0.014002333722287048 0.04318936877076412
0 0.6271878646441074 1.6777408637873754 0.012835472578763127 0.03986710963455149
0 0.41890315052508753 1.6727574750830565 0.011668611435239206 0.036544850498338874
0 0.4352392065344224 1.6644518272425248 0.014002333722287048 0.03986710963455149
0 0.45215869311551926 1.691029900332226 0.008168028004667444 0.026578073089700997
0 0.46674445740956827 1.6926910299003322 0.014002333722287048 0.036544850498338874
0 0.5099183197199533 1.6727574750830565 0.009334889148191364 0.029900332225913623
0 0.5373395565927654 1.712624584717608 0.010501750291715286 0.029900332225913623
0 0.5554259043173863 1.696013289036545 0.011668611435239206 0.036544850498338874
0 0.5816802800466745 1.6677740863787376 0.008168028004667444 0.026578073089700997
0 0.6079346557759626 1.6345514950166113 0.009334889148191364 0.026578073089700997
0 0.5355892648774796 1.2458471760797343 0.004667444574095682 0.013289036544850499
0 0.5256709451575262 1.282392026578073 0.015169194865810968 0.09302325581395349
0 0.4533255542590432 1.2807308970099667 0.010501750291715286 0.07641196013289037
0 0.46674445740956827 1.2508305647840532 0.004667444574095682 0.009966777408637873
0 0.4749124854142357 1.2425249169435215 0.004667444574095682 0.013289036544850499
0 0.48891481913652274 1.255813953488372 0.007001166861143524 0.019933554817275746
0 0.5005834305717619 1.2458471760797343 0.004667444574095682 0.013289036544850499
0 0.5058343057176196 1.2790697674418605 0.010501750291715286 0.07973421926910298
0 0.514585764294049 1.2707641196013288 0.011668611435239206 0.08970099667774087
0 0.5198366394399067 1.2774086378737541 0.010501750291715286 0.07641196013289037
0 0.46266044340723456 1.308970099667774 0.005834305717619603 0.013289036544850499
0 0.470828471411902 1.308970099667774 0.005834305717619603 0.013289036544850499
0 0.485414235705951 1.3156146179401993 0.004667444574095682 0.013289036544850499
0 0.4953325554259043 1.302325581395349 0.003500583430571762 0.013289036544850499
0 0.5180863477246208 1.2857142857142858 0.004667444574095682 0.013289036544850499
0 0.5280046674445741 1.3073089700996678 0.010501750291715286 0.07641196013289037
0 0.5157526254375729 1.3388704318936877 0.004667444574095682 0.013289036544850499
0 0.529171528588098 1.3338870431893688 0.005834305717619603 0.016611295681063124
0 0.5507584597432905 1.4435215946843853 0.004667444574095682 0.016611295681063124
0 0.5315052508751459 1.4119601328903655 0.003500583430571762 0.013289036544850499
0 0.514585764294049 1.4617940199335548 0.004667444574095682 0.013289036544850499
0 0.5005834305717619 1.4451827242524917 0.004667444574095682 0.013289036544850499
0 0.5017502917152858 1.451827242524917 0.014002333722287048 0.08637873754152824
0 0.4935822637106184 1.4235880398671097 0.004667444574095682 0.016611295681063124
0 0.4766627771295216 1.4252491694352158 0.003500583430571762 0.013289036544850499
0 0.4661610268378063 1.4252491694352158 0.005834305717619603 0.013289036544850499
0 0.45215869311551926 1.4700996677740863 0.005834305717619603 0.016611295681063124
0 0.4486581096849475 1.4401993355481728 0.005834305717619603 0.016611295681063124
0 0.4620770128354726 1.5033222591362125 0.007001166861143524 0.016611295681063124
0 0.470828471411902 1.5382059800664452 0.005834305717619603 0.019933554817275746
0 0.48191365227537925 1.558139534883721 0.007001166861143524 0.019933554817275746
0 0.4813302217036173 1.5199335548172757 0.019836639439906652 0.10963455149501661
0 0.49299883313885645 1.5498338870431894 0.005834305717619603 0.016611295681063124
0 0.5087514585764294 1.5813953488372092 0.014002333722287048 0.09966777408637874
0 0.5058343057176196 1.5548172757475083 0.005834305717619603 0.013289036544850499
0 0.5186697782963827 1.5249169435215948 0.005834305717619603 0.019933554817275746
0 0.5338389731621938 1.5199335548172757 0.005834305717619603 0.016611295681063124
0 0.5460910151691949 1.5514950166112957 0.007001166861143524 0.019933554817275746
0 0.5466744457409568 1.5614617940199336 0.019836639439906652 0.09302325581395349
0 0.5670945157526255 1.5066445182724253 0.004667444574095682 0.016611295681063124
0 0.45682613768961494 1.5780730897009967 0.008168028004667444 0.026578073089700997
0 0.4684947491248541 1.5963455149501662 0.005834305717619603 0.016611295681063124
