0 0.028402125051082958 0.8272200772200772 0.0028606456885982836 0.005791505791505791
0 0.0343277482631794 0.833011583011583 0.004086636697997548 0.02702702702702703
0 0.03882304863097671 0.8494208494208494 0.005721291377196567 0.03474903474903475
0 0.03861871679607683 0.818050193050193 0.0028606456885982836 0.006756756756756757
0 0.04229668982427462 0.8146718146718147 0.0028606456885982836 0.007722007722007722
0 0.05108295872496935 0.8416988416988417 0.0032693093583980384 0.009652509652509652
0 0.05639558643236616 0.8624517374517374 0.0032693093583980384 0.008687258687258687
0 0.057008581937065796 0.8503861003861004 0.006129955046996322 0.03088803088803089
0 0.05639558643236616 0.834942084942085 0.002451982018798529 0.007722007722007722
0 0.0723334695545566 0.7746138996138996 0.005721291377196567 0.037644787644787646
0 0.07539844707805476 0.7697876447876448 0.006947282386595832 0.03957528957528957
0 0.02022885165508786 0.9473938223938224 0.006947282386595832 0.01833976833976834
0 0.03943604413567634 0.9618725868725869 0.006947282386595832 0.016409266409266408
0 0.05271761340416837 0.9613899613899614 0.006538618716796077 0.017374517374517374
0 0.05905190028606457 0.9594594594594594 0.0053126277073968125 0.013513513513513514
0 0.04822231303637107 0.9551158301158301 0.005721291377196567 0.01447876447876448
0 0.07703310175725378 0.9888996138996139 0.012668573763792398 0.05501930501930502
0 0.07172047404985697 0.9507722007722008 0.004495300367797303 0.013513513513513514
0 0.07764609726195341 0.959942084942085 0.004086636697997548 0.010617760617760617
0 0.08418471597874949 0.974903474903475 0.011442582754393135 0.04826254826254826
0 0.08602370249284838 0.9657335907335908 0.004495300367797303 0.012548262548262547
0 0.0939926440539436 0.971042471042471 0.004086636697997548 0.011583011583011582
0 0.08908868001634655 0.9792471042471043 0.005721291377196567 0.01447876447876448
0 0.08561503882304863 0.9942084942084942 0.012668573763792398 0.052123552123552123
0 0.06395586432366163 0.9763513513513513 0.0053126277073968125 0.016409266409266408
0 0.06926849203105843 0.9671814671814671 0.0053126277073968125 0.013513513513513514
0 0.07008581937065794 0.9903474903474904 0.006129955046996322 0.015444015444015444
0 0.07764609726195341 1.002895752895753 0.015529219452390683 0.04826254826254826
0 0.03310175725378014 1.018822393822394 0.011442582754393135 0.026061776061776062
0 0.04107069881487536 1.0106177606177607 0.011033919084593379 0.02895752895752896
0 0.06559051900286064 1.0212355212355213 0.011033919084593379 0.02702702702702703
0 0.08009807928075194 1.0231660231660231 0.008173273395995096 0.023166023166023165
0 0.07989374744585206 1.0231660231660231 0.00858193706579485 0.021235521235521235
0 0.095014303228443 1.0352316602316602 0.00939926440539436 0.0222007722007722
0 0.10257458111973845 1.011100386100386 0.0073559460563955865 0.01833976833976834
0 0.11463015937883123 1.018822393822394 0.00939926440539436 0.0222007722007722
0 0.015120555782590927 1.2205598455598456 0.06702084184715978 0.2133204633204633
0 0.05414793624846751 1.2060810810810811 0.03146710257458112 0.07625482625482626
0 0.00858193706579485 1.126930501930502 0.024519820187985288 0.07432432432432433
0 0.1330200245198202 1.2857142857142858 0.04127503064977524 0.0945945945945946
0 0.2323252962811606 1.317084942084942 0.03555373927257867 0.0916988416988417
0 0.2441765427053535 1.1916023166023166 0.024111156518185534 0.05888030888030888
0 0.213322435635472 1.208976833976834 0.02043318348998774 0.05115830115830116
0 0.17388639149979568 1.165057915057915 0.017572537801389457 0.04826254826254826
0 0.15345320800980794 1.1293436293436294 0.019207192480588477 0.055984555984555984
0 0.17286473232529628 1.1081081081081081 0.013077237433592154 0.03088803088803089
0 0.19861054352268084 1.1047297297297298 0.013077237433592154 0.037644787644787646
0 0.2486718430731508 1.130791505791506 0.013485901103391908 0.03185328185328185
0 0.26379239885574174 1.1674710424710424 0.015937883122190438 0.0472972972972973
0 0.26460972619534123 1.1414092664092663 0.011033919084593379 0.02413127413127413
0 0.2840212505108296 1.1356177606177607 0.011442582754393135 0.03185328185328185
0 0.29975480179812014 1.140926640926641 0.014303228442991417 0.03474903474903475
0 0.31221904372701265 1.1467181467181466 0.013077237433592154 0.03088803088803089
0 0.29812014711892115 1.2273166023166022 0.021659174499387004 0.06467181467181467
0 0.2923988557417246 1.1964285714285714 0.015937883122190438 0.041505791505791506
0 0.3442991418062934 1.261100386100386 0.025745811197384554 0.06467181467181467
0 0.3263179403351042 1.1332046332046333 0.011033919084593379 0.02895752895752896
0 0.34654679199019206 1.1211389961389961 0.008173273395995096 0.026061776061776062
0 0.36371066612178177 1.1336872586872586 0.009807928075194115 0.029922779922779922
0 0.3418471597874949 1.1500965250965252 0.011033919084593379 0.027992277992277992
0 0.35328974254188805 1.1558880308880308 0.012668573763792398 0.03571428571428571
0 0.3318348998774009 1.1563706563706564 0.015529219452390683 0.04247104247104247
0 0.38659583163056804 1.1293436293436294 0.010625255414793625 0.02895752895752896
0 0.40314671025745813 1.1616795366795367 0.013485901103391908 0.03957528957528957
0 0.42296689824274625 1.1607142857142858 0.009807928075194115 0.027992277992277992
0 0.43808745402533716 1.1611969111969112 0.013077237433592154 0.03474903474903475
0 0.44442174090723335 1.1665057915057915 0.011033919084593379 0.03185328185328185
0 0.4540253371475276 1.1385135135135136 0.010625255414793625 0.02413127413127413
0 0.4619942787086228 1.1336872586872586 0.00858193706579485 0.02413127413127413
0 0.4372701266857376 1.1293436293436294 0.0073559460563955865 0.021235521235521235
0 0.4442174090723335 1.119208494208494 0.0073559460563955865 0.01833976833976834
0 0.4474867184307315 1.111003861003861 0.006538618716796077 0.017374517374517374
0 0.4579076420106253 1.1172779922779923 0.006129955046996322 0.016409266409266408
0 0.4613812832039232 1.11003861003861 0.006538618716796077 0.017374517374517374
0 0.45525132815692687 1.0921814671814671 0.004903964037597058 0.012548262548262547
0 0.46935022476501836 1.0941119691119692 0.006129955046996322 0.01447876447876448
0 0.4728238659583163 1.0912162162162162 0.004903964037597058 0.016409266409266408
0 0.4822231303637107 1.0926640926640927 0.005721291377196567 0.013513513513513514
0 0.4820187985288108 1.1085907335907337 0.006129955046996322 0.016409266409266408
0 0.4736411932979158 1.1158301158301158 0.0073559460563955865 0.019305019305019305
0 0.479975480179812 1.1298262548262548 0.015937883122190438 0.0472972972972973
0 0.48038414384961176 1.143822393822394 0.00858193706579485 0.025096525096525095
0 0.48038414384961176 1.1805019305019304 0.011033919084593379 0.02702702702702703
0 0.4834491213731099 1.208976833976834 0.013077237433592154 0.03957528957528957
0 0.4709848794442174 1.209942084942085 0.018389865140988965 0.05115830115830116
0 0.4260318757662444 1.2065637065637065 0.020841847159787496 0.04826254826254826
0 0.39967306906416017 1.180019305019305 0.015529219452390683 0.04343629343629344
0 0.3798528810788721 1.2094594594594594 0.020024519820187985 0.052123552123552123
0 0.4160196158561504 1.234073359073359 0.026154474867184307 0.06274131274131274
0 0.46322026971802205 1.2427606177606179 0.020841847159787496 0.05115830115830116
0 0.36575398447078056 1.3286679536679538 0.032693093583980384 0.08011583011583012
0 0.44094809971393545 1.3412162162162162 0.031875766244380876 0.0859073359073359
0 0.4953003677973028 1.0965250965250966 0.004903964037597058 0.015444015444015444
0 0.4944830404577033 1.1052123552123552 0.006538618716796077 0.015444015444015444
0 0.5008173273395995 1.1418918918918919 0.00939926440539436 0.025096525096525095
0 0.5004086636697997 1.1423745173745175 0.00858193706579485 0.02413127413127413
0 0.5044953003677973 1.170849420849421 0.014303228442991417 0.03667953667953668
0 0.5102165917449939 1.2075289575289576 0.015937883122190438 0.0444015444015444
0 0.5192071924805884 1.236003861003861 0.023293829178586023 0.05694980694980695
0 0.5281977932161831 1.251930501930502 0.021659174499387004 0.05405405405405406
0 0.5369840621168778 1.3682432432432432 0.032693093583980384 0.08976833976833977
0 0.5089906007355947 1.0999034749034748 0.0053126277073968125 0.016409266409266408
0 0.5083776052308949 1.0955598455598456 0.005721291377196567 0.015444015444015444
0 0.5108295872496935 1.130791505791506 0.008173273395995096 0.02413127413127413
0 0.5234981610134859 1.138030888030888 0.008173273395995096 0.021235521235521235
0 0.5361667347772783 1.178088803088803 0.016346546791990192 0.03957528957528957
0 0.5645688598283612 1.209942084942085 0.019207192480588477 0.05115830115830116
0 0.5784634246015529 1.29488416988417 0.024111156518185534 0.05501930501930502
0 0.6082958724969351 1.3243243243243243 0.03473641193297916 0.0945945945945946
0 0.5241111565181855 1.1037644787644787 0.006947282386595832 0.01833976833976834
0 0.5318757662443808 1.1003861003861004 0.004495300367797303 0.013513513513513514
0 0.5371883939517776 1.1037644787644787 0.004495300367797303 0.012548262548262547
0 0.5451573355128729 1.0984555984555984 0.005721291377196567 0.015444015444015444
0 0.5612995504699633 1.0916988416988418 0.0053126277073968125 0.013513513513513514
0 0.5310584389047813 1.1264478764478765 0.006947282386595832 0.021235521235521235
0 0.5447486718430732 1.1196911196911197 0.0073559460563955865 0.019305019305019305
0 0.5443400081732734 1.1254826254826256 0.008173273395995096 0.017374517374517374
0 0.5451573355128729 1.1481660231660231 0.008990600735594606 0.0222007722007722
0 0.559869227625664 1.1636100386100385 0.012259910093992644 0.03185328185328185
0 0.554965263588067 1.1076254826254825 0.0073559460563955865 0.016409266409266408
0 0.5645688598283612 1.122104247104247 0.00858193706579485 0.02413127413127413
0 0.5709031467102574 1.1534749034749034 0.009807928075194115 0.025096525096525095
0 0.5725378013894564 1.1703667953667953 0.015529219452390683 0.033783783783783786
0 0.5737637923988558 1.1052123552123552 0.004903964037597058 0.013513513513513514
0 0.5764201062525541 1.114864864864865 0.006947282386595832 0.017374517374517374
0 0.5784634246015529 1.1288610038610039 0.006129955046996322 0.016409266409266408
0 0.5829587249693502 1.111969111969112 0.006129955046996322 0.013513513513513514
0 0.5939926440539436 1.1423745173745175 0.00939926440539436 0.027992277992277992
0 0.5858193706579485 1.1607142857142858 0.011033919084593379 0.029922779922779922
0 0.5968532897425419 1.069980694980695 0.006129955046996322 0.02027027027027027
0 0.5911319983653454 1.1196911196911197 0.006129955046996322 0.019305019305019305
0 0.6009399264405394 1.1235521235521235 0.006947282386595832 0.023166023166023165
0 0.605026563138537 1.1264478764478765 0.01021659174499387 0.025096525096525095
0 0.5986922762566408 1.2002895752895753 0.008990600735594606 0.026061776061776062
0 0.609930527176134 1.1882239382239381 0.019207192480588477 0.04826254826254826
0 0.6064568859828361 1.082046332046332 0.004086636697997548 0.013513513513513514
0 0.6178994687372292 1.0762548262548262 0.004903964037597058 0.013513513513513514
0 0.636493665713118 1.1356177606177607 0.011033919084593379 0.027992277992277992
0 0.64997956681651 1.1978764478764479 0.017572537801389457 0.0444015444015444
0 0.651614221495709 1.2591698841698842 0.023293829178586023 0.06853281853281853
0 0.6875766244380874 1.3416988416988418 0.03310175725378014 0.0888030888030888
0 0.6988148753575807 1.2485521235521235 0.024519820187985288 0.06853281853281853
0 0.6975888843481814 1.1906370656370657 0.0171638741315897 0.041505791505791506
0 0.7270126685737638 1.1747104247104247 0.016346546791990192 0.04247104247104247
0 0.7456068655496526 1.2195945945945945 0.024928483857785042 0.060810810810810814
0 0.7568451164691459 1.277992277992278 0.028606456885982835 0.09073359073359073
0 0.6606048222313037 1.1558880308880308 0.015120555782590927 0.03957528957528957
0 0.7076011442582755 1.1423745173745175 0.013485901103391908 0.03185328185328185
0 0.7053534940743768 1.0666023166023166 0.005721291377196567 0.013513513513513514
0 0.726604004903964 1.0651544401544402 0.0073559460563955865 0.016409266409266408
0 0.7310993052717614 1.082046332046332 0.006538618716796077 0.017374517374517374
0 0.7895382100531263 1.3894787644787645 0.0425010216591745 0.0916988416988417
0 0.8326522272170004 1.3484555984555984 0.04372701266857376 0.11196911196911197
0 0.8829178586023703 1.2273166023166022 0.04045770331017572 0.09555984555984556
0 0.9319574989783408 1.2142857142857142 0.024111156518185534 0.06756756756756757
0 0.9632202697180221 1.1587837837837838 0.027789129546383327 0.07818532818532818
0 0.7789129546383327 1.2166988416988418 0.024519820187985288 0.060810810810810814
0 0.8146710257458112 1.2282818532818534 0.027380465876583573 0.05888030888030888
0 0.7637923988557417 1.1500965250965252 0.0171638741315897 0.041505791505791506
0 0.7827952595014304 1.1544401544401544 0.020024519820187985 0.05019305019305019
0 0.8169186759297099 1.122104247104247 0.016346546791990192 0.037644787644787646
0 0.8344912137310994 1.106177606177606 0.014711892112791173 0.03861003861003861
0 0.8610543522680834 1.0936293436293436 0.0171638741315897 0.04054054054054054
0 0.8694319574989784 1.1356177606177607 0.02656313853698406 0.06467181467181467
0 0.7545974662852473 1.1245173745173744 0.013485901103391908 0.03088803088803089
0 0.7803432774826318 1.1153474903474903 0.012668573763792398 0.029922779922779922
0 0.8001634654679199 1.1081081081081081 0.011442582754393135 0.032818532818532815
0 0.7746219861054352 1.0357142857142858 0.006947282386595832 0.019305019305019305
0 0.16428279525950143 0.806949806949807 0.0016346546791990192 0.003861003861003861
0 0.2125051082958725 0.749034749034749 0.002451982018798529 0.005791505791505791
0 0.21557008581937065 0.7485521235521235 0.0012259910093992644 0.0028957528957528956
0 0.22108704536166734 0.7422779922779923 0.0016346546791990192 0.003861003861003861
0 0.2278299959133633 0.7591698841698842 0.002043318348998774 0.004826254826254826
0 0.23171230077646096 0.75 0.0016346546791990192 0.003861003861003861
0 0.24560686554965264 0.7427606177606177 0.002451982018798529 0.016409266409266408
0 0.24724152022885165 0.7432432432432432 0.0032693093583980384 0.019305019305019305
0 0.24928483857785044 0.736969111969112 0.0016346546791990192 0.004826254826254826
0 0.2523498161013486 0.7277992277992278 0.0012259910093992644 0.003861003861003861
0 0.2676747037188394 0.7200772200772201 0.0016346546791990192 0.003861003861003861
0 0.24724152022885165 0.7688223938223938 0.004086636697997548 0.02027027027027027
0 0.28729055986922764 0.7152509652509652 0.006538618716796077 0.013513513513513514
0 0.29158152840212503 0.737934362934363 0.0012259910093992644 0.004826254826254826
0 0.29280751941152433 0.7374517374517374 0.0012259910093992644 0.003861003861003861
0 0.298324478953821 0.734073359073359 0.002451982018798529 0.004826254826254826
0 0.30098079280751944 0.708976833976834 0.0012259910093992644 0.0028957528957528956
0 0.30711074785451575 0.7065637065637066 0.0012259910093992644 0.003861003861003861
0 0.32243563547200654 0.7128378378378378 0.0032693093583980384 0.026061776061776062
0 0.3234572946465059 0.7152509652509652 0.0036779730281977932 0.025096525096525095
0 0.3257049448304046 0.7157335907335908 0.0032693093583980384 0.02413127413127413
0 0.3295872496935022 0.7036679536679536 0.0012259910093992644 0.003861003861003861
0 0.3442991418062934 0.7191119691119691 0.002043318348998774 0.005791505791505791
0 0.37556191254597465 0.7022200772200772 0.0016346546791990192 0.004826254826254826
0 0.37821822639967306 0.7041505791505791 0.0012259910093992644 0.0028957528957528956
0 0.3868001634654679 0.7128378378378378 0.002043318348998774 0.004826254826254826
0 0.393338782182264 0.7157335907335908 0.004495300367797303 0.03185328185328185
0 0.39538210053126277 0.7128378378378378 0.002043318348998774 0.004826254826254826
0 0.39538210053126277 0.7171814671814671 0.0036779730281977932 0.025096525096525095
0 0.4131589701675521 0.6988416988416989 0.0016346546791990192 0.003861003861003861
0 0.4248058847568451 0.6993243243243243 0.0012259910093992644 0.0028957528957528956
0 0.43195749897834085 0.7133204633204633 0.002451982018798529 0.005791505791505791
0 0.42991418062934206 0.6911196911196911 0.0016346546791990192 0.003861003861003861
0 0.4454434000817327 0.7036679536679536 0.0016346546791990192 0.003861003861003861
0 0.44809971393543113 0.7051158301158301 0.0012259910093992644 0.0028957528957528956
0 0.45157335512872904 0.7166988416988417 0.004086636697997548 0.026061776061776062
0 0.4521863506334287 0.7176640926640927 0.0036779730281977932 0.02027027027027027
0 0.455046996322027 0.7138030888030888 0.0012259910093992644 0.0028957528957528956
0 0.4601552921945239 0.7162162162162162 0.004903964037597058 0.025096525096525095
0 0.4630159378831222 0.7027027027027027 0.0016346546791990192 0.003861003861003861
0 0.46710257458111976 0.706081081081081 0.0016346546791990192 0.004826254826254826
0 0.46873722926031874 0.7186293436293436 0.004086636697997548 0.01833976833976834
0 0.4703718839395178 0.7142857142857143 0.004086636697997548 0.02895752895752896
0 0.47139354311401716 0.7186293436293436 0.004495300367797303 0.01833976833976834
0 0.4744585206375153 0.7195945945945946 0.002451982018798529 0.004826254826254826
0 0.47404985696771557 0.7031853281853282 0.0032693093583980384 0.0222007722007722
0 0.48876174908050674 0.7084942084942085 0.0016346546791990192 0.003861003861003861
0 0.4638332652227217 0.7244208494208494 0.002451982018798529 0.004826254826254826
0 0.49550469963220267 0.7046332046332047 0.0012259910093992644 0.003861003861003861
0 0.49836534532080096 0.7166988416988417 0.0028606456885982836 0.006756756756756757
0 0.503473641193298 0.6925675675675675 0.0008173273395995096 0.0028957528957528956
0 0.5036779730281978 0.7142857142857143 0.004495300367797303 0.025096525096525095
0 0.5069472823865958 0.707046332046332 0.0012259910093992644 0.0028957528957528956
0 0.5032693093583981 0.721042471042471 0.002043318348998774 0.005791505791505791
0 0.5130772374335921 0.7109073359073359 0.002043318348998774 0.004826254826254826
0 0.5512872905598692 0.6973938223938224 0.0016346546791990192 0.004826254826254826
0 0.5531262770739681 0.6959459459459459 0.0012259910093992644 0.003861003861003861
0 0.5226808336738864 0.7553088803088803 0.002451982018798529 0.006756756756756757
0 0.5279934613812832 0.7427606177606177 0.002451982018798529 0.004826254826254826
0 0.6362893338782182 0.7118725868725869 0.004086636697997548 0.026061776061776062
0 0.6395586432366163 0.7055984555984556 0.0016346546791990192 0.003861003861003861
0 0.6638741315897017 0.6959459459459459 0.0012259910093992644 0.003861003861003861
0 0.6757253780138945 0.7422779922779923 0.0028606456885982836 0.007722007722007722
0 0.6894156109521864 0.7417953667953668 0.0016346546791990192 0.0028957528957528956
0 0.7923988557417245 0.819015444015444 0.002451982018798529 0.004826254826254826
0 0.821618308132407 0.8687258687258688 0.0028606456885982836 0.007722007722007722
0 0.7423375561912546 0.8392857142857143 0.002043318348998774 0.004826254826254826
0 0.7590927666530446 0.8692084942084942 0.0028606456885982836 0.008687258687258687
0 0.7319166326113609 0.8827220077220077 0.002451982018798529 0.006756756756756757
0 0.7102574581119738 0.8576254826254827 0.0032693093583980384 0.006756756756756757
0 0.6965672251736821 0.874034749034749 0.0028606456885982836 0.006756756756756757
0 0.6894156109521864 0.8725868725868726 0.0032693093583980384 0.007722007722007722
0 0.680016346546792 0.8291505791505791 0.002451982018798529 0.007722007722007722
0 0.658357172047405 0.7847490347490348 0.002451982018798529 0.005791505791505791
0 0.646710257458112 0.8137065637065637 0.0028606456885982836 0.007722007722007722
0 0.6401716387413159 0.8146718146718147 0.0028606456885982836 0.007722007722007722
0 0.6379239885574173 0.8648648648648649 0.0032693093583980384 0.007722007722007722
0 0.6046178994687372 0.8489382239382239 0.0028606456885982836 0.006756756756756757
0 0.5905190028606457 0.8465250965250966 0.008990600735594606 0.0444015444015444
0 0.5835717204740498 0.8576254826254827 0.0032693093583980384 0.008687258687258687
0 0.5796894156109522 0.8426640926640927 0.0028606456885982836 0.007722007722007722
0 0.5723334695545566 0.872104247104247 0.0036779730281977932 0.010617760617760617
0 0.5600735594605639 0.833011583011583 0.0028606456885982836 0.005791505791505791
0 0.5472006538618717 0.819015444015444 0.002451982018798529 0.006756756756756757
0 0.559869227625664 0.8556949806949807 0.010625255414793625 0.03185328185328185
0 0.5318757662443808 0.7944015444015444 0.0028606456885982836 0.007722007722007722
0 0.5271761340416837 0.7953667953667953 0.0032693093583980384 0.007722007722007722
0 0.5165508786268901 0.7963320463320464 0.0032693093583980384 0.009652509652509652
0 0.510012259910094 0.7915057915057915 0.002451982018798529 0.005791505791505791
0 0.4205149162239477 0.7924710424710425 0.002451982018798529 0.007722007722007722
0 0.3780138945647732 0.791023166023166 0.002451982018798529 0.006756756756756757
0 0.35574172456068653 0.7804054054054054 0.0028606456885982836 0.006756756756756757
0 0.35901103391908457 0.8098455598455598 0.0028606456885982836 0.007722007722007722
0 0.32999591336330203 0.7915057915057915 0.0036779730281977932 0.007722007722007722
0 0.33673886391499797 0.791023166023166 0.002451982018798529 0.006756756756756757
0 0.33878218226399676 0.7828185328185329 0.002451982018798529 0.005791505791505791
0 0.28320392317123005 0.8151544401544402 0.002451982018798529 0.006756756756756757
0 0.2729873314262362 0.819980694980695 0.0032693093583980384 0.006756756756756757
0 0.2703310175725378 0.8305984555984556 0.0028606456885982836 0.006756756756756757
0 0.26460972619534123 0.821911196911197 0.0028606456885982836 0.006756756756756757
0 0.2458111973845525 0.8175675675675675 0.0028606456885982836 0.005791505791505791
0 0.2576624438087454 0.8523166023166023 0.0028606456885982836 0.007722007722007722
0 0.2756436452799346 0.875 0.0028606456885982836 0.006756756756756757
0 0.28177360032693094 0.8692084942084942 0.0028606456885982836 0.008687258687258687
0 0.19391091131998364 0.8455598455598455 0.0028606456885982836 0.005791505791505791
0 0.18880261544748672 0.862934362934363 0.002451982018798529 0.007722007722007722
0 0.2090314671025746 0.8923745173745173 0.002043318348998774 0.004826254826254826
0 0.2764609726195341 0.902992277992278 0.0036779730281977932 0.008687258687258687
0 0.2656313853698406 0.9488416988416989 0.004086636697997548 0.009652509652509652
0 0.2938291785860237 0.9555984555984556 0.004903964037597058 0.011583011583011582
0 0.3281569268492031 0.9609073359073359 0.004086636697997548 0.010617760617760617
0 0.3620760114425828 0.9666988416988417 0.004086636697997548 0.010617760617760617
0 0.3510420923579894 0.8523166023166023 0.0032693093583980384 0.007722007722007722
0 0.3579893747445852 0.8605212355212355 0.0032693093583980384 0.006756756756756757
0 0.36514098896608094 0.8368725868725869 0.0028606456885982836 0.007722007722007722
0 0.3708622803432775 0.8672779922779923 0.0028606456885982836 0.008687258687258687
0 0.37964854924397223 0.8585907335907336 0.0032693093583980384 0.008687258687258687
0 0.3806702084184716 0.8817567567567568 0.01021659174499387 0.03571428571428571
0 0.3937474458520637 0.8851351351351351 0.0028606456885982836 0.007722007722007722
0 0.4068246832856559 0.8803088803088803 0.0028606456885982836 0.007722007722007722
0 0.4241928892521455 0.834942084942085 0.002451982018798529 0.009652509652509652
0 0.42807519411524314 0.875 0.0036779730281977932 0.008687258687258687
0 0.4340008173273396 0.8701737451737451 0.0032693093583980384 0.008687258687258687
0 0.43890478136493666 0.8667953667953668 0.002451982018798529 0.007722007722007722
0 0.4378831221904373 0.8692084942084942 0.006947282386595832 0.0472972972972973
0 0.4403351042092358 0.8392857142857143 0.0028606456885982836 0.008687258687258687
0 0.44585206375153247 0.8711389961389961 0.0032693093583980384 0.008687258687258687
0 0.4536166734777278 0.8378378378378378 0.002451982018798529 0.007722007722007722
0 0.48937474458520636 0.8431467181467182 0.0028606456885982836 0.010617760617760617
0 0.4979566816510012 0.8991312741312741 0.0036779730281977932 0.008687258687258687
0 0.510012259910094 0.8962355212355212 0.004086636697997548 0.010617760617760617
0 0.491622394769105 0.9686293436293436 0.004903964037597058 0.012548262548262547
0 0.4611769513690233 0.9763513513513513 0.004495300367797303 0.010617760617760617
0 0.4221495709031467 0.9753861003861004 0.004903964037597058 0.012548262548262547
0 0.07723743359215365 1.0453667953667953 0.015529219452390683 0.04054054054054054
0 0.06763383735185942 1.0453667953667953 0.011851246424192888 0.032818532818532815
0 0.05292194523906825 1.0907335907335907 0.014303228442991417 0.03088803088803089
0 0.03064977523498161 1.0564671814671815 0.0171638741315897 0.0472972972972973
0 0.06763383735185942 1.1805019305019304 0.020024519820187985 0.04247104247104247
0 0.05537392725786677 1.210907335907336 0.04944830404577033 0.12451737451737452
0 0.05762157744176543 1.2133204633204633 0.026154474867184307 0.07142857142857142
