0 0.4722921914357683 4.970212765957447 0.16120906801007556 0.723404255319149
0 0.6908060453400504 5.078723404255319 0.13727959697732997 0.6510638297872341
0 0.9099496221662469 5.225531914893617 0.17002518891687657 0.7659574468085106
0 0.0012594458438287153 5.1063829787234045 0.012594458438287154 0.05106382978723404
0 0.0163727959697733 5.104255319148936 0.010075566750629723 0.04680851063829787
0 0.09949622166246852 5.117021276595745 0.010075566750629723 0.03829787234042553
0 0.12279596977329975 5.1 0.011335012594458438 0.04680851063829787
0 0.1486146095717884 5.102127659574468 0.012594458438287154 0.0425531914893617
0 0.1712846347607053 5.085106382978723 0.010075566750629723 0.0425531914893617
0 0.2040302267002519 5.097872340425532 0.010075566750629723 0.0425531914893617
0 0.22795969773299748 5.114893617021276 0.010075566750629723 0.0425531914893617
0 0.27015113350125947 5.104255319148936 0.013853904282115869 0.04680851063829787
