0 0.12851600387972842 0.9034985422740525 0.08147429679922405 0.11603498542274053
0 0.23981571290009698 0.924198250728863 0.08001939864209505 0.11661807580174927
0 0.35984481086323955 0.9005830903790087 0.07371483996120272 0.11603498542274053
0 0.4226479146459748 0.9591836734693877 0.0848690591658584 0.13177842565597667
0 0.5955383123181377 0.924198250728863 0.07856450048496605 0.12361516034985423
0 0.757274490785645 0.931195335276968 0.0877788554801164 0.13527696793002916
0 0.459262851600388 0.8661807580174927 0.07274490785645005 0.11137026239067055
0 0.5717749757516973 0.7600583090379008 0.08050436469447139 0.13002915451895045
0 0.6275460717749758 0.7064139941690962 0.06886517943743937 0.1032069970845481
0 0.6811348205625606 0.7994169096209912 0.08292919495635305 0.1271137026239067
0 0.7754607177497576 0.8440233236151603 0.07371483996120272 0.11253644314868805
0 0.8416585838991271 0.8177842565597667 0.08195926285160039 0.12303206997084548
0 0.9119786614936954 0.8373177842565598 0.07129000969932105 0.11428571428571428
0 1.0528612997090203 0.8594752186588921 0.06983511154219205 0.10962099125364431
0 0.7373908826382153 0.748396501457726 0.06741028128031037 0.10670553935860058
0 0.8491755577109602 0.7087463556851312 0.06692531522793405 0.10670553935860058
0 0.9110087293889427 0.6959183673469388 0.06935014548981572 0.09970845481049563
0 1.0053346265761396 0.7784256559766763 0.06983511154219205 0.10029154518950437
