0 0.9322493224932249 1.165105386416862 0.013550135501355014 0.01639344262295082
0 0.967479674796748 1.17096018735363 0.013550135501355014 0.01405152224824356
0 0.6680216802168022 1.038056206088993 0.01084010840108401 0.01053864168618267
0 0.6863143631436315 1.0368852459016393 0.012195121951219513 0.01053864168618267
0 0.5738482384823849 1.0046838407494145 0.009485094850948509 0.00936768149882904
0 0.5867208672086721 0.9929742388758782 0.008130081300813009 0.00702576112412178
0 0.9234417344173442 1.0626463700234192 0.012195121951219513 0.01288056206088993
0 0.9505420054200542 1.0708430913348945 0.012195121951219513 0.01053864168618267
0 0.7357723577235772 1.019320843091335 0.013550135501355014 0.01288056206088993
0 0.7100271002710027 1.0005854800936769 0.01084010840108401 0.01053864168618267
0 0.3814363143631436 0.9994145199063232 0.009485094850948509 0.01053864168618267
0 0.22967479674796748 1.0556206088992974 0.012195121951219513 0.01288056206088993
0 0.19715447154471544 1.0333723653395785 0.009485094850948509 0.01053864168618267
0 0.2086720867208672 1.0011709601873535 0.01084010840108401 0.0117096018735363
0 0.21476964769647697 1.015222482435597 0.009485094850948509 0.00702576112412178
0 0.3136856368563686 0.9783372365339579 0.009485094850948509 0.01053864168618267
0 0.260840108401084 0.9607728337236534 0.009485094850948509 0.01053864168618267
0 0.1470189701897019 0.9642857142857143 0.009485094850948509 0.00819672131147541
0 0.1294037940379404 0.9631147540983607 0.006775067750677507 0.00585480093676815
0 0.09823848238482384 0.9613583138173302 0.006775067750677507 0.00702576112412178
0 0.11856368563685638 0.9344262295081968 0.009485094850948509 0.00936768149882904
0 0.13075880758807587 0.927400468384075 0.009485094850948509 0.00936768149882904
0 0.08197831978319783 0.917447306791569 0.009485094850948509 0.00819672131147541
0 0.0975609756097561 0.9127634660421545 0.008130081300813009 0.00819672131147541
0 0.04878048780487805 0.9092505854800936 0.008130081300813009 0.00819672131147541
0 0.016937669376693765 0.8951990632318502 0.006775067750677507 0.00585480093676815
0 0.10907859078590786 0.8987119437939111 0.009485094850948509 0.00819672131147541
0 0.9817073170731707 1.0843091334894615 0.025745257452574527 0.07259953161592506
0 0.994579945799458 1.0585480093676816 0.01084010840108401 0.0117096018735363
0 0.8577235772357723 1.009953161592506 0.01084010840108401 0.01053864168618267
0 0.8814363143631436 1.0017564402810304 0.009485094850948509 0.00819672131147541
0 0.8062330623306233 1.0023419203747073 0.01084010840108401 0.00936768149882904
0 0.8292682926829268 0.9929742388758782 0.01084010840108401 0.00936768149882904
0 0.7723577235772358 0.9900468384074942 0.01084010840108401 0.01053864168618267
0 0.49796747967479676 0.9631147540983607 0.006775067750677507 0.00819672131147541
0 0.6117886178861789 0.9631147540983607 0.009485094850948509 0.01053864168618267
0 0.6598915989159891 0.9660421545667447 0.008130081300813009 0.00702576112412178
0 0.4180216802168022 0.9519906323185011 0.009485094850948509 0.00936768149882904
0 0.2757452574525745 0.9566744730679156 0.006775067750677507 0.00702576112412178
0 0.36314363143631434 0.9092505854800936 0.008130081300813009 0.00819672131147541
0 0.32859078590785906 0.8998829039812647 0.006775067750677507 0.00585480093676815
0 0.24322493224932248 0.9338407494145199 0.006775067750677507 0.00819672131147541
0 0.25609756097560976 0.9420374707259953 0.008130081300813009 0.00819672131147541
0 0.28523035230352306 0.9309133489461359 0.006775067750677507 0.00702576112412178
0 0.39498644986449866 0.8846604215456675 0.006775067750677507 0.00585480093676815
0 0.4173441734417344 0.882903981264637 0.008130081300813009 0.00702576112412178
0 0.4261517615176152 0.8477751756440282 0.006775067750677507 0.00468384074941452
0 0.4491869918699187 0.8518735362997658 0.006775067750677507 0.00585480093676815
0 0.4654471544715447 0.8729508196721312 0.009485094850948509 0.00819672131147541
0 0.48577235772357724 0.8711943793911007 0.006775067750677507 0.00702576112412178
0 0.27168021680216803 0.870023419203747 0.006775067750677507 0.00702576112412178
0 0.26287262872628725 0.8723653395784543 0.008130081300813009 0.00702576112412178
0 0.18224932249322492 0.8981264637002342 0.023035230352303523 0.05152224824355972
0 0.16869918699186992 0.8957845433255269 0.02032520325203252 0.04918032786885246
0 0.12466124661246612 0.8729508196721312 0.008130081300813009 0.00819672131147541
0 0.15447154471544716 0.8144028103044496 0.005420054200542005 0.00585480093676815
0 0.06842818428184282 0.8138173302107728 0.006775067750677507 0.00468384074941452
0 0.08062330623306233 0.8360655737704918 0.009485094850948509 0.00702576112412178
0 0.09281842818428185 0.8389929742388759 0.006775067750677507 0.00585480093676815
0 0.025745257452574527 0.8501170960187353 0.008130081300813009 0.00702576112412178
0 0.21612466124661248 0.8676814988290398 0.006775067750677507 0.00702576112412178
0 0.23983739837398374 0.8665105386416861 0.008130081300813009 0.00702576112412178
0 0.255420054200542 0.8460187353629977 0.006775067750677507 0.00585480093676815
0 0.06368563685636856 0.8659250585480094 0.008130081300813009 0.00819672131147541
0 0.05555555555555555 0.8647540983606558 0.008130081300813009 0.00819672131147541
0 0.03523035230352303 0.8635831381733021 0.005420054200542005 0.00585480093676815
0 0.04336043360433604 0.8565573770491803 0.005420054200542005 0.00585480093676815
0 0.14363143631436315 0.8542154566744731 0.008130081300813009 0.00819672131147541
0 0.44579945799457993 0.9783372365339579 0.02710027100271003 0.05503512880562061
0 0.4817073170731707 0.9572599531615925 0.009485094850948509 0.00819672131147541
0 0.3421409214092141 0.955503512880562 0.009485094850948509 0.00936768149882904
0 0.6409214092140921 0.9637002341920374 0.01084010840108401 0.00936768149882904
0 0.5934959349593496 0.9560889929742389 0.01084010840108401 0.01053864168618267
0 0.5867208672086721 0.9426229508196722 0.008130081300813009 0.00702576112412178
0 0.051490514905149054 0.8190866510538641 0.008130081300813009 0.00585480093676815
0 0.03523035230352303 0.8208430913348946 0.005420054200542005 0.00468384074941452
0 0.01964769647696477 0.8266978922716628 0.014905149051490514 0.02576112412177986
0 0.008130081300813009 0.8179156908665105 0.005420054200542005 0.00585480093676815
0 0.005420054200542005 0.800351288056206 0.01084010840108401 0.026932084309133488
0 0.08604336043360433 0.8185011709601874 0.006775067750677507 0.00702576112412178
0 0.09688346883468835 0.8284543325526932 0.012195121951219513 0.02459016393442623
0 0.1111111111111111 0.8272833723653396 0.016260162601626018 0.02224824355971897
0 0.11246612466124661 0.8507025761124122 0.008130081300813009 0.00585480093676815
0 0.12601626016260162 0.8548009367681498 0.008130081300813009 0.00702576112412178
0 0.16869918699186992 0.8495316159250585 0.006775067750677507 0.00585480093676815
0 0.19308943089430894 0.8600702576112412 0.017615176151761516 0.040983606557377046
0 0.17818428184281843 0.8471896955503513 0.006775067750677507 0.00585480093676815
0 0.26422764227642276 0.819672131147541 0.005420054200542005 0.00468384074941452
0 0.22899728997289973 0.8389929742388759 0.008130081300813009 0.00819672131147541
0 0.2513550135501355 0.8407494145199064 0.006775067750677507 0.00702576112412178
0 0.4356368563685637 0.7441451990632318 0.0040650406504065045 0.00351288056206089
0 0.43902439024390244 0.7447306791569087 0.01084010840108401 0.0234192037470726
0 0.4491869918699187 0.7453161592505855 0.009485094850948509 0.01756440281030445
0 0.4478319783197832 0.7581967213114754 0.006775067750677507 0.026932084309133488
0 0.4559620596205962 0.7599531615925058 0.009485094850948509 0.0234192037470726
0 0.21476964769647697 0.9959016393442623 0.012195121951219513 0.01053864168618267
