0 1.0545698924731184 0.8667820069204152 0.032795698924731186 0.27335640138408307
0 0.9744623655913979 0.7820069204152249 0.024193548387096774 0.22145328719723184
0 0.821505376344086 0.4688581314878893 0.035483870967741936 0.28027681660899656
0 0.764247311827957 0.2508650519031142 0.044623655913978495 0.34256055363321797
0 0.682258064516129 0.7474048442906575 0.026881720430107527 0.2422145328719723
0 0.6212365591397849 0.8235294117647058 0.023118279569892472 0.19377162629757785
0 0.5438172043010753 0.8027681660899654 0.027419354838709678 0.20069204152249134
0 0.4645161290322581 0.32006920415224915 0.03333333333333333 0.28027681660899656
0 0.3860215053763441 0.5484429065743944 0.024731182795698924 0.2179930795847751
0 0.3040322580645161 0.6176470588235294 0.024193548387096774 0.1972318339100346
0 0.19650537634408602 0.17474048442906576 0.04139784946236559 0.34256055363321797
0 0.08333333333333333 0.6072664359861591 0.024731182795698924 0.23183391003460208
