0 0.8332395950506186 1.4903691813804174 0.3380202474690664 0.7142857142857143
0 0.453599550056243 1.3230337078651686 0.22103487064116986 0.3940609951845907
0 0.9198537682789651 0.9707062600321027 0.03093363329583802 0.040930979133226325
0 0.9319460067491564 0.8587479935794543 0.012373453318335208 0.02247191011235955
0 0.84392575928009 0.9558587479935795 0.0140607424071991 0.02247191011235955
0 0.8214285714285714 0.877207062600321 0.010686164229471317 0.02086677367576244
0 0.8211473565804275 0.877207062600321 0.01124859392575928 0.01765650080256822
0 0.8113048368953881 0.9630818619582665 0.016310461192350956 0.030497592295345103
0 0.795556805399325 0.9514446227929374 0.02530933633295838 0.0377207062600321
0 0.7772778402699663 0.9614767255216693 0.015748031496062992 0.028892455858747994
0 0.7435320584926884 0.9598715890850722 0.013498312710911136 0.024077046548956663
0 0.7263779527559056 0.9578651685393258 0.011811023622047244 0.018459069020866775
0 0.7452193475815523 0.891653290529695 0.010123734533183352 0.016051364365971106
0 0.7103487064116986 0.8848314606741573 0.008998875140607425 0.015248796147672551
0 0.6729471316085489 0.9028892455858748 0.010686164229471317 0.01765650080256822
0 0.6155793025871766 0.891653290529695 0.010686164229471317 0.019261637239165328
0 0.5269966254218222 0.9554574638844302 0.012373453318335208 0.020064205457463884
0 0.5343082114735658 0.9454253611556982 0.013498312710911136 0.02086677367576244
0 0.37682789651293586 0.9715088282504013 0.00562429696287964 0.00882825040128411
0 0.3627671541057368 0.9759229534510433 0.006749156355455568 0.009630818619582664
0 0.35376827896512936 0.9695024077046549 0.00562429696287964 0.009630818619582664
0 0.3534870641169854 1.0040128410914928 0.00843644544431946 0.012841091492776886
0 0.2890888638920135 0.9767255216693419 0.006749156355455568 0.009630818619582664
0 0.2373453318335208 0.9759229534510433 0.007874015748031496 0.011235955056179775
0 0.2280652418447694 0.9815409309791332 0.009561304836895388 0.014446227929373997
0 0.1940382452193476 0.9791332263242376 0.015748031496062992 0.024077046548956663
0 0.1639482564679415 0.9871589085072231 0.007311586051743532 0.011235955056179775
0 0.1487626546681665 0.9943820224719101 0.00843644544431946 0.012841091492776886
0 0.13807649043869516 0.9959871589085072 0.003937007874015748 0.006420545746388443
0 0.10236220472440945 1.024478330658106 0.015748031496062992 0.026484751203852328
0 0.109392575928009 0.9839486356340289 0.016310461192350956 0.025682182985553772
0 0.07592800899887514 0.9863563402889246 0.008998875140607425 0.01765650080256822
0 0.049493813273340834 0.9971910112359551 0.007874015748031496 0.01043338683788122
0 0.21766029246344207 0.9851524879614767 0.006749156355455568 0.01043338683788122
0 0.25871766029246346 0.9991974317817014 0.006749156355455568 0.009630818619582664
0 0.2508436445444319 0.9863563402889246 0.006749156355455568 0.008025682182985553
0 0.06692913385826772 1.0296950240770466 0.01687289088863892 0.08346709470304976
