0 0.26878612716763006 0.8047945205479452 0.02119460500963391 0.10273972602739725
0 0.3203275529865125 0.7688356164383562 0.024084778420038536 0.09931506849315068
0 0.3540462427745665 0.886986301369863 0.022157996146435453 0.1095890410958904
0 0.3945086705202312 0.863013698630137 0.022157996146435453 0.11643835616438356
0 0.4576107899807322 0.8955479452054794 0.02697495183044316 0.11986301369863013
0 0.5211946050096339 0.8938356164383562 0.023121387283236993 0.11643835616438356
0 0.5765895953757225 0.8613013698630136 0.02601156069364162 0.1267123287671233
0 0.6194605009633911 0.9023972602739726 0.02697495183044316 0.13356164383561644
0 0.6729287090558767 0.928082191780822 0.02601156069364162 0.1095890410958904
0 0.7379576107899807 0.875 0.02697495183044316 0.11986301369863013
0 0.7875722543352601 0.8698630136986302 0.02601156069364162 0.1095890410958904
0 0.8299614643545279 0.946917808219178 0.024084778420038536 0.10616438356164383
0 0.8651252408477842 0.958904109589041 0.02697495183044316 0.11643835616438356
0 0.9123314065510597 0.7568493150684932 0.023121387283236993 0.11643835616438356
0 0.2254335260115607 0.5034246575342466 0.02119460500963391 0.0958904109589041
0 0.27119460500963394 0.6267123287671232 0.022157996146435453 0.10273972602739725
0 0.3092485549132948 0.6027397260273972 0.02119460500963391 0.10273972602739725
0 0.3511560693641618 0.6592465753424658 0.02023121387283237 0.09246575342465753
0 0.3651252408477842 0.7414383561643836 0.023121387283236993 0.10616438356164383
0 0.39354527938342965 0.672945205479452 0.02023121387283237 0.09931506849315068
0 0.41184971098265893 0.6181506849315068 0.018304431599229287 0.09246575342465753
0 0.45183044315992293 0.601027397260274 0.019267822736030827 0.08561643835616438
0 0.2678227360308285 0.4845890410958904 0.019267822736030827 0.09931506849315068
0 0.29190751445086704 0.5376712328767124 0.019267822736030827 0.0958904109589041
0 0.2885356454720617 0.4708904109589041 0.022157996146435453 0.09931506849315068
0 0.342485549132948 0.5633561643835616 0.02023121387283237 0.09246575342465753
0 0.3261078998073218 0.4914383561643836 0.022157996146435453 0.08561643835616438
0 0.3468208092485549 0.4811643835616438 0.019267822736030827 0.09931506849315068
0 0.37235067437379576 0.5051369863013698 0.016377649325626204 0.08561643835616438
0 0.41570327552986513 0.5308219178082192 0.02023121387283237 0.0958904109589041
0 0.43304431599229287 0.5273972602739726 0.018304431599229287 0.0821917808219178
0 0.48554913294797686 0.4589041095890411 0.019267822736030827 0.0821917808219178
0 0.30346820809248554 0.3784246575342466 0.017341040462427744 0.08561643835616438
0 0.3371868978805395 0.4092465753424658 0.019267822736030827 0.08561643835616438
0 0.3805394990366089 0.4349315068493151 0.019267822736030827 0.0821917808219178
0 0.4234104046242775 0.4332191780821918 0.018304431599229287 0.07876712328767123
0 0.35019267822736033 0.3219178082191781 0.02023121387283237 0.08904109589041095
0 0.3988439306358382 0.3681506849315068 0.019267822736030827 0.09246575342465753
0 0.43641618497109824 0.351027397260274 0.019267822736030827 0.07876712328767123
0 0.47447013487475914 0.3698630136986301 0.018304431599229287 0.0821917808219178
0 0.42485549132947975 0.3116438356164384 0.017341040462427744 0.07534246575342465
0 0.4441233140655106 0.1832191780821918 0.015414258188824663 0.07191780821917808
0 0.46724470134874757 0.2465753424657534 0.015414258188824663 0.07534246575342465
0 0.5086705202312138 0.2654109589041096 0.017341040462427744 0.07191780821917808
0 0.4571290944123314 0.09417808219178082 0.016377649325626204 0.07191780821917808
0 0.49229287090558765 0.1386986301369863 0.01348747591522158 0.06506849315068493
0 0.5207129094412332 0.1643835616438356 0.014450867052023121 0.07534246575342465
0 0.5520231213872833 0.17636986301369864 0.015414258188824663 0.07191780821917808
0 0.4841040462427746 0.08732876712328767 0.014450867052023121 0.07191780821917808
0 0.4985549132947977 0.06335616438356165 0.014450867052023121 0.06506849315068493
0 0.5163776493256262 0.0684931506849315 0.01348747591522158 0.06164383561643835
0 0.5332369942196532 0.08561643835616438 0.016377649325626204 0.0684931506849315
0 0.5592485549132948 0.11472602739726027 0.014450867052023121 0.06506849315068493
0 0.5789980732177264 0.136986301369863 0.015414258188824663 0.06164383561643835
0 0.5674373795761078 0.06164383561643835 0.015414258188824663 0.07534246575342465
0 0.5895953757225434 0.04794520547945205 0.015414258188824663 0.06164383561643835
0 0.6083815028901735 0.1113013698630137 0.016377649325626204 0.07191780821917808
0 0.6194605009633911 0.3595890410958904 0.015414258188824663 0.07534246575342465
0 0.6599229287090559 0.3852739726027397 0.017341040462427744 0.07876712328767123
0 0.630057803468208 0.1113013698630137 0.015414258188824663 0.06506849315068493
0 0.6440269749518305 0.14897260273972604 0.014450867052023121 0.06506849315068493
0 0.6517341040462428 0.05821917808219178 0.012524084778420038 0.06164383561643835
0 0.6637764932562621 0.10616438356164383 0.015414258188824663 0.06164383561643835
0 0.6724470134874759 0.23116438356164384 0.01348747591522158 0.07191780821917808
0 0.6960500963391136 0.2208904109589041 0.014450867052023121 0.07191780821917808
0 0.6946050096339114 0.14554794520547945 0.015414258188824663 0.07191780821917808
0 0.7230250481695568 0.16267123287671234 0.014450867052023121 0.06506849315068493
0 0.7447013487475915 0.17294520547945205 0.01348747591522158 0.05821917808219178
0 0.7567437379576107 0.565068493150685 0.018304431599229287 0.0821917808219178
0 0.7904624277456648 0.5547945205479452 0.018304431599229287 0.0821917808219178
0 0.8078034682080925 0.5702054794520548 0.018304431599229287 0.08561643835616438
0 0.8203275529865125 0.6318493150684932 0.022157996146435453 0.09931506849315068
0 0.8771676300578035 0.5616438356164384 0.024084778420038536 0.10273972602739725
0 0.9017341040462428 0.6113013698630136 0.02119460500963391 0.11986301369863013
0 0.8357418111753372 0.4691780821917808 0.022157996146435453 0.08904109589041095
0 0.8564547206165704 0.511986301369863 0.019267822736030827 0.08561643835616438
0 0.8733140655105973 0.4452054794520548 0.018304431599229287 0.0821917808219178
0 0.7552986512524085 0.10787671232876712 0.01348747591522158 0.06506849315068493
0 0.7654142581888247 0.1678082191780822 0.012524084778420038 0.06164383561643835
0 0.7933526011560693 0.17294520547945205 0.018304431599229287 0.07191780821917808
0 0.8121387283236994 0.3236301369863014 0.015414258188824663 0.06506849315068493
0 0.848747591522158 0.3167808219178082 0.015414258188824663 0.07191780821917808
0 0.8689788053949904 0.3013698630136986 0.017341040462427744 0.08904109589041095
0 0.8116570327552987 0.18664383561643835 0.018304431599229287 0.07191780821917808
0 0.7928709055876686 0.07534246575342465 0.015414258188824663 0.0684931506849315
0 0.8135838150289018 0.08732876712328767 0.016377649325626204 0.07191780821917808
0 0.821290944123314 0.11815068493150685 0.014450867052023121 0.06506849315068493
0 0.831888246628131 0.1541095890410959 0.016377649325626204 0.0684931506849315
0 0.8492292870905588 0.1523972602739726 0.018304431599229287 0.07876712328767123
