0 0.2617246596066566 0.9699570815450643 0.048411497730711045 0.1459227467811159
0 0.3547655068078669 0.9935622317596566 0.037821482602118005 0.13304721030042918
0 0.4379727685325265 1.0 0.037821482602118005 0.1459227467811159
0 0.5249621785173979 0.9291845493562232 0.039334341906202726 0.13304721030042918
0 0.5960665658093798 0.8776824034334764 0.036308623298033284 0.13304721030042918
0 0.7314674735249622 0.8755364806866953 0.03479576399394856 0.13733905579399142
0 0.8071104387291982 0.9871244635193133 0.037821482602118005 0.15450643776824036
0 0.8827534039334342 0.8991416309012875 0.04387291981845688 0.16738197424892703
0 0.962178517397882 0.8004291845493562 0.048411497730711045 0.16738197424892703
0 0.21633888048411498 1.1695278969957081 0.048411497730711045 0.1759656652360515
0 0.30030257186081694 1.1781115879828326 0.04084720121028744 0.12446351931330472
0 0.3517397881996974 1.1180257510729614 0.037821482602118005 0.15021459227467812
0 0.3940998487140696 1.113733905579399 0.03479576399394856 0.13304721030042918
0 0.4183055975794251 1.1373390557939915 0.04084720121028744 0.15450643776824036
0 0.4924357034795764 1.1223175965665235 0.037821482602118005 0.13304721030042918
0 0.5824508320726173 1.0987124463519313 0.039334341906202726 0.11158798283261803
0 0.6611195158850227 1.0343347639484979 0.036308623298033284 0.12875536480686695
0 0.6777609682299546 1.111587982832618 0.03328290468986384 0.10300429184549356
0 0.7677760968229954 1.128755364806867 0.04084720121028744 0.13733905579399142
0 0.8434190620272315 1.3583690987124464 0.046898638426626324 0.15021459227467812
0 1.0158850226928895 1.0128755364806867 0.0529500756429652 0.18025751072961374
0 1.0990922844175492 1.0321888412017168 0.046898638426626324 0.1759656652360515
0 0.15052950075642965 1.6266094420600858 0.05597579425113464 0.1630901287553648
0 0.3245083207261725 1.5836909871244635 0.046898638426626324 0.17167381974248927
0 0.3388804841149773 1.3111587982832618 0.048411497730711045 0.16738197424892703
0 0.4152798789712557 1.553648068669528 0.04387291981845688 0.13733905579399142
0 0.5098335854765507 1.3283261802575108 0.04236006051437216 0.13304721030042918
0 0.5136157337367625 1.4141630901287554 0.046898638426626324 0.19313304721030042
0 0.5832072617246596 1.4699570815450644 0.04084720121028744 0.13304721030042918
0 0.6376701966717095 1.6309012875536482 0.049924357034795766 0.17167381974248927
0 0.6875945537065052 1.409871244635193 0.046898638426626324 0.15021459227467812
0 0.7034795763993948 1.5515021459227467 0.048411497730711045 0.15021459227467812
0 0.8691376701966718 1.44206008583691 0.049924357034795766 0.19742489270386265
0 0.9742813918305597 1.4012875536480687 0.057488653555219364 0.18454935622317598
