0 0.2044649184975195 7.178947368421053 0.01630049610205528 0.2736842105263158
0 0.2250177179305457 7.205263157894737 0.01771793054571226 0.2631578947368421
0 0.520198440822112 7.347368421052631 0.011339475549255847 0.23157894736842105
0 0.5779588944011339 7.2894736842105265 0.013465627214741318 0.2
0 0.835223245924876 7.557894736842106 0.026222537207654145 0.4421052631578947
0 0.815024805102764 7.278947368421052 0.01842664776754075 0.3894736842105263
0 0.9227498228206945 7.389473684210526 0.025513819985825654 0.3368421052631579
0 0.9064493267186393 7.1421052631578945 0.022678951098511695 0.3263157894736842
0 0.9401133947554926 7.247368421052632 0.01630049610205528 0.24210526315789474
0 0.9489723600283487 7.178947368421053 0.014174344436569808 0.25263157894736843
0 1.0170092133238837 6.9526315789473685 0.01700921332388377 0.30526315789473685
0 1.026222537207654 7.226315789473684 0.014174344436569808 0.22105263157894736
0 1.083982990786676 7.268421052631579 0.013465627214741318 0.24210526315789474
0 1.1275690999291283 7.515789473684211 0.011339475549255847 0.18947368421052632
0 1.1282778171509569 7.473684210526316 0.01559177888022679 0.25263157894736843
0 1.1520198440822111 7.663157894736842 0.013465627214741318 0.2736842105263158
0 1.1888731396172927 7.315789473684211 0.014883061658398299 0.2736842105263158
