0 0.0047169811320754715 3.5113636363636362 0.008513575701794753 0.08636363636363636
0 0.10768522779567419 3.4625 0.007363092498849517 0.07954545454545454
0 0.13092498849516798 3.444318181818182 0.005982512655315232 0.06136363636363636
0 0.15404970087436723 3.452272727272727 0.005752416014726185 0.05909090909090909
0 0.18902439024390244 3.4681818181818183 0.005752416014726185 0.05454545454545454
0 0.28324896456511733 3.419318181818182 0.0027611596870685687 0.03409090909090909
0 0.3034974689369535 3.4943181818181817 0.0032213529682466636 0.03409090909090909
0 0.31304647952139897 3.460227272727273 0.002991256327657616 0.029545454545454545
0 0.3209848136217211 3.4386363636363635 0.0027611596870685687 0.031818181818181815
0 0.3437643810400368 3.430681818181818 0.0027611596870685687 0.029545454545454545
0 0.3452600092038656 3.453409090909091 0.0025310630464795212 0.029545454545454545
0 0.347100782328578 3.4386363636363635 0.002991256327657616 0.031818181818181815
0 0.37839392544868844 3.4488636363636362 0.0025310630464795212 0.025
0 0.37436723423838014 3.4579545454545455 0.0027611596870685687 0.025
0 0.39450069028992174 3.4465909090909093 0.0025310630464795212 0.029545454545454545
0 0.40796134376438103 3.455681818181818 0.002300966405890474 0.020454545454545454
0 0.4209618039576622 3.4511363636363637 0.0020708697653014268 0.025
0 0.4233778186838472 3.4488636363636362 0.0018407731247123793 0.020454545454545454
0 0.4282098481362172 3.4318181818181817 0.002300966405890474 0.022727272727272728
0 0.4290151863782789 3.356818181818182 0.001150483202945237 0.013636363636363636
0 0.4267142199723884 3.3636363636363638 0.0016106764841233318 0.01818181818181818
0 0.2732397606994938 3.389772727272727 0.002991256327657616 0.08409090909090909
0 0.2605844454670962 3.355681818181818 0.001150483202945237 0.015909090909090907
0 0.2558674643350207 3.3545454545454545 0.0013805798435342844 0.013636363636363636
0 0.3445697192820985 3.396590909090909 0.0025310630464795212 0.08863636363636364
0 0.35112747353888635 3.368181818181818 0.0013805798435342844 0.013636363636363636
0 0.376092959042798 3.368181818181818 0.0016106764841233318 0.01818181818181818
0 0.37850897376898296 3.3875 0.0041417395306028535 0.09318181818181819
0 0.49114127933732166 3.4102272727272727 0.0043718361711919005 0.07045454545454545
0 0.49390243902439024 3.4295454545454547 0.0016106764841233318 0.01818181818181818
0 0.3464104924068109 3.0943181818181817 0.003911642890013806 0.08409090909090909
0 0.33904739990796134 3.065909090909091 0.001150483202945237 0.013636363636363636
0 0.37310170271514037 3.0625 0.001150483202945237 0.015909090909090907
0 0.37632305568338703 3.059090909090909 0.001150483202945237 0.013636363636363636
0 0.37712839392544867 3.081818181818182 0.0013805798435342844 0.013636363636363636
0 0.3795444086516337 3.065909090909091 0.001150483202945237 0.013636363636363636
0 0.41175793833410035 3.0613636363636365 0.001150483202945237 0.013636363636363636
0 0.45881270133456054 3.0602272727272726 0.0009203865623561896 0.011363636363636364
0 0.46675103543488267 3.0636363636363635 0.001150483202945237 0.013636363636363636
0 0.46721122871606074 3.103409090909091 0.003911642890013806 0.04318181818181818
0 0.4837781868384722 3.0647727272727274 0.001150483202945237 0.011363636363636364
0 0.5570639668660837 3.05 0.0013805798435342844 0.013636363636363636
0 0.560630464795214 3.0602272727272726 0.001150483202945237 0.011363636363636364
0 0.5627013345605154 3.0602272727272726 0.001150483202945237 0.011363636363636364
0 0.5231247123791992 3.4284090909090907 0.001150483202945237 0.011363636363636364
0 0.5427979751495629 3.3772727272727274 0.0009203865623561896 0.013636363636363636
0 0.5394615738610217 3.359090909090909 0.001150483202945237 0.013636363636363636
0 0.5385411872986654 3.4079545454545452 0.002991256327657616 0.056818181818181816
0 0.5296824666359871 3.359090909090909 0.0013805798435342844 0.013636363636363636
0 0.5262310170271514 3.356818181818182 0.0013805798435342844 0.013636363636363636
0 0.6038886332259549 3.4261363636363638 0.0016106764841233318 0.020454545454545454
0 0.6397837091578463 3.444318181818182 0.0025310630464795212 0.029545454545454545
0 0.6729176254026691 3.444318181818182 0.0025310630464795212 0.025
0 0.6767142199723885 3.4431818181818183 0.0027611596870685687 0.02727272727272727
0 0.706051541647492 3.4579545454545455 0.003451449608835711 0.029545454545454545
0 0.7134146341463414 3.471590909090909 0.0025310630464795212 0.029545454545454545
0 0.7407961343764381 3.4488636363636362 0.003451449608835711 0.04318181818181818
0 0.725609756097561 3.3852272727272728 0.001150483202945237 0.011363636363636364
0 0.7407961343764381 3.3625 0.001150483202945237 0.015909090909090907
0 0.7319374137137598 3.3670454545454547 0.0013805798435342844 0.015909090909090907
0 0.7556373676944317 3.577272727272727 0.006902899217671422 0.15454545454545454
0 0.7588587206626783 3.4897727272727272 0.0018407731247123793 0.020454545454545454
0 0.7616198803497469 3.4988636363636365 0.002300966405890474 0.025
0 0.774390243902439 3.456818181818182 0.0043718361711919005 0.05454545454545454
0 0.786470317533364 3.4795454545454545 0.0036815462494247586 0.05
0 0.7990105844454671 3.506818181818182 0.0025310630464795212 0.02727272727272727
0 0.8034974689369535 3.5090909090909093 0.0027611596870685687 0.022727272727272728
0 0.8095950299125633 3.519318181818182 0.002991256327657616 0.029545454545454545
0 0.8204095720202486 3.4897727272727272 0.0043718361711919005 0.04772727272727273
0 0.8450299125632765 3.4795454545454545 0.00529222273354809 0.05909090909090909
0 0.856764841233318 3.4704545454545452 0.005752416014726185 0.06363636363636363
0 0.8693051081454211 3.4909090909090907 0.0041417395306028535 0.05909090909090909
0 0.8777036355269213 3.690909090909091 0.00529222273354809 0.05454545454545454
0 0.8851817763460653 3.503409090909091 0.006902899217671422 0.075
0 0.8946157386102163 3.5170454545454546 0.004601932811780948 0.06136363636363636
0 0.902669121030833 3.4511363636363637 0.0027611596870685687 0.029545454545454545
0 0.9098021168890934 3.4761363636363636 0.0032213529682466636 0.029545454545454545
0 0.9301656695812242 3.456818181818182 0.011734928670041417 0.11363636363636363
0 0.5184077312471238 3.430681818181818 0.0027611596870685687 0.04772727272727273
0 0.6979981592268752 3.088636363636364 0.001150483202945237 0.013636363636363636
0 0.703865623561896 3.118181818181818 0.0036815462494247586 0.06818181818181818
0 0.693971468016567 3.0931818181818183 0.0036815462494247586 0.08181818181818182
0 0.6927059364933272 3.109090909090909 0.003911642890013806 0.06818181818181818
0 0.6910952600092038 3.1147727272727272 0.0025310630464795212 0.05227272727272727
0 0.5664979291302347 3.0579545454545456 0.0013805798435342844 0.011363636363636364
0 0.5671882190520019 3.055681818181818 0.0013805798435342844 0.015909090909090907
0 0.621030832949839 3.0943181818181817 0.0041417395306028535 0.05227272727272727
0 0.628969167050161 3.065909090909091 0.001150483202945237 0.013636363636363636
0 0.6585365853658537 3.0715909090909093 0.0013805798435342844 0.011363636363636364
0 0.6612977450529223 3.0715909090909093 0.0013805798435342844 0.011363636363636364
0 0.6638288080994017 3.0681818181818183 0.0009203865623561896 0.00909090909090909
0 0.674873446847676 3.0715909090909093 0.0013805798435342844 0.011363636363636364
0 0.40658076392084674 3.4511363636363637 0.002300966405890474 0.020454545454545454
0 0.5492406810860562 3.4375 0.0013805798435342844 0.015909090909090907
0 0.5505062126092959 3.4204545454545454 0.0016106764841233318 0.01818181818181818
0 0.641049240681086 3.4375 0.0018407731247123793 0.020454545454545454
0 0.6973078693051081 3.3613636363636363 0.001150483202945237 0.013636363636363636
0 0.7013345605154164 3.3693181818181817 0.0018407731247123793 0.020454545454545454
0 0.7015646571560056 3.371590909090909 0.0013805798435342844 0.015909090909090907
0 0.7044408651633686 3.401136363636364 0.002991256327657616 0.08863636363636364
