0 0.07786666666666667 3.043859649122807 0.021333333333333333 0.12280701754385964
0 0.136 3.0401002506265664 0.023466666666666667 0.11528822055137844
0 0.284 2.308270676691729 0.0026666666666666666 0.015037593984962405
0 0.2904 2.264411027568922 0.0048 0.022556390977443608
0 0.3042666666666667 2.243107769423559 0.0037333333333333333 0.020050125313283207
0 0.31146666666666667 2.236842105263158 0.004266666666666667 0.017543859649122806
0 0.3141333333333333 2.236842105263158 0.004266666666666667 0.022556390977443608
0 0.3168 2.2481203007518795 0.004266666666666667 0.020050125313283207
0 0.32106666666666667 2.307017543859649 0.007466666666666667 0.10275689223057644
0 0.32506666666666667 2.2857142857142856 0.0037333333333333333 0.020050125313283207
0 0.5184 2.330827067669173 0.013866666666666666 0.10526315789473684
0 0.4802666666666667 2.927318295739348 0.0144 0.07017543859649122
0 0.5346666666666666 2.911027568922306 0.0144 0.08270676691729323
0 0.5456 2.843358395989975 0.014933333333333333 0.10275689223057644
0 0.5626666666666666 2.93734335839599 0.013866666666666666 0.07518796992481203
0 0.6842666666666667 2.769423558897243 0.016 0.07518796992481203
0 0.7626666666666667 2.6979949874686717 0.014933333333333333 0.08270676691729323
0 0.7656 2.7769423558897244 0.0144 0.09022556390977443
0 0.8429333333333333 2.7092731829573933 0.012266666666666667 0.06015037593984962
0 0.9389333333333333 2.8295739348370925 0.015466666666666667 0.07017543859649122
0 0.9861333333333333 2.6466165413533833 0.0128 0.07017543859649122
0 1.0330666666666666 3.0288220551378444 0.013866666666666666 0.05764411027568922
0 0.20666666666666667 2.307017543859649 0.0037333333333333333 0.022556390977443608
