0 0.9763729246487867 0.4658385093167702 0.04725415070242656 0.12732919254658384
0 0.8547254150702427 0.6389751552795031 0.0351213282247765 0.09782608695652174
0 0.6583652618135377 0.75 0.05874840357598978 0.14906832298136646
0 0.5044699872286079 0.7135093167701864 0.04980842911877394 0.14130434782608695
0 0.4294380587484036 0.9503105590062112 0.031289910600255426 0.08695652173913043
0 0.46296296296296297 1.1211180124223603 0.01532567049808429 0.040372670807453416
0 0.5977011494252874 1.0015527950310559 0.020434227330779056 0.055900621118012424
0 0.7634099616858238 0.9930124223602484 0.017241379310344827 0.03881987577639751
0 0.8100255427841635 0.968167701863354 0.017241379310344827 0.04192546583850932
0 0.29246487867177523 0.90527950310559 0.03959131545338442 0.12111801242236025
0 0.2848020434227331 0.9728260869565217 0.02937420178799489 0.07919254658385093
0 0.12675606641123882 0.9720496894409938 0.038952745849297574 0.11490683229813664
0 0.2049808429118774 1.184782608695652 0.021711366538952746 0.052795031055900624
0 0.25191570881226055 1.2577639751552796 0.012132822477650063 0.027950310559006212
0 0.365581098339719 1.2585403726708075 0.013409961685823755 0.03260869565217391
0 0.5973818646232439 0.9992236024844721 0.01979565772669221 0.05434782608695652
0 0.8422733077905492 0.9642857142857143 0.019157088122605363 0.046583850931677016
0 0.39272030651340994 1.184782608695652 0.011494252873563218 0.034161490683229816
