0 0.9950586072167318 1.0131195335276968 0.002068490002298322 0.007288629737609329
0 0.9678234888531372 1.0276967930029155 0.0022983222247759134 0.008746355685131196
0 0.9602390255113767 1.03899416909621 0.007354631119282923 0.05029154518950437
0 0.955527464950586 1.0145772594752187 0.0029878188922086877 0.008746355685131196
0 0.9487474143874971 1.0222303206997085 0.0022983222247759134 0.008017492711370262
0 0.9472535049413928 1.0145772594752187 0.0029878188922086877 0.01020408163265306
0 0.9397839577108711 1.0233236151603498 0.0036773155596414617 0.011661807580174927
0 0.9312801654792002 1.0415451895043732 0.0059756377844173755 0.04664723032069971
0 0.9242702826936336 1.026603498542274 0.0029878188922086877 0.009475218658892129
0 0.9219719604688578 1.036807580174927 0.0034474833371638705 0.03279883381924198
0 0.9118593426798437 1.021137026239067 0.002528154447253505 0.008746355685131196
0 0.9079521948977246 1.0156705539358601 0.002528154447253505 0.009475218658892129
0 0.9001378993334865 1.0160349854227406 0.002068490002298322 0.0058309037900874635
0 0.8969202482188002 1.033527696793003 0.004826476672029419 0.03498542274052478
0 0.8934727648816364 1.0182215743440233 0.0016088255573431394 0.0058309037900874635
0 0.8947368421052632 1.0182215743440233 0.0018386577798207308 0.007288629737609329
0 0.8865777982073086 1.0189504373177842 0.002068490002298322 0.0058309037900874635
0 0.883015398758906 1.0185860058309038 0.002757986669731096 0.008017492711370262
0 0.8810618248678465 1.0098396501457727 0.002068490002298322 0.006559766763848397
0 0.876809928752011 1.0440962099125364 0.00505630889450701 0.048833819241982504
0 0.8730176970811308 1.0215014577259476 0.002528154447253505 0.008017492711370262
0 0.8709492070788325 1.0153061224489797 0.0016088255573431394 0.0058309037900874635
0 0.8693403815214893 1.0182215743440233 0.002528154447253505 0.01020408163265306
0 0.8653183176281315 1.0400874635568513 0.0059756377844173755 0.04956268221574344
0 0.8606067570673408 1.0149416909620992 0.0029878188922086877 0.010932944606413994
0 0.8557802803953114 1.0178571428571428 0.002068490002298322 0.008017492711370262
0 0.8525626292806251 1.0153061224489797 0.002068490002298322 0.007288629737609329
0 0.8427947598253275 1.0189504373177842 0.002757986669731096 0.008746355685131196
0 0.8023442886692714 1.0120262390670554 0.0022983222247759134 0.008017492711370262
0 0.7987818892208688 1.0131195335276968 0.002068490002298322 0.0058309037900874635
0 0.7965984831073316 1.0083819241982508 0.002757986669731096 0.008017492711370262
0 0.7861411169846012 1.0131195335276968 0.0016088255573431394 0.0058309037900874635
0 0.7844173753160193 1.0236880466472302 0.00505630889450701 0.04154518950437318
0 0.7801654792001839 1.0091107871720117 0.002068490002298322 0.006559766763848397
0 0.7703976097448862 1.0091107871720117 0.0022983222247759134 0.008017492711370262
0 0.7636175591817973 1.0076530612244898 0.002068490002298322 0.006559766763848397
0 0.7582165019535739 1.0087463556851313 0.0018386577798207308 0.0058309037900874635
0 0.753619857504022 1.0072886297376094 0.0018386577798207308 0.007288629737609329
0 0.7535049413927832 1.0072886297376094 0.002068490002298322 0.007288629737609329
0 0.7391404274879338 1.004737609329446 0.0018386577798207308 0.00510204081632653
0 0.7323603769248449 1.0072886297376094 0.002528154447253505 0.008746355685131196
0 0.7281084808090095 1.0072886297376094 0.0022983222247759134 0.007288629737609329
0 0.7237416685819352 1.0080174927113703 0.0022983222247759134 0.007288629737609329
0 0.718800275798667 1.0080174927113703 0.002068490002298322 0.007288629737609329
0 0.7156975407952195 1.0116618075801749 0.0022983222247759134 0.007288629737609329
0 0.6944380602160423 1.0076530612244898 0.002068490002298322 0.006559766763848397
0 0.6945529763272811 1.0076530612244898 0.0018386577798207308 0.006559766763848397
0 0.6849000229832223 1.0065597667638484 0.0018386577798207308 0.008746355685131196
0 0.683865777982073 1.0032798833819243 0.002068490002298322 0.006559766763848397
0 0.6809928752011032 1.0058309037900874 0.0018386577798207308 0.007288629737609329
0 0.6777752240864169 1.0058309037900874 0.0018386577798207308 0.0058309037900874635
0 0.6730636635256263 1.0193148688046647 0.0034474833371638705 0.01967930029154519
0 0.6709951735233279 1.0072886297376094 0.0016088255573431394 0.0058309037900874635
0 0.6708802574120891 1.0058309037900874 0.0018386577798207308 0.0058309037900874635
0 0.6661686968512985 0.999271137026239 0.0016088255573431394 0.0058309037900874635
0 0.6628361296253735 1.010932944606414 0.001378993334865548 0.0058309037900874635
0 0.6576649046196277 1.000728862973761 0.002068490002298322 0.007288629737609329
0 0.6561709951735233 1.0145772594752187 0.003217651114686279 0.03206997084548105
0 0.6524936796138818 1.0036443148688046 0.0018386577798207308 0.0058309037900874635
0 0.6473224546081361 1.0021865889212829 0.002068490002298322 0.007288629737609329
0 0.6443346357159274 0.999271137026239 0.002068490002298322 0.007288629737609329
0 0.6329579407032866 1.001457725947522 0.001378993334865548 0.004373177842565598
0 0.6295104573661228 0.9985422740524781 0.0018386577798207308 0.0058309037900874635
0 0.6257182256952425 0.999271137026239 0.0016088255573431394 0.0058309037900874635
0 0.6203171684670191 0.9978134110787172 0.001378993334865548 0.004373177842565598
0 0.6010112617789014 0.9974489795918368 0.0018386577798207308 0.006559766763848397
0 0.5962997012181108 1.0083819241982508 0.003907147782119053 0.02988338192419825
0 0.5663065961847851 0.9948979591836735 0.0018386577798207308 0.007288629737609329
0 0.5397609744886233 0.9905247813411079 0.002068490002298322 0.0058309037900874635
0 0.5134451850149391 0.9901603498542274 0.001378993334865548 0.00510204081632653
0 0.5333256722592508 0.9887026239067055 0.0016088255573431394 0.00510204081632653
0 0.5293036083658929 1.0058309037900874 0.004596644449551827 0.02478134110787172
0 0.5095380372328201 1.0025510204081634 0.004136980004596644 0.03279883381924198
0 0.5063203861181338 0.989067055393586 0.001378993334865548 0.004373177842565598
0 0.5054010572282234 0.999271137026239 0.003217651114686279 0.026239067055393587
0 0.5026430705584923 0.999271137026239 0.002757986669731096 0.013119533527696793
0 0.49804642610894045 0.9861516034985423 0.001378993334865548 0.004373177842565598
0 0.48793380831992644 0.9854227405247813 0.001378993334865548 0.0058309037900874635
0 0.4818432544242703 0.9846938775510204 0.002528154447253505 0.007288629737609329
0 0.473569294415077 0.9868804664723032 0.0016088255573431394 0.0058309037900874635
0 0.46966214663295797 0.9861516034985423 0.002068490002298322 0.0058309037900874635
0 0.46943231441048033 0.9821428571428571 0.0016088255573431394 0.006559766763848397
0 0.46701907607446563 0.9821428571428571 0.001378993334865548 0.00510204081632653
0 0.4598942771776603 0.9839650145772595 0.0018386577798207308 0.007288629737609329
0 0.4447253504941393 0.9930758017492711 0.0036773155596414617 0.02988338192419825
0 0.4416226154906918 0.9930758017492711 0.003907147782119053 0.028425655976676383
0 0.43645139048494597 0.9825072886297376 0.001378993334865548 0.004373177842565598
0 0.43150999770167775 0.9927113702623906 0.005745805561939784 0.029154518950437316
0 0.4304757527005286 0.9799562682215743 0.001378993334865548 0.00510204081632653
0 0.41932888991036543 0.9821428571428571 0.002068490002298322 0.006559766763848397
0 0.38531372098368194 0.9810495626822158 0.0011491611123879567 0.004373177842565598
0 0.3743966904159963 0.9825072886297376 0.0018386577798207308 0.0058309037900874635
0 0.3615260859572512 0.9956268221574344 0.00505630889450701 0.04081632653061224
0 0.3480809009423121 0.9788629737609329 0.002068490002298322 0.007288629737609329
0 0.31176740979085266 0.989067055393586 0.004366812227074236 0.03498542274052478
0 0.2809698919788554 0.9788629737609329 0.0016088255573431394 0.0058309037900874635
0 0.2922316708802574 0.9792274052478134 0.0016088255573431394 0.006559766763848397
0 0.2743047575270053 0.9766763848396501 0.0016088255573431394 0.0058309037900874635
0 0.2701677775224086 0.9883381924198251 0.003907147782119053 0.033527696793002916
0 0.2689037002987819 0.9763119533527697 0.001378993334865548 0.0036443148688046646
0 0.26154906917949894 0.9690233236151603 0.0018386577798207308 0.006559766763848397
0 0.2600551597333946 0.9879737609329446 0.0034474833371638705 0.03717201166180758
0 0.24028958860032176 0.9846938775510204 0.0034474833371638705 0.027696793002915453
0 0.24385198804872443 0.9693877551020408 0.0022983222247759134 0.0058309037900874635
0 0.24074925304527695 0.9799562682215743 0.0034474833371638705 0.02988338192419825
0 0.22753390025281545 0.9741253644314869 0.0018386577798207308 0.006559766763848397
0 0.22259250746954723 0.9748542274052479 0.0016088255573431394 0.00510204081632653
0 0.20592967133992185 0.9901603498542274 0.0036773155596414617 0.04008746355685131
0 0.20374626522638473 0.9682944606413995 0.002068490002298322 0.006559766763848397
0 0.19891978855435533 0.9737609329446064 0.002068490002298322 0.0058309037900874635
0 0.19811537577568375 0.9770408163265306 0.0018386577798207308 0.006559766763848397
0 0.1914502413238336 0.967201166180758 0.0022983222247759134 0.007288629737609329
0 0.13180877959089865 0.9642857142857143 0.002068490002298322 0.0058309037900874635
0 0.04608136060675707 0.9591836734693877 0.002068490002298322 0.0058309037900874635
0 0.03918639393242933 0.9599125364431487 0.002068490002298322 0.007288629737609329
0 0.005630889450700988 0.9795918367346939 0.006205470006894967 0.04664723032069971
0 0.000344748333716387 0.9821428571428571 0.00850379223167088 0.05466472303206997
0 0.7880946908756608 1.6669096209912537 0.004136980004596644 0.013119533527696793
0 0.7815444725350494 1.6654518950437318 0.0034474833371638705 0.014577259475218658
0 0.7641921397379913 1.7139212827988337 0.010572282233969202 0.08236151603498543
0 0.7583314180648126 1.65634110787172 0.003907147782119053 0.018221574344023325
0 0.7626982302918869 1.630466472303207 0.004366812227074236 0.014577259475218658
0 0.7686738680763043 1.630466472303207 0.0034474833371638705 0.01020408163265306
0 0.751436451390485 1.6417638483965014 0.0034474833371638705 0.013848396501457727
0 0.7582165019535739 1.631195335276968 0.0036773155596414617 0.014577259475218658
0 0.7939554125488394 1.6483236151603498 0.003907147782119053 0.013848396501457727
0 0.7859112847621237 1.6435860058309038 0.0034474833371638705 0.013119533527696793
0 0.7792461503102736 1.6752915451895043 0.008963456676626062 0.07507288629737609
0 0.7923465869914962 1.6322886297376094 0.003907147782119053 0.013848396501457727
0 0.7766030797517812 1.6315597667638484 0.003217651114686279 0.009475218658892129
0 0.7763732475293036 1.630466472303207 0.002757986669731096 0.008746355685131196
0 0.7801654792001839 1.625728862973761 0.0034474833371638705 0.010932944606413994
0 0.768788784187543 1.631195335276968 0.003217651114686279 0.011661807580174927
0 0.7951045736612273 1.6118804664723032 0.003907147782119053 0.015306122448979591
0 0.7626982302918869 1.5838192419825072 0.003907147782119053 0.014577259475218658
0 0.7639623075155136 1.5706997084548104 0.0036773155596414617 0.013119533527696793
0 0.7867156975407952 1.564139941690962 0.00505630889450701 0.014577259475218658
0 0.7807400597563778 1.5659620991253644 0.003217651114686279 0.013848396501457727
0 0.7776373247529303 1.5495626822157433 0.003907147782119053 0.013119533527696793
0 0.7531601930590669 1.5451895043731778 0.00505630889450701 0.013119533527696793
0 0.750861870834291 1.5276967930029155 0.003217651114686279 0.011661807580174927
0 0.7366122730406803 1.5 0.003217651114686279 0.011661807580174927
0 0.7406343369340381 1.4828717201166182 0.002528154447253505 0.008017492711370262
0 0.7290278096989198 1.5123906705539358 0.008733624454148471 0.06268221574344024
0 0.7346586991496208 1.5010932944606414 0.004826476672029419 0.04446064139941691
0 0.7316708802574121 1.4661078717201166 0.002528154447253505 0.008017492711370262
0 0.7262698230291887 1.4249271137026238 0.002757986669731096 0.01020408163265306
0 0.7181107791312342 1.4464285714285714 0.002068490002298322 0.006559766763848397
0 0.6474373707193749 1.3465743440233235 0.0022983222247759134 0.008017492711370262
0 0.6264077223626753 1.3884839650145773 0.002528154447253505 0.01020408163265306
0 0.6027350034474833 1.341472303206997 0.002068490002298322 0.008017492711370262
0 0.6104343829004827 1.3389212827988337 0.0022983222247759134 0.007288629737609329
0 0.611353711790393 1.3345481049562682 0.0022983222247759134 0.008746355685131196
0 0.6046885773385429 1.3345481049562682 0.0022983222247759134 0.007288629737609329
0 0.5686049184095611 1.3228862973760933 0.001378993334865548 0.004373177842565598
0 0.5683750861870834 1.3112244897959184 0.0022983222247759134 0.007288629737609329
0 0.5637784417375316 1.3064868804664722 0.0018386577798207308 0.006559766763848397
0 0.5452769478280854 1.3330903790087463 0.002068490002298322 0.007288629737609329
0 0.5413698000459665 1.3411078717201166 0.002068490002298322 0.007288629737609329
0 0.5295334405883705 1.2999271137026238 0.0018386577798207308 0.006559766763848397
0 0.5147092622385658 1.303935860058309 0.002068490002298322 0.007288629737609329
0 0.5201103194667892 1.249271137026239 0.0018386577798207308 0.0058309037900874635
0 0.5170075844633417 1.2605685131195334 0.002068490002298322 0.006559766763848397
0 0.5143645139048495 1.293002915451895 0.001378993334865548 0.0058309037900874635
0 0.5175821650195357 1.2951895043731778 0.0018386577798207308 0.0058309037900874635
0 0.5072397150080441 1.3137755102040816 0.004596644449551827 0.034256559766763846
0 0.5055159733394622 1.3028425655976676 0.0016088255573431394 0.008017492711370262
0 0.5026430705584923 1.2951895043731778 0.0018386577798207308 0.007288629737609329
0 0.4997701677775224 1.287536443148688 0.0016088255573431394 0.00510204081632653
0 0.49816134222017927 1.2933673469387754 0.002068490002298322 0.008017492711370262
0 0.495518271661687 1.299198250728863 0.0018386577798207308 0.006559766763848397
0 0.4909216272121351 1.2922740524781342 0.0022983222247759134 0.007288629737609329
0 0.48345207998161344 1.284256559766764 0.002068490002298322 0.007288629737609329
0 0.4777062744196736 1.272594752186589 0.002068490002298322 0.007288629737609329
0 0.4708113077453459 1.286807580174927 0.0016088255573431394 0.00510204081632653
0 0.4680533210756148 1.3021137026239067 0.004366812227074236 0.04154518950437318
0 0.4703516433003907 1.3032069970845481 0.002068490002298322 0.007288629737609329
0 0.4593196966214663 1.3232507288629738 0.002528154447253505 0.008017492711370262
0 0.4601241094001379 1.3006559766763848 0.0022983222247759134 0.008017492711370262
0 0.4602390255113767 1.2908163265306123 0.0034474833371638705 0.030612244897959183
0 0.45908986439898875 1.28134110787172 0.0016088255573431394 0.0058309037900874635
0 0.4386347965984831 1.3032069970845481 0.002528154447253505 0.007288629737609329
0 0.41978855435532064 1.28899416909621 0.0016088255573431394 0.006559766763848397
0 0.4307055849230062 1.2591107871720117 0.004136980004596644 0.03134110787172012
0 0.43438290048264766 1.251457725947522 0.001378993334865548 0.004373177842565598
0 0.3916341071018157 1.282069970845481 0.0022983222247759134 0.008746355685131196
0 0.38657779820730864 1.282069970845481 0.0022983222247759134 0.007288629737609329
0 0.3486554814985061 1.2824344023323615 0.0018386577798207308 0.006559766763848397
0 0.32923465869914964 1.2900874635568513 0.002068490002298322 0.007288629737609329
0 0.25086187083429096 1.308673469387755 0.00666513445185015 0.048833819241982504
0 0.24534589749482877 1.2955539358600583 0.002068490002298322 0.006559766763848397
0 0.24040450471156055 1.3123177842565599 0.006894966674327741 0.04008746355685131
0 0.20937715467708573 1.3152332361516035 0.00505630889450701 0.038629737609329445
0 0.20374626522638473 1.3181486880466473 0.006205470006894967 0.034256559766763846
0 0.18731326131923695 1.3064868804664722 0.0018386577798207308 0.006559766763848397
0 0.04550678005056309 1.3607871720116618 0.002757986669731096 0.008746355685131196
0 0.04045047115605608 1.3997813411078717 0.003217651114686279 0.01239067055393586
0 0.0372328200413698 1.4034256559766765 0.002757986669731096 0.009475218658892129
0 0.02367271891519191 1.3717201166180757 0.003217651114686279 0.013119533527696793
0 0.016662836129625373 1.376457725947522 0.002528154447253505 0.009475218658892129
0 0.023557802803953115 1.401603498542274 0.0034474833371638705 0.01020408163265306
0 0.001378993334865548 1.4843294460641399 0.002757986669731096 0.009475218658892129
0 0.5075844633417606 0.7572886297376094 0.0011491611123879567 0.004373177842565598
0 0.5035623994484026 0.7587463556851312 0.001378993334865548 0.0058309037900874635
0 0.8196966214663296 1.0324344023323615 0.007124798896805332 0.05903790087463557
0 0.824523098138359 1.0149416909620992 0.002528154447253505 0.009475218658892129
0 0.8164789703516433 1.0309766763848396 0.005286141116984601 0.053206997084548104
0 0.7418984141576649 1.0215014577259476 0.0036773155596414617 0.03134110787172012
0 0.7456906458285452 1.0072886297376094 0.0016088255573431394 0.0058309037900874635
0 0.750861870834291 1.0091107871720117 0.0022983222247759134 0.008017492711370262
0 0.7509767869455297 1.0083819241982508 0.002068490002298322 0.006559766763848397
0 0.7123649735692944 1.0029154518950438 0.0016088255573431394 0.0058309037900874635
0 0.7090324063433694 1.0182215743440233 0.004596644449551827 0.04081632653061224
0 0.7053550907837279 1.0069241982507289 0.0022983222247759134 0.008017492711370262
0 0.7035164330039071 1.004008746355685 0.0022983222247759134 0.006559766763848397
0 0.6996092852217881 1.0171282798833818 0.004136980004596644 0.04008746355685131
0 0.6128476212364974 0.9989067055393586 0.0016088255573431394 0.00510204081632653
0 0.6041139967823489 1.0138483965014577 0.0029878188922086877 0.029154518950437316
0 0.6089404734543783 0.9970845481049563 0.002068490002298322 0.007288629737609329
0 0.6161801884624224 0.999271137026239 0.001378993334865548 0.004373177842565598
0 0.6177890140197656 1.0083819241982508 0.002757986669731096 0.025510204081632654
0 0.5706734084118593 0.9919825072886297 0.001378993334865548 0.0058309037900874635
0 0.573086646747874 0.9963556851311953 0.0016088255573431394 0.0058309037900874635
0 0.5712479889680533 0.9996355685131195 0.0016088255573431394 0.006559766763848397
0 0.5751551367501724 1.0003644314868805 0.0016088255573431394 0.00510204081632653
0 0.578717536198575 1.0032798833819243 0.0018386577798207308 0.00510204081632653
0 0.5775683750861871 0.9938046647230321 0.001378993334865548 0.00510204081632653
0 0.576534130085038 0.9923469387755102 0.0016088255573431394 0.006559766763848397
0 0.5414847161572053 0.9894314868804664 0.0018386577798207308 0.006559766763848397
0 0.5479200183865778 0.9927113702623906 0.0018386577798207308 0.008746355685131196
0 0.5502183406113537 0.9952623906705539 0.0018386577798207308 0.008017492711370262
0 0.5581475522868307 1.005466472303207 0.0034474833371638705 0.03279883381924198
0 0.5560790622845323 1.0051020408163265 0.0034474833371638705 0.026239067055393587
0 0.3802574120891749 0.9777696793002916 0.002528154447253505 0.009475218658892129
0 0.3809469087566077 0.9792274052478134 0.0016088255573431394 0.00510204081632653
0 0.3781889220868766 0.9901603498542274 0.0034474833371638705 0.02696793002915452
0 0.46357159273730175 1.3418367346938775 0.00505630889450701 0.05102040816326531
0 0.4620776832911974 1.3473032069970845 0.004366812227074236 0.04591836734693878
0 0.4018616410020685 1.2853498542274053 0.0016088255573431394 0.00510204081632653
