0 0.17393058918482648 2.6353135313531353 0.02986279257465698 0.1419141914191419
0 0.14285714285714285 2.1963696369636962 0.01937046004842615 0.10231023102310231
0 0.21105730427764327 2.0907590759075907 0.020177562550443905 0.10891089108910891
0 0.29620661824051653 2.1254125412541254 0.01775625504439064 0.0924092409240924
0 0.47296206618240516 2.2607260726072607 0.0258272800645682 0.10561056105610561
0 0.9253430185633575 1.9240924092409242 0.00887812752219532 0.039603960396039604
0 0.9301856335754641 1.886138613861386 0.00887812752219532 0.036303630363036306
0 0.9903147699757869 1.8646864686468647 0.009685230024213076 0.0462046204620462
0 1.0375302663438257 1.844884488448845 0.00887812752219532 0.039603960396039604
0 0.7409200968523002 1.8036303630363035 0.00645682001614205 0.0297029702970297
0 0.7247780468119451 1.8498349834983498 0.00645682001614205 0.0297029702970297
0 0.6372074253430186 1.8828382838283828 0.00887812752219532 0.0429042904290429
0 0.6218724778046812 1.8663366336633664 0.00887812752219532 0.04950495049504951
0 0.5831315577078289 1.872937293729373 0.007263922518159807 0.0297029702970297
0 0.6085552865213882 1.7854785478547854 0.00645682001614205 0.033003300330033
0 0.5964487489911219 1.768976897689769 0.004842615012106538 0.019801980198019802
0 0.5217917675544794 1.797029702970297 0.005649717514124294 0.0297029702970297
0 0.5246166263115416 1.8003300330033003 0.004842615012106538 0.0231023102310231
0 0.4693301049233253 1.8366336633663367 0.005649717514124294 0.0231023102310231
0 0.47659402744148505 1.8003300330033003 0.005649717514124294 0.0297029702970297
0 0.48668280871670705 1.7986798679867986 0.004842615012106538 0.026402640264026403
0 0.2538337368845843 1.7772277227722773 0.007263922518159807 0.036303630363036306
0 0.0996771589991929 1.9108910891089108 0.007263922518159807 0.026402640264026403
0 0.11138014527845036 1.8333333333333333 0.00645682001614205 0.0297029702970297
0 0.12066182405165456 1.8267326732673268 0.005649717514124294 0.0231023102310231
0 0.12510088781275222 1.900990099009901 0.008071025020177562 0.15841584158415842
0 0.13559322033898305 1.9059405940594059 0.0129136400322841 0.17491749174917492
0 0.14769975786924938 1.8481848184818481 0.008071025020177562 0.033003300330033
0 0.192090395480226 1.844884488448845 0.004842615012106538 0.019801980198019802
0 0.20177562550443906 1.891089108910891 0.008071025020177562 0.033003300330033
0 0.16505246166263116 1.8712871287128714 0.007263922518159807 0.033003300330033
0 0.04439063761097659 1.8844884488448845 0.004842615012106538 0.019801980198019802
0 0.5439870863599677 1.8283828382838283 0.00645682001614205 0.026402640264026403
0 0.05972558514931396 1.863036303630363 0.00645682001614205 0.0297029702970297
0 0.05205811138014528 1.891089108910891 0.007263922518159807 0.026402640264026403
