0 0.3569553805774278 0.9796954314720813 0.02099737532808399 0.04060913705583756
0 0.40288713910761154 0.9695431472081218 0.01837270341207349 0.03553299492385787
0 0.7906824146981627 0.8845177664974619 0.011811023622047244 0.02284263959390863
0 0.8326771653543307 0.8845177664974619 0.009186351706036745 0.017766497461928935
0 0.8405511811023622 0.8654822335025381 0.006561679790026247 0.015228426395939087
0 0.9232283464566929 1.25 0.01706036745406824 0.04314720812182741
0 1.0793963254593175 1.116751269035533 0.014435695538057743 0.03553299492385787
0 1.029527559055118 0.934010152284264 0.009186351706036745 0.02030456852791878
0 1.1587926509186353 1.017766497461929 0.010498687664041995 0.02030456852791878
0 1.192257217847769 1.2195431472081217 0.02230971128608924 0.048223350253807105
0 1.3326771653543308 1.4086294416243654 0.027559055118110236 0.050761421319796954
0 1.2860892388451444 0.9822335025380711 0.010498687664041995 0.025380710659898477
0 1.187007874015748 0.467005076142132 0.014435695538057743 0.06598984771573604
0 1.3005249343832022 0.5418781725888325 0.01837270341207349 0.09390862944162437
0 1.323490813648294 0.5063451776649747 0.009186351706036745 0.017766497461928935
