0 0.9226069246435845 2.02991452991453 0.018329938900203666 0.1452991452991453
0 1.0509164969450102 1.6837606837606838 0.04276985743380855 0.46153846153846156
0 1.034623217922607 1.7564102564102564 0.03054989816700611 0.23076923076923078
0 0.7525458248472505 1.688034188034188 0.07942973523421588 0.7435897435897436
0 0.7953156822810591 1.982905982905983 0.020366598778004074 0.20512820512820512
0 0.7179226069246436 1.935897435897436 0.014256619144602852 0.1452991452991453
0 0.5987780040733197 1.7991452991452992 0.05702647657841141 0.6923076923076923
0 0.5280040733197556 1.8974358974358974 0.031568228105906315 0.2905982905982906
0 0.46588594704684316 1.9102564102564104 0.017311608961303463 0.1623931623931624
0 0.43075356415478616 2.0 0.028513238289205704 0.27350427350427353
0 0.4979633401221996 1.9017094017094016 0.08757637474541752 0.8290598290598291
0 0.11558044806517312 1.9230769230769231 0.08655804480651731 0.7350427350427351
0 0.2561099796334012 1.7222222222222223 0.023421588594704685 0.21367521367521367
0 0.37067209775967414 1.7136752136752136 0.05091649694501019 0.5555555555555556
