0 1.0927197802197801 0.5950155763239875 0.061813186813186816 0.17445482866043613
0 0.9017857142857143 0.881619937694704 0.0673076923076923 0.18691588785046728
0 0.6943681318681318 0.8707165109034268 0.07005494505494506 0.20249221183800623
0 0.4883241758241758 0.9174454828660437 0.06456043956043957 0.1838006230529595
0 1.036401098901099 0.19314641744548286 0.07280219780219781 0.19314641744548286
0 0.9464285714285714 0.5046728971962616 0.06043956043956044 0.1806853582554517
0 0.8791208791208791 0.19314641744548286 0.06593406593406594 0.18691588785046728
0 0.7960164835164835 0.4190031152647975 0.07005494505494506 0.19626168224299065
0 0.6298076923076923 0.4968847352024922 0.059065934065934064 0.17757009345794392
0 0.7245879120879121 0.1526479750778816 0.06456043956043957 0.17445482866043613
0 0.570054945054945 0.19314641744548286 0.06318681318681318 0.1806853582554517
0 0.39903846153846156 0.1542056074766355 0.061813186813186816 0.17757009345794392
0 0.47596153846153844 0.4501557632398754 0.06456043956043957 0.17133956386292834
0 0.3131868131868132 0.5202492211838006 0.06043956043956044 0.1806853582554517
0 0.22596153846153846 0.1059190031152648 0.0673076923076923 0.19314641744548286
0 0.15865384615384615 0.45950155763239875 0.07005494505494506 0.17757009345794392
