0 0.012364760432766615 3.002164502164502 0.00463678516228748 0.021645021645021644
0 0.021638330757341576 3.051948051948052 0.010819165378670788 0.15584415584415584
0 0.01738794435857805 3.0303030303030303 0.0038639876352395673 0.025974025974025976
0 0.0285935085007728 3.0411255411255413 0.0061823802163833074 0.030303030303030304
0 0.0347758887171561 3.0432900432900434 0.0077279752704791345 0.13852813852813853
0 0.0401854714064915 3.0411255411255413 0.00927357032457496 0.15151515151515152
0 0.06761978361669242 3.0627705627705626 0.006955177743431221 0.030303030303030304
0 0.08075734157650695 3.0735930735930737 0.005409582689335394 0.03463203463203463
0 0.09659969088098919 3.054112554112554 0.0077279752704791345 0.047619047619047616
0 0.09659969088098919 3.04978354978355 0.0061823802163833074 0.03896103896103896
0 0.011591962905718702 3.158008658008658 0.010819165378670788 0.05627705627705628
0 0.022024729520865535 3.29004329004329 0.011591962905718702 0.06926406926406926
0 0.05409582689335394 3.2012987012987013 0.013910355486862442 0.08225108225108226
0 0.1974497681607419 3.153679653679654 0.006955177743431221 0.03896103896103896
0 0.21367851622874806 3.064935064935065 0.006955177743431221 0.04329004329004329
0 0.23068006182380216 3.16017316017316 0.006955177743431221 0.03463203463203463
0 0.2542503863987635 3.1147186147186146 0.00463678516228748 0.030303030303030304
0 0.15919629057187018 3.3722943722943723 0.012364760432766615 0.07792207792207792
0 0.19435857805255022 3.4523809523809526 0.01313755795981453 0.09090909090909091
0 0.23454404945904173 3.590909090909091 0.02704791344667697 0.14285714285714285
0 0.2921174652241113 3.6147186147186146 0.02472952086553323 0.13852813852813853
0 0.28091190108191655 3.2683982683982684 0.010046367851622875 0.06060606060606061
0 0.32032457496136013 3.277056277056277 0.011591962905718702 0.07792207792207792
0 0.31993817619783615 3.227272727272727 0.012364760432766615 0.08225108225108226
0 0.3408037094281298 3.1255411255411256 0.00927357032457496 0.05194805194805195
0 0.348145285935085 3.158008658008658 0.006955177743431221 0.03896103896103896
0 0.3767387944358578 3.2337662337662336 0.01622874806800618 0.1038961038961039
0 0.509273570324575 3.132034632034632 0.012364760432766615 0.0735930735930736
0 0.5718701700154559 3.103896103896104 0.0077279752704791345 0.04329004329004329
0 0.6186244204018547 3.158008658008658 0.008500772797527048 0.047619047619047616
0 0.5540958268933539 3.279220779220779 0.012364760432766615 0.08225108225108226
0 0.5842349304482226 3.2012987012987013 0.010819165378670788 0.06493506493506493
0 0.598531684698609 3.292207792207792 0.011591962905718702 0.0735930735930736
0 0.5529366306027821 3.7142857142857144 0.0347758887171561 0.19913419913419914
0 0.634853168469861 3.4393939393939394 0.014683153013910355 0.09090909090909091
0 0.6657650695517774 3.445887445887446 0.01313755795981453 0.09523809523809523
0 0.678516228748068 3.4437229437229435 0.015455950540958269 0.08225108225108226
0 0.633307573415765 3.621212121212121 0.02704791344667697 0.16017316017316016
0 0.6638330757341576 3.242424242424242 0.012364760432766615 0.08658008658008658
0 0.69629057187017 3.183982683982684 0.00927357032457496 0.06493506493506493
0 0.7171561051004637 3.4177489177489178 0.017001545595054096 0.11688311688311688
0 0.732612055641422 3.24025974025974 0.00927357032457496 0.05627705627705628
0 0.7538639876352395 3.0735930735930737 0.005409582689335394 0.03463203463203463
0 0.7608191653786708 3.183982683982684 0.011591962905718702 0.22077922077922077
0 0.7573415765069552 3.101731601731602 0.0077279752704791345 0.047619047619047616
0 0.776275115919629 3.0043290043290045 0.006955177743431221 0.03463203463203463
0 0.7751159196290572 3.0974025974025974 0.0061823802163833074 0.030303030303030304
0 0.8017774343122102 3.064935064935065 0.005409582689335394 0.03463203463203463
0 0.7774343122102009 3.2683982683982684 0.0077279752704791345 0.04329004329004329
0 0.7832302936630603 3.365800865800866 0.01777434312210201 0.10822510822510822
0 0.7952086553323029 3.484848484848485 0.02472952086553323 0.3116883116883117
0 0.821483771251932 3.41991341991342 0.012364760432766615 0.07792207792207792
0 0.8624420401854714 3.205627705627706 0.0077279752704791345 0.047619047619047616
0 0.8690108191653787 3.324675324675325 0.01622874806800618 0.09523809523809523
0 0.8852395672333848 3.1818181818181817 0.011591962905718702 0.06060606060606061
0 0.901468315301391 3.1623376623376624 0.010046367851622875 0.05627705627705628
0 0.9690880989180835 3.3225108225108224 0.013910355486862442 0.08225108225108226
0 0.9764296754250387 3.145021645021645 0.01777434312210201 0.20346320346320346
0 0.9969088098918083 3.0281385281385282 0.0061823802163833074 0.030303030303030304
0 0.9296754250386399 3.012987012987013 0.00463678516228748 0.025974025974025976
