0 0.009421265141318977 1.9580745341614907 0.009421265141318977 0.040372670807453416
0 0.048788694481830416 1.9782608695652173 0.010094212651413189 0.055900621118012424
0 0.06796769851951548 1.9627329192546583 0.012113055181695828 0.055900621118012424
0 0.031628532974428 2.0885093167701863 0.021534320323014805 0.30745341614906835
0 0.07705248990578735 2.049689440993789 0.010094212651413189 0.049689440993788817
0 0.10733512786002691 1.953416149068323 0.007402422611036339 0.037267080745341616
0 0.09253028263795424 1.934782608695652 0.007402422611036339 0.031055900621118012
0 0.1278600269179004 2.099378881987578 0.017496635262449527 0.20496894409937888
0 0.148721399730821 1.9627329192546583 0.008075370121130552 0.037267080745341616
0 0.16790040376850607 1.954968944099379 0.010094212651413189 0.046583850931677016
0 0.14703903095558546 2.0077639751552794 0.006056527590847914 0.034161490683229816
0 0.20255720053835802 1.9767080745341614 0.009421265141318977 0.040372670807453416
0 0.23418573351278602 1.9875776397515528 0.008075370121130552 0.031055900621118012
0 0.24663526244952894 1.9751552795031055 0.008748317631224764 0.043478260869565216
0 0.2701884253028264 1.9922360248447204 0.007402422611036339 0.034161490683229816
0 0.2960969044414536 2.001552795031056 0.008075370121130552 0.034161490683229816
0 0.32570659488559894 2.0683229813664594 0.016150740242261104 0.2236024844720497
0 0.3364737550471063 1.9875776397515528 0.009421265141318977 0.037267080745341616
0 0.3492597577388964 1.9782608695652173 0.006729475100942127 0.031055900621118012
0 0.36305518169582773 2.06055900621118 0.004710632570659489 0.034161490683229816
0 0.3613728129205922 1.9953416149068324 0.005383580080753701 0.027950310559006212
0 0.3714670255720054 1.9627329192546583 0.005383580080753701 0.031055900621118012
0 0.4004037685060565 1.986024844720497 0.006729475100942127 0.027950310559006212
0 0.392328398384926 1.937888198757764 0.005383580080753701 0.024844720496894408
0 0.40612382234185734 1.9316770186335404 0.004710632570659489 0.024844720496894408
0 0.42328398384925975 1.9161490683229814 0.005383580080753701 0.018633540372670808
0 0.42833109017496634 1.954968944099379 0.004710632570659489 0.027950310559006212
0 0.4421265141318977 2.0217391304347827 0.009421265141318977 0.043478260869565216
0 0.436742934051144 1.9270186335403727 0.004037685060565276 0.021739130434782608
0 0.4539030955585464 1.9099378881987579 0.0033647375504710633 0.018633540372670808
0 0.4727456258411844 1.9767080745341614 0.007402422611036339 0.040372670807453416
0 0.4838492597577389 1.9782608695652173 0.008075370121130552 0.049689440993788817
0 0.5026917900403769 2.0388198757763973 0.009421265141318977 0.046583850931677016
0 0.5053835800807537 1.968944099378882 0.006729475100942127 0.043478260869565216
0 0.5215343203230148 2.0062111801242235 0.008075370121130552 0.043478260869565216
0 0.5376850605652759 1.9891304347826086 0.008075370121130552 0.040372670807453416
0 0.5447510094212651 1.9720496894409938 0.007402422611036339 0.043478260869565216
0 0.5720053835800808 1.9782608695652173 0.009421265141318977 0.049689440993788817
0 0.5938761776581427 1.9875776397515528 0.008748317631224764 0.049689440993788817
0 0.6534320323014805 2.063664596273292 0.010767160161507403 0.07142857142857142
0 0.7109690444145357 1.9021739130434783 0.007402422611036339 0.034161490683229816
0 0.7230820995962315 1.934782608695652 0.008748317631224764 0.037267080745341616
0 0.7557200538358008 1.9316770186335404 0.005383580080753701 0.024844720496894408
0 0.7728802153432033 1.9223602484472049 0.007402422611036339 0.043478260869565216
0 0.7664872139973082 2.0450310559006213 0.017496635262449527 0.27639751552795033
0 0.6981830417227456 2.139751552795031 0.019515477792732168 0.09316770186335403
0 0.7412516823687753 2.1490683229813663 0.019515477792732168 0.09937888198757763
0 0.7789367429340511 2.0683229813664594 0.016823687752355317 0.08074534161490683
0 0.8243606998654105 2.1614906832298137 0.013458950201884253 0.06832298136645963
0 0.905114401076716 2.0388198757763973 0.010767160161507403 0.052795031055900624
0 0.9522207267833109 2.2158385093167703 0.010767160161507403 0.046583850931677016
0 0.9512113055181696 2.0745341614906834 0.010094212651413189 0.049689440993788817
0 0.9821668909825033 2.046583850931677 0.011440107671601614 0.049689440993788817
0 0.9942799461641992 2.0745341614906834 0.011440107671601614 0.049689440993788817
0 0.9343876177658142 1.9565217391304348 0.007402422611036339 0.037267080745341616
0 0.9407806191117093 1.9192546583850931 0.004037685060565276 0.018633540372670808
0 0.9475100942126514 1.9332298136645962 0.005383580080753701 0.027950310559006212
0 0.9629878869448183 1.9611801242236024 0.006729475100942127 0.034161490683229816
0 0.1382907133243607 1.9953416149068324 0.006056527590847914 0.034161490683229816
0 0.1066621803499327 1.8975155279503106 0.011440107671601614 0.11801242236024845
