0 0.9925742574257426 0.9075235109717869 0.018151815181518153 0.04075235109717868
0 0.9405940594059405 0.9231974921630094 0.0165016501650165 0.034482758620689655
0 0.9455445544554455 0.9012539184952978 0.009900990099009901 0.0219435736677116
0 0.9141914191419142 0.9122257053291536 0.006600660066006601 0.012539184952978056
0 0.8267326732673267 0.9733542319749217 0.0231023102310231 0.047021943573667714
0 0.7582508250825083 0.9921630094043887 0.034653465346534656 0.047021943573667714
0 0.7599009900990099 0.9655172413793104 0.018151815181518153 0.0438871473354232
0 0.849009900990099 0.9122257053291536 0.01155115511551155 0.018808777429467086
0 0.8308580858085809 0.9827586206896551 0.034653465346534656 0.12852664576802508
0 0.801980198019802 0.9169278996865203 0.013201320132013201 0.0219435736677116
0 0.7887788778877888 0.9169278996865203 0.006600660066006601 0.01567398119122257
0 0.773102310231023 0.9247648902821317 0.00825082508250825 0.018808777429467086
0 0.7516501650165016 0.9247648902821317 0.01155115511551155 0.025078369905956112
0 0.735973597359736 0.9231974921630094 0.009900990099009901 0.0219435736677116
0 0.7087458745874587 0.9200626959247649 0.00825082508250825 0.01567398119122257
0 0.683993399339934 0.9043887147335423 0.00825082508250825 0.01567398119122257
0 0.6493399339933993 0.9388714733542319 0.01155115511551155 0.02821316614420063
0 0.6608910891089109 0.9278996865203761 0.01155115511551155 0.018808777429467086
0 0.6361386138613861 0.9090909090909091 0.00825082508250825 0.012539184952978056
0 0.613036303630363 0.9247648902821317 0.01155115511551155 0.025078369905956112
0 0.5825082508250825 0.932601880877743 0.0231023102310231 0.047021943573667714
0 0.5866336633663366 0.9263322884012539 0.02145214521452145 0.047021943573667714
0 0.5734323432343235 0.9608150470219435 0.018151815181518153 0.04075235109717868
0 0.5321782178217822 0.9310344827586207 0.02145214521452145 0.03761755485893417
0 0.5099009900990099 0.9247648902821317 0.019801980198019802 0.050156739811912224
0 0.5486798679867987 0.9247648902821317 0.018151815181518153 0.0438871473354232
0 0.4645214521452145 0.9341692789968652 0.01155115511551155 0.025078369905956112
0 0.4430693069306931 0.9357366771159875 0.00825082508250825 0.01567398119122257
0 0.3976897689768977 0.9247648902821317 0.006600660066006601 0.012539184952978056
0 0.42244224422442245 0.9811912225705329 0.019801980198019802 0.12539184952978055
0 0.4166666666666667 0.9200626959247649 0.00825082508250825 0.01567398119122257
0 0.42244224422442245 1.0219435736677116 0.019801980198019802 0.03761755485893417
0 0.36716171617161714 0.9780564263322884 0.02145214521452145 0.03761755485893417
0 0.34735973597359737 0.9404388714733543 0.01485148514851485 0.025078369905956112
0 0.3564356435643564 0.9811912225705329 0.0231023102310231 0.13166144200626959
0 0.3358085808580858 0.9435736677115988 0.00825082508250825 0.018808777429467086
0 0.31600660066006603 0.9404388714733543 0.01155115511551155 0.018808777429467086
0 0.2698019801980198 0.9231974921630094 0.01155115511551155 0.01567398119122257
0 0.29125412541254125 0.9561128526645768 0.01485148514851485 0.07523510971786834
0 0.2590759075907591 0.9153605015673981 0.006600660066006601 0.012539184952978056
0 0.2376237623762376 0.9122257053291536 0.006600660066006601 0.012539184952978056
0 0.18564356435643564 0.9310344827586207 0.00825082508250825 0.018808777429467086
0 0.1617161716171617 0.9231974921630094 0.0297029702970297 0.05956112852664577
0 0.06105610561056106 0.9404388714733543 0.019801980198019802 0.03761755485893417
0 0.027227722772277228 0.9420062695924765 0.018151815181518153 0.034482758620689655
