0 1.0863945578231293 5.4818181818181815 0.036734693877551024 0.4909090909090909
0 0.9387755102040817 5.4363636363636365 0.04353741496598639 0.6909090909090909
0 0.7448979591836735 5.463636363636364 0.03945578231292517 0.6363636363636364
0 0.7442176870748299 5.554545454545455 0.0380952380952381 0.4909090909090909
0 0.7074829931972789 5.4363636363636365 0.0380952380952381 0.4727272727272727
0 0.6272108843537415 5.672727272727273 0.04081632653061224 0.6181818181818182
0 0.5877551020408164 5.454545454545454 0.04625850340136054 0.5818181818181818
0 0.4816326530612245 5.454545454545454 0.04081632653061224 0.5454545454545454
0 0.4421768707482993 5.281818181818182 0.04081632653061224 0.6
0 0.3299319727891156 5.6 0.03945578231292517 0.6181818181818182
0 0.20816326530612245 5.345454545454546 0.04081632653061224 0.5454545454545454
0 0.12448979591836734 5.6 0.03945578231292517 0.5454545454545454
