0 0.9856867933605966 5.116863905325443 0.010343998075535241 0.10355029585798817
0 0.9793120038489295 5.146449704142012 0.007216742843396681 0.09171597633136094
0 0.9628337743565071 5.273668639053255 0.008419533317296127 0.08579881656804733
0 0.9722155400529228 5.0266272189349115 0.007938417127736349 0.08875739644970414
0 0.9515275439018523 5.0517751479289945 0.008419533317296127 0.09763313609467456
0 0.939138802020688 5.02810650887574 0.006735626653836902 0.10355029585798817
0 0.9203752706278566 5.041420118343195 0.007697859032956459 0.10059171597633136
0 0.9063026220832331 5.035502958579881 0.008419533317296127 0.10059171597633136
0 0.9010103439980756 5.260355029585799 0.008419533317296127 0.09467455621301775
0 0.410873225884051 5.131656804733728 0.0024055809477988932 0.03254437869822485
0 0.41772913158527786 4.968934911242603 0.0016839066634592255 0.020710059171597635
0 0.41400048111618953 4.923076923076923 0.0024055809477988932 0.029585798816568046
0 0.4073851335097426 4.958579881656805 0.0016839066634592255 0.023668639053254437
0 0.3989656001924465 5.025147928994083 0.0016839066634592255 0.026627218934911243
0 0.380322347847005 4.954142011834319 0.0019244647582391148 0.026627218934911243
0 0.38381044022131344 5.011834319526627 0.004089487611258119 0.15976331360946747
0 0.3747895116670676 4.965976331360947 0.0019244647582391148 0.020710059171597635
0 0.3510945393312485 5.088757396449704 0.002165022853019004 0.029585798816568046
0 0.35638681741640604 5.0517751479289945 0.002165022853019004 0.026627218934911243
0 0.36384411835458264 5.164201183431953 0.0036083714216983403 0.04437869822485207
0 0.35855184026942505 5.1671597633136095 0.002165022853019004 0.03254437869822485
0 0.36288188597546306 5.029585798816568 0.0016839066634592255 0.023668639053254437
0 0.3378638441183546 5.045857988165681 0.0016839066634592255 0.020710059171597635
0 0.3447197498195814 5.035502958579881 0.0019244647582391148 0.01775147928994083
0 0.3423141688717825 5.042899408284024 0.0019244647582391148 0.020710059171597635
0 0.33233100793841713 5.085798816568047 0.0036083714216983403 0.05325443786982249
0 0.3117632908347366 5.094674556213017 0.0024055809477988932 0.029585798816568046
0 0.3097185470291075 5.081360946745562 0.002165022853019004 0.026627218934911243
0 0.3055087803704595 5.090236686390533 0.0024055809477988932 0.03254437869822485
0 0.30009622323791196 5.106508875739645 0.002646139042578783 0.03550295857988166
0 0.2919172480153957 5.090236686390533 0.0016839066634592255 0.020710059171597635
0 0.284820784219389 5.075443786982248 0.0024055809477988932 0.03254437869822485
0 0.27339427471734423 5.069526627218935 0.0031272552321385616 0.038461538461538464
0 0.2709886937695453 5.066568047337278 0.0031272552321385616 0.04437869822485207
0 0.2593216261727207 5.090236686390533 0.0019244647582391148 0.026627218934911243
0 0.25703632427231177 5.079881656804734 0.002646139042578783 0.029585798816568046
0 0.2501804185710849 5.090236686390533 0.0028866971373586723 0.03254437869822485
0 0.24597065191243686 5.097633136094674 0.002165022853019004 0.023668639053254437
0 0.24236228049073852 5.068047337278107 0.0031272552321385616 0.04142011834319527
0 0.21770507577579987 5.062130177514793 0.0028866971373586723 0.03550295857988166
0 0.19689680057733944 5.0828402366863905 0.002646139042578783 0.029585798816568046
0 0.1952128939138802 5.059171597633136 0.002646139042578783 0.03550295857988166
0 0.16790955015636277 5.18491124260355 0.0028866971373586723 0.04437869822485207
0 0.1575655520808275 5.173076923076923 0.0038489295164782296 0.05029585798816568
0 0.14770267019485206 5.090236686390533 0.003367813326918451 0.04437869822485207
0 0.13952369497233583 5.088757396449704 0.0024055809477988932 0.03550295857988166
0 0.13314890546066876 5.079881656804734 0.004089487611258119 0.047337278106508875
0 0.12436853500120279 5.079881656804734 0.004330045706038008 0.047337278106508875
0 0.117392350252586 5.059171597633136 0.0028866971373586723 0.03550295857988166
0 0.1058455617031513 5.056213017751479 0.0024055809477988932 0.029585798816568046
0 0.09201347125330768 5.078402366863905 0.004089487611258119 0.05029585798816568
0 0.10295886456579263 5.241124260355029 0.007697859032956459 0.09171597633136094
0 0.052080827519846044 5.224852071005917 0.008419533317296127 0.11242603550295859
0 0.021289391388020208 5.2233727810650885 0.006495068559057012 0.07988165680473373
0 0.005653115227327399 5.096153846153846 0.006495068559057012 0.09171597633136094
0 0.016598508539812366 5.22189349112426 0.0048111618955977865 0.07100591715976332
0 0.2732739956699543 5.143491124260355 0.0028866971373586723 0.038461538461538464
0 0.44058215058936734 5.019230769230769 0.002646139042578783 0.038461538461538464
0 0.04763050276641809 5.242603550295858 0.006735626653836902 0.08875739644970414
