0 0.03951367781155015 4.061728395061729 0.008105369807497468 0.04938271604938271
0 0.0668693009118541 4.061728395061729 0.008105369807497468 0.06172839506172839
0 0.16058763931104356 4.012345679012346 0.0070921985815602835 0.04938271604938271
0 0.18085106382978725 4.012345679012346 0.011144883485309016 0.08641975308641975
0 0.1833839918946302 4.037037037037037 0.010131712259371834 0.06172839506172839
0 0.20921985815602837 4.018518518518518 0.00911854103343465 0.04938271604938271
0 0.23100303951367782 4.006172839506172 0.010131712259371834 0.06172839506172839
0 0.2198581560283688 4.111111111111111 0.0121580547112462 0.2716049382716049
0 0.23961499493414387 4.172839506172839 0.017223910840932118 0.35802469135802467
0 0.25278622087132724 3.978395061728395 0.00911854103343465 0.05555555555555555
0 0.2573454913880446 4.027777777777778 0.008105369807497468 0.05555555555555555
0 0.2507598784194529 4.228395061728395 0.03546099290780142 0.32098765432098764
0 0.2689969604863222 3.9876543209876543 0.00911854103343465 0.04938271604938271
0 0.27760891590678827 3.984567901234568 0.008105369807497468 0.05555555555555555
0 0.29635258358662614 3.984567901234568 0.011144883485309016 0.06790123456790123
0 0.30344478216818643 4.0 0.00911854103343465 0.07407407407407407
0 0.32472137791286726 3.9537037037037037 0.011144883485309016 0.09259259259259259
0 0.33890577507598785 4.033950617283951 0.015197568389057751 0.11728395061728394
0 0.3541033434650456 3.9660493827160495 0.00911854103343465 0.06790123456790123
0 0.3637284701114488 3.984567901234568 0.014184397163120567 0.08024691358024691
0 0.38095238095238093 3.993827160493827 0.0121580547112462 0.07407407407407407
0 0.3900709219858156 3.993827160493827 0.0060790273556231 0.04938271604938271
0 0.39209726443769 4.052469135802469 0.010131712259371834 0.05555555555555555
0 0.40577507598784196 3.990740740740741 0.013171225937183385 0.10493827160493827
0 0.4371833839918946 4.046296296296297 0.015197568389057751 0.11728395061728394
0 0.4199594731509625 3.9660493827160495 0.013171225937183385 0.06790123456790123
0 0.450354609929078 4.064814814814815 0.011144883485309016 0.10493827160493827
0 0.4685916919959473 4.021604938271605 0.019250253292806486 0.15432098765432098
0 0.5081053698074974 4.138888888888889 0.02735562310030395 0.22839506172839505
0 0.5197568389057751 3.935185185185185 0.016210739614994935 0.10493827160493827
0 0.547112462006079 4.070987654320987 0.0121580547112462 0.09259259259259259
0 0.5790273556231003 3.9722222222222223 0.019250253292806486 0.11728395061728394
0 0.5942249240121581 3.9814814814814814 0.011144883485309016 0.09876543209876543
0 0.4569402228976697 3.962962962962963 0.0121580547112462 0.08641975308641975
0 0.5440729483282675 3.9382716049382718 0.0060790273556231 0.037037037037037035
0 0.5466058763931104 3.9166666666666665 0.005065856129685917 0.043209876543209874
0 0.5552178318135765 3.935185185185185 0.010131712259371834 0.06790123456790123
0 0.6281661600810537 4.0092592592592595 0.016210739614994935 0.11728395061728394
0 0.6403242147923 3.990740740740741 0.016210739614994935 0.10493827160493827
0 0.6408308004052685 3.978395061728395 0.015197568389057751 0.10493827160493827
0 0.6793313069908815 3.9722222222222223 0.013171225937183385 0.11728395061728394
0 0.7051671732522796 3.993827160493827 0.014184397163120567 0.09876543209876543
0 0.6960486322188449 3.861111111111111 0.0060790273556231 0.043209876543209874
0 0.6762917933130699 3.7839506172839505 0.00911854103343465 0.06172839506172839
0 0.6778115501519757 3.978395061728395 0.016210739614994935 0.10493827160493827
0 0.720871327254306 3.9444444444444446 0.013171225937183385 0.09876543209876543
0 0.732016210739615 3.873456790123457 0.005065856129685917 0.030864197530864196
0 0.7391084093211753 3.9753086419753085 0.015197568389057751 0.09876543209876543
0 0.7654508611955421 3.9290123456790123 0.013171225937183385 0.09259259259259259
0 0.7958459979736575 3.984567901234568 0.02127659574468085 0.15432098765432098
0 0.8257345491388045 4.0092592592592595 0.0182370820668693 0.10493827160493827
0 0.8956433637284701 3.9104938271604937 0.0182370820668693 0.12962962962962962
0 0.89209726443769 3.984567901234568 0.015197568389057751 0.09259259259259259
0 0.898176291793313 3.9104938271604937 0.02127659574468085 0.1419753086419753
0 0.8748733535967579 3.753086419753086 0.011144883485309016 0.07407407407407407
0 0.9179331306990881 4.25 0.0364741641337386 0.7222222222222222
0 0.9609929078014184 4.0246913580246915 0.037487335359675786 0.2839506172839506
0 1.0005065856129687 3.817901234567901 0.02127659574468085 0.1419753086419753
0 1.027355623100304 3.861111111111111 0.016210739614994935 0.11728395061728394
0 0.9812563323201621 3.861111111111111 0.011144883485309016 0.06790123456790123
0 0.9250253292806484 3.8364197530864197 0.0060790273556231 0.043209876543209874
0 0.9326241134751773 3.8981481481481484 0.011144883485309016 0.06790123456790123
0 0.9726443768996961 3.8641975308641974 0.0121580547112462 0.08641975308641975
0 0.5329280648429585 3.9691358024691357 0.0121580547112462 0.09876543209876543
