0 0.028918692372170998 1.2389937106918238 0.004191114836546521 0.012578616352201259
0 0.03730092204526404 1.228511530398323 0.004191114836546521 0.012578616352201259
0 0.2573344509639564 1.419287211740042 0.006705783738474434 0.016771488469601678
0 0.39815590947191953 1.4109014675052411 0.013411567476948869 0.041928721174004195
0 0.3989941324392288 1.4140461215932913 0.010058675607711651 0.023060796645702306
0 0.4124056999161777 1.4109014675052411 0.010058675607711651 0.029350104821802937
0 0.432523051131601 1.4150943396226414 0.008382229673093043 0.025157232704402517
0 0.45473595976529757 1.4224318658280923 0.009220452640402346 0.027253668763102725
0 0.4538977367979883 1.39937106918239 0.009220452640402346 0.023060796645702306
0 0.4840737636211232 1.4035639412997905 0.0075440067057837385 0.023060796645702306
0 0.49161777032690696 1.4056603773584906 0.009220452640402346 0.031446540880503145
0 0.5016764459346186 1.4088050314465408 0.012573344509639563 0.033542976939203356
0 0.5377200335289187 1.4067085953878407 0.0075440067057837385 0.025157232704402517
0 0.5746018440905281 1.3857442348008386 0.012573344509639563 0.033542976939203356
0 0.5825649622799665 1.3836477987421383 0.008382229673093043 0.020964360587002098
0 0.6269907795473596 1.371069182389937 0.01173512154233026 0.029350104821802937
0 0.7606873428331936 1.4077568134171907 0.01592623637887678 0.0440251572327044
0 0.7627829002514669 1.409853249475891 0.01173512154233026 0.03563941299790356
0 0.8822296730930428 1.5859538784067087 0.057837384744341996 0.39622641509433965
0 0.8780385582564962 1.421383647798742 0.01592623637887678 0.05870020964360587
0 0.8780385582564962 1.380503144654088 0.014249790444258172 0.03563941299790356
0 0.7791282481139983 0.7882599580712788 0.002514668901927913 0.008385744234800839
0 0.6257334450963956 1.2054507337526206 0.00586756077116513 0.012578616352201259
0 0.6119027661357921 1.2023060796645701 0.006705783738474434 0.018867924528301886
0 0.5984911986588433 1.2222222222222223 0.005029337803855826 0.012578616352201259
0 0.5909471919530596 1.2547169811320755 0.013411567476948869 0.07337526205450734
0 0.4639564124056999 1.209643605870021 0.004191114836546521 0.012578616352201259
0 0.48575020955574183 1.1813417190775681 0.00586756077116513 0.014675052410901468
0 0.5050293378038558 1.2243186582809225 0.004191114836546521 0.012578616352201259
0 0.5155071248952221 1.2064989517819706 0.006705783738474434 0.018867924528301886
0 0.5213746856663872 1.189727463312369 0.006705783738474434 0.018867924528301886
0 0.5377200335289187 1.2327044025157232 0.00586756077116513 0.016771488469601678
0 0.5440067057837384 1.269392033542977 0.010058675607711651 0.05241090146750524
0 0.5523889354568315 1.2442348008385744 0.006705783738474434 0.018867924528301886
0 0.5850796311818944 1.2054507337526206 0.006705783738474434 0.016771488469601678
0 0.5779547359597653 1.2348008385744236 0.014249790444258172 0.09643605870020965
0 0.5666387259010897 1.1981132075471699 0.005029337803855826 0.014675052410901468
0 0.557837384744342 1.2044025157232705 0.00586756077116513 0.014675052410901468
0 0.5519698239731768 1.2044025157232705 0.00586756077116513 0.014675052410901468
0 0.5427493713327746 1.20125786163522 0.00586756077116513 0.012578616352201259
