0 0.5559167750325098 0.9137931034482759 0.01950585175552666 0.02848575712143928
0 0.6352405721716515 0.9130434782608695 0.016905071521456438 0.0239880059970015
0 0.5903771131339401 0.9152923538230885 0.018205461638491547 0.022488755622188907
0 0.606631989596879 0.9287856071964018 0.011703511053315995 0.013493253373313344
0 0.5929778933680104 0.9137931034482759 0.018205461638491547 0.022488755622188907
0 0.611183355006502 0.9145427286356822 0.013003901170351105 0.017991004497751123
0 0.5364109232769831 0.9130434782608695 0.014304291287386216 0.020989505247376312
0 0.9063719115734721 0.9505247376311844 0.02340702210663199 0.020989505247376312
0 0.27308192457737324 0.9602698650674663 0.010403120936280884 0.013493253373313344
0 0.2503250975292588 0.9685157421289355 0.009102730819245773 0.01199400299850075
0 0.2516254876462939 0.9497751124437781 0.009102730819245773 0.010494752623688156
0 0.2743823146944083 0.9437781109445277 0.010403120936280884 0.010494752623688156
0 0.1788036410923277 0.9992503748125937 0.009102730819245773 0.013493253373313344
0 0.14629388816644995 0.9932533733133433 0.009102730819245773 0.013493253373313344
0 0.033810143042912875 1.0029985007496252 0.005201560468140442 0.005997001499250375
0 0.022106631989596878 1.0044977511244377 0.005201560468140442 0.005997001499250375
0 0.013003901170351105 1.0089955022488755 0.005201560468140442 0.005997001499250375
0 0.1625487646293888 0.9895052473763118 0.005201560468140442 0.005997001499250375
