0 0.22576530612244897 1.304421768707483 0.08163265306122448 0.24149659863945577
0 0.24362244897959184 1.3180272108843538 0.04336734693877551 0.13945578231292516
0 0.07716836734693877 1.3758503401360545 0.029336734693877552 0.0782312925170068
0 0.05994897959183673 1.316326530612245 0.02806122448979592 0.10204081632653061
0 -0.003826530612244898 1.2227891156462585 0.03571428571428571 0.1326530612244898
0 0.08035714285714286 1.217687074829932 0.02806122448979592 0.08843537414965986
0 0.11288265306122448 1.2125850340136055 0.029336734693877552 0.08503401360544217
0 0.1798469387755102 1.1904761904761905 0.025510204081632654 0.09523809523809523
0 0.26339285714285715 1.0952380952380953 0.021683673469387755 0.05442176870748299
0 0.27168367346938777 1.1071428571428572 0.015306122448979591 0.05102040816326531
0 0.22448979591836735 1.0629251700680271 0.02295918367346939 0.06462585034013606
0 0.20408163265306123 1.0595238095238095 0.02040816326530612 0.05782312925170068
0 0.35714285714285715 1.0510204081632653 0.015306122448979591 0.047619047619047616
0 0.3207908163265306 1.0238095238095237 0.01403061224489796 0.05442176870748299
0 0.2895408163265306 1.034013605442177 0.015306122448979591 0.047619047619047616
0 0.44387755102040816 1.2329931972789117 0.04591836734693878 0.14625850340136054
0 0.5369897959183674 1.2091836734693877 0.03571428571428571 0.1054421768707483
0 0.4343112244897959 1.1564625850340136 0.03188775510204082 0.10204081632653061
0 0.39221938775510207 1.1445578231292517 0.021683673469387755 0.0782312925170068
0 0.48596938775510207 1.16156462585034 0.025510204081632654 0.0782312925170068
0 0.5082908163265306 1.1649659863945578 0.02423469387755102 0.0782312925170068
0 0.46811224489795916 1.1071428571428572 0.02040816326530612 0.06462585034013606
0 0.48788265306122447 1.098639455782313 0.02423469387755102 0.08163265306122448
0 0.6441326530612245 1.227891156462585 0.04081632653061224 0.11564625850340136
0 0.5752551020408163 1.0799319727891157 0.025510204081632654 0.08503401360544217
0 0.5542091836734694 1.0034013605442176 0.01403061224489796 0.04081632653061224
0 0.6071428571428571 1.098639455782313 0.02295918367346939 0.06802721088435375
0 0.6001275510204082 1.0153061224489797 0.01403061224489796 0.04421768707482993
0 0.6492346938775511 1.1139455782312926 0.02295918367346939 0.07142857142857142
0 0.6639030612244898 1.0612244897959184 0.021683673469387755 0.07482993197278912
0 0.6900510204081632 1.0680272108843538 0.012755102040816327 0.034013605442176874
0 0.7053571428571429 1.183673469387755 0.03571428571428571 0.1360544217687075
0 0.7283163265306123 1.183673469387755 0.02806122448979592 0.09523809523809523
0 0.7270408163265306 1.0765306122448979 0.02040816326530612 0.06462585034013606
0 0.7346938775510204 0.9965986394557823 0.012755102040816327 0.04081632653061224
0 0.7072704081632653 1.0204081632653061 0.01403061224489796 0.047619047619047616
0 0.8086734693877551 1.2414965986394557 0.03316326530612245 0.10204081632653061
0 0.8871173469387755 1.2091836734693877 0.036989795918367346 0.1054421768707483
0 0.9209183673469388 1.248299319727891 0.03571428571428571 0.10204081632653061
0 0.9591836734693877 1.1411564625850341 0.03826530612244898 0.1054421768707483
0 0.90625 1.0952380952380953 0.01913265306122449 0.05442176870748299
0 0.8590561224489796 1.0901360544217686 0.01913265306122449 0.06462585034013606
0 0.8201530612244898 1.066326530612245 0.02295918367346939 0.07142857142857142
0 0.8960459183673469 1.0425170068027212 0.011479591836734694 0.030612244897959183
