0 0.9431306306306306 1.2842105263157895 0.041666666666666664 0.05146198830409357
0 0.9588963963963963 1.264327485380117 0.028153153153153154 0.03742690058479532
0 0.7657657657657657 1.219298245614035 0.04054054054054054 0.05263157894736842
0 0.7353603603603603 1.234502923976608 0.02702702702702703 0.03859649122807018
0 0.5236486486486487 1.2982456140350878 0.06981981981981981 0.07953216374269007
0 0.6227477477477478 1.2309941520467835 0.04054054054054054 0.050292397660818715
0 0.5157657657657657 1.2309941520467835 0.04279279279279279 0.050292397660818715
0 0.5016891891891891 0.9976608187134502 0.028153153153153154 0.03274853801169591
0 0.5737612612612613 0.9339181286549708 0.03265765765765766 0.03625730994152047
0 0.48592342342342343 0.9485380116959065 0.0259009009009009 0.03508771929824561
0 0.5495495495495496 0.7508771929824561 0.02027027027027027 0.021052631578947368
0 0.4797297297297297 0.7257309941520468 0.018018018018018018 0.026900584795321637
0 0.48761261261261263 0.6771929824561403 0.018018018018018018 0.023391812865497075
0 0.49042792792792794 0.47953216374269003 0.010135135135135136 0.011695906432748537
0 0.4786036036036036 0.47485380116959064 0.01126126126126126 0.014035087719298246
0 0.46959459459459457 0.4789473684210526 0.009009009009009009 0.010526315789473684
0 0.4622747747747748 0.4988304093567251 0.010135135135135136 0.012865497076023392
0 0.44256756756756754 0.4976608187134503 0.009009009009009009 0.010526315789473684
0 0.42736486486486486 0.4783625730994152 0.012387387387387387 0.014035087719298246
0 0.38400900900900903 0.47485380116959064 0.013513513513513514 0.014035087719298246
0 0.3969594594594595 0.49122807017543857 0.012387387387387387 0.016374269005847954
0 0.38006756756756754 0.5239766081871345 0.012387387387387387 0.016374269005847954
0 0.3158783783783784 0.6046783625730994 0.016891891891891893 0.021052631578947368
0 0.3384009009009009 0.6152046783625731 0.016891891891891893 0.023391812865497075
0 0.2882882882882883 0.6730994152046783 0.018018018018018018 0.02456140350877193
0 0.32826576576576577 0.7011695906432749 0.016891891891891893 0.02456140350877193
0 0.2545045045045045 0.7269005847953216 0.02027027027027027 0.031578947368421054
0 0.31813063063063063 0.7461988304093568 0.021396396396396396 0.028070175438596492
0 0.20833333333333334 0.8783625730994152 0.02702702702702703 0.03742690058479532
0 0.21565315315315314 0.9625730994152046 0.0259009009009009 0.03976608187134503
0 0.26576576576576577 0.9777777777777777 0.02702702702702703 0.03742690058479532
0 0.05405405405405406 1.2011695906432749 0.038288288288288286 0.04912280701754386
0 0.17342342342342343 1.2678362573099415 0.04954954954954955 0.06315789473684211
0 0.006193693693693694 1.4210526315789473 0.06644144144144144 0.08187134502923976
0 0.3400900900900901 0.6584795321637427 0.018018018018018018 0.023391812865497075
0 0.22184684684684686 0.7818713450292397 0.02252252252252252 0.03391812865497076
