0 0.2647527910685805 1.2743362831858407 0.04784688995215311 0.17699115044247787
0 0.3620414673046252 1.261061946902655 0.051036682615629984 0.168141592920354
0 0.4688995215311005 1.2544247787610618 0.051036682615629984 0.16371681415929204
0 0.5701754385964912 1.2721238938053097 0.0430622009569378 0.15486725663716813
0 0.6674641148325359 1.2898230088495575 0.0430622009569378 0.16371681415929204
0 0.7527910685805422 1.2986725663716814 0.051036682615629984 0.14601769911504425
0 0.8381180223285486 1.2743362831858407 0.046251993620414676 0.1592920353982301
0 0.9425837320574163 1.2455752212389382 0.051036682615629984 0.17256637168141592
0 1.0446570972886762 1.2323008849557522 0.051036682615629984 0.16371681415929204
0 1.1523125996810208 1.2566371681415929 0.05263157894736842 0.17699115044247787
0 1.1945773524720893 0.8694690265486725 0.04784688995215311 0.16371681415929204
0 1.0637958532695375 0.8694690265486725 0.04784688995215311 0.16371681415929204
0 0.9545454545454546 0.6924778761061947 0.0430622009569378 0.13716814159292035
0 0.8532695374800638 0.7146017699115044 0.04784688995215311 0.16371681415929204
0 0.748006379585327 0.7300884955752213 0.044657097288676235 0.168141592920354
0 0.6682615629984051 0.754424778761062 0.04784688995215311 0.16371681415929204
0 0.5661881977671451 0.7300884955752213 0.044657097288676235 0.1504424778761062
0 0.46730462519936206 0.7035398230088495 0.044657097288676235 0.1592920353982301
0 0.3628389154704944 0.8650442477876106 0.046251993620414676 0.15486725663716813
0 0.2543859649122807 0.8761061946902655 0.049441786283891544 0.17699115044247787
0 0.23843700159489634 0.5221238938053098 0.03987240829346093 0.1415929203539823
0 0.35406698564593303 0.5154867256637168 0.04146730462519936 0.14601769911504425
0 0.43301435406698563 0.5 0.0430622009569378 0.1592920353982301
0 0.5215311004784688 0.48451327433628316 0.03827751196172249 0.14601769911504425
0 0.6220095693779905 0.497787610619469 0.04146730462519936 0.14601769911504425
0 0.7145135566188198 0.4823008849557522 0.044657097288676235 0.1592920353982301
0 0.8022328548644339 0.4491150442477876 0.04146730462519936 0.15486725663716813
0 0.8947368421052632 0.49336283185840707 0.04146730462519936 0.13716814159292035
0 0.9936204146730463 0.4823008849557522 0.04146730462519936 0.1415929203539823
0 1.0813397129186604 0.497787610619469 0.04146730462519936 0.13716814159292035
0 1.1770334928229664 0.5553097345132744 0.044657097288676235 0.14601769911504425
