0 0.595108695652174 2.0935483870967744 0.04891304347826087 0.2
0 0.6911231884057971 2.054838709677419 0.04891304347826087 0.2129032258064516
0 0.7789855072463768 2.074193548387097 0.050724637681159424 0.22580645161290322
0 0.8831521739130435 2.0806451612903225 0.04528985507246377 0.2129032258064516
0 0.9818840579710145 2.0806451612903225 0.050724637681159424 0.2
0 1.0797101449275361 2.0387096774193547 0.050724637681159424 0.23225806451612904
0 1.2128623188405796 2.087096774193548 0.04891304347826087 0.22580645161290322
0 1.3242753623188406 2.003225806451613 0.05434782608695652 0.2129032258064516
0 1.4429347826086956 2.0387096774193547 0.05253623188405797 0.23225806451612904
0 1.5108695652173914 2.0129032258064514 0.057971014492753624 0.23225806451612904
0 0.5606884057971014 1.8838709677419354 0.041666666666666664 0.18064516129032257
0 0.6304347826086957 1.9 0.043478260869565216 0.16129032258064516
0 0.7164855072463768 1.8580645161290323 0.03804347826086957 0.18064516129032257
0 0.7989130434782609 1.8290322580645162 0.043478260869565216 0.17419354838709677
0 0.9211956521739131 1.7129032258064516 0.041666666666666664 0.17419354838709677
0 0.9927536231884058 1.7032258064516128 0.03985507246376811 0.18064516129032257
0 1.0661231884057971 1.7161290322580645 0.041666666666666664 0.16774193548387098
0 1.1458333333333333 1.664516129032258 0.041666666666666664 0.18064516129032257
0 1.2382246376811594 1.6774193548387097 0.041666666666666664 0.18064516129032257
0 1.3106884057971016 1.770967741935484 0.03804347826086957 0.1870967741935484
0 1.372282608695652 1.6451612903225807 0.04528985507246377 0.18064516129032257
0 0.5697463768115942 1.3129032258064517 0.030797101449275364 0.13548387096774195
0 0.6865942028985508 1.3258064516129033 0.03260869565217391 0.13548387096774195
0 0.6340579710144928 1.3387096774193548 0.03260869565217391 0.13548387096774195
0 0.7481884057971014 1.3516129032258064 0.028985507246376812 0.13548387096774195
0 0.8016304347826086 1.3612903225806452 0.030797101449275364 0.12903225806451613
0 0.8541666666666666 1.3806451612903226 0.02717391304347826 0.12903225806451613
0 0.9112318840579711 1.3774193548387097 0.028985507246376812 0.13548387096774195
0 0.9619565217391305 1.403225806451613 0.028985507246376812 0.13548387096774195
0 1.0081521739130435 1.4387096774193548 0.02717391304347826 0.12903225806451613
0 1.0525362318840579 1.396774193548387 0.028985507246376812 0.12258064516129032
0 1.1032608695652173 1.3838709677419354 0.028985507246376812 0.13548387096774195
0 1.1603260869565217 1.3096774193548386 0.030797101449275364 0.15483870967741936
0 1.2309782608695652 1.303225806451613 0.030797101449275364 0.14193548387096774
0 1.2943840579710144 1.2967741935483872 0.030797101449275364 0.12903225806451613
0 1.348731884057971 1.267741935483871 0.030797101449275364 0.13548387096774195
