0 0.041499713795077275 0.9441805225653207 0.01316542644533486 0.05938242280285035
0 0.16256439610761306 1.1425178147268409 0.07784773898111047 0.40380047505938244
0 0.25271894676588436 1.182897862232779 0.07498568975386377 0.40380047505938244
0 0.4009730967372639 1.1092636579572446 0.0658271322266743 0.3847980997624703
0 0.5317687464224384 1.1258907363420427 0.06639954207212365 0.37054631828978624
0 0.6568402976531197 0.9893111638954869 0.07498568975386377 0.38717339667458434
0 0.8105323411562679 1.175771971496437 0.0767029192902118 0.4085510688836104
0 0.8992558672009159 1.002375296912114 0.07441327990841443 0.39429928741092635
0 0.996565540927304 1.131828978622328 0.0767029192902118 0.39667458432304037
0 0.9167143674871208 0.5973871733966746 0.0658271322266743 0.33016627078384797
0 0.8108185460789925 0.6068883610451307 0.06010303377218088 0.31116389548693585
0 0.6971951917572983 0.5570071258907363 0.057240984544934176 0.33016627078384797
0 0.5735546651402404 0.6448931116389549 0.05609616485403549 0.3254156769596199
0 0.4627933600457928 0.5914489311163895 0.057813394390383514 0.32304038004750596
0 0.3477389811104751 0.5807600950118765 0.061247853463079566 0.3491686460807601
0 0.25014310246136234 0.5712589073634204 0.06639954207212365 0.37292161520190026
0 0.13680595306239268 0.6033254156769596 0.06754436176302232 0.36104513064133015
