0 0.026158445440956652 1.4242867593269934 0.023418036870951668 0.03218727139722019
0 0.04484304932735426 1.4345281638624725 0.02491280518186348 0.03950256035113387
0 0.07648231190832087 1.43050475493782 0.02142501245640259 0.025603511338697878
0 0.08445440956651719 1.453547915142648 0.02042850024912805 0.030724213606437453
0 0.09192825112107623 1.463057790782736 0.02242152466367713 0.030724213606437453
0 0.12356751370204284 1.4513533284564741 0.017937219730941704 0.029261155815654718
0 0.18659691081215746 1.3811265544989026 0.02242152466367713 0.03511338697878566
0 0.2314399601395117 1.365764447695684 0.02242152466367713 0.036576444769568395
0 0.2937219730941704 1.3950256035113386 0.02242152466367713 0.03950256035113387
0 0.3183856502242152 1.3767373811265544 0.025909317389138018 0.043891733723482075
0 0.3560039860488291 1.403803950256035 0.024414549078226207 0.048280907095830286
0 0.3597409068261086 1.3942940746159473 0.02092675635276532 0.038039502560351136
0 0.3589935226706527 1.393562545720556 0.030393622321873443 0.04681784930504755
0 0.40159441953163927 1.4915874177029993 0.008968609865470852 0.01755669348939283
0 0.4120577977080219 1.4846378931967812 0.007972097658196313 0.015362106803218726
0 0.4247633283507723 1.5190197512801755 0.02142501245640259 0.1075347476225311
0 0.4479322371699053 1.3979517190929043 0.019930244145490782 0.029261155815654718
0 0.4683607374190334 1.238478419897586 0.0229197807673144 0.036576444769568395
0 0.6940707523667164 1.3467446964155083 0.026905829596412557 0.03950256035113387
0 0.768061783756851 1.3639356254572055 0.028400597907324365 0.04901243599122165
0 0.7453911310413552 1.3445501097293344 0.02491280518186348 0.03950256035113387
0 0.9748380667663179 1.4696415508412581 0.05132037867463876 0.08193123628383321
