0 0.9917091836734694 0.9796163069544365 0.01913265306122449 0.03597122302158273
0 0.9177295918367347 0.9532374100719424 0.01913265306122449 0.045563549160671464
0 0.9196428571428571 0.9580335731414868 0.017857142857142856 0.03597122302158273
0 0.8539540816326531 0.9484412470023981 0.01403061224489796 0.03117505995203837
0 0.8054846938775511 0.947242206235012 0.011479591836734694 0.023980815347721823
0 0.7423469387755102 0.9580335731414868 0.01020408163265306 0.02158273381294964
0 0.7506377551020408 0.9532374100719424 0.008928571428571428 0.02158273381294964
0 0.7665816326530612 0.9616306954436451 0.01020408163265306 0.019184652278177457
0 0.6957908163265306 0.9796163069544365 0.011479591836734694 0.02158273381294964
0 0.7085459183673469 0.9556354916067147 0.011479591836734694 0.02158273381294964
0 0.670280612244898 0.9664268585131894 0.011479591836734694 0.023980815347721823
0 0.6454081632653061 0.9760191846522782 0.01020408163265306 0.019184652278177457
0 0.6256377551020408 0.9688249400479616 0.011479591836734694 0.023980815347721823
0 0.6020408163265306 0.960431654676259 0.01020408163265306 0.02158273381294964
0 0.5854591836734694 0.9748201438848921 0.01020408163265306 0.02158273381294964
0 0.5695153061224489 0.973621103117506 0.008928571428571428 0.019184652278177457
0 0.5599489795918368 0.9760191846522782 0.01020408163265306 0.019184652278177457
0 0.5465561224489796 0.9760191846522782 0.008928571428571428 0.019184652278177457
0 0.5197704081632653 0.9784172661870504 0.008928571428571428 0.023980815347721823
0 0.4942602040816326 0.9820143884892086 0.011479591836734694 0.02158273381294964
0 0.5044642857142857 0.9772182254196643 0.011479591836734694 0.02158273381294964
0 0.5350765306122449 0.9592326139088729 0.011479591836734694 0.023980815347721823
0 0.47831632653061223 0.9928057553956835 0.01020408163265306 0.019184652278177457
0 0.4247448979591837 0.973621103117506 0.01020408163265306 0.019184652278177457
0 0.39158163265306123 0.9820143884892086 0.012755102040816327 0.02158273381294964
0 0.4017857142857143 1.040767386091127 0.02040816326530612 0.13908872901678657
0 0.3565051020408163 0.9940047961630696 0.008928571428571428 0.016786570743405275
0 0.35012755102040816 0.988009592326139 0.006377551020408163 0.014388489208633094
0 0.3322704081632653 0.9832134292565947 0.006377551020408163 0.014388489208633094
0 0.31441326530612246 0.9844124700239808 0.008928571428571428 0.02158273381294964
0 0.3010204081632653 1.0299760191846523 0.02040816326530612 0.1079136690647482
0 0.2774234693877551 0.9928057553956835 0.006377551020408163 0.014388489208633094
0 0.23660714285714285 0.988009592326139 0.008928571428571428 0.014388489208633094
0 0.22130102040816327 0.9976019184652278 0.006377551020408163 0.014388489208633094
0 0.19770408163265307 1.0107913669064748 0.007653061224489796 0.016786570743405275
0 0.17410714285714285 0.9916067146282974 0.008928571428571428 0.016786570743405275
0 0.11224489795918367 1.0443645083932853 0.012755102040816327 0.06474820143884892
0 0.07270408163265306 1.0119904076738608 0.00510204081632653 0.009592326139088728
0 0.08737244897959184 1.0275779376498801 0.006377551020408163 0.011990407673860911
0 0.014668367346938776 1.0083932853717026 0.008928571428571428 0.016786570743405275
0 0.10522959183673469 1.0035971223021583 0.003826530612244898 0.007194244604316547
0 0.36989795918367346 0.9976019184652278 0.007653061224489796 0.014388489208633094
0 0.78125 0.9964028776978417 0.01913265306122449 0.08872901678657075
0 0.8341836734693877 0.9904076738609112 0.02295918367346939 0.10071942446043165
