0 0.9852801519468186 0.7358642972536349 0.03133903133903134 0.05977382875605816
0 0.7226970560303894 0.7164781906300485 0.01899335232668566 0.03715670436187399
0 0.6718898385565052 0.7116316639741519 0.018043684710351376 0.033925686591276254
0 0.6315289648622981 0.8037156704361874 0.017094017094017096 0.033925686591276254
0 0.5816714150047484 0.72859450726979 0.02184235517568851 0.03877221324717286
0 0.6035137701804368 0.7059773828756059 0.023741690408357077 0.03877221324717286
0 0.6258309591642925 0.7132471728594507 0.015194681861348529 0.033925686591276254
0 0.5565052231718899 0.7294022617124394 0.015194681861348529 0.024232633279483037
0 0.5688509021842355 0.6760904684975767 0.00949667616334283 0.014539579967689823
0 0.5493827160493827 0.6712439418416801 0.008547008547008548 0.017770597738287562
0 0.533713200379867 0.6849757673667205 0.011396011396011397 0.01938610662358643
0 0.5256410256410257 0.6801292407108239 0.008547008547008548 0.01615508885298869
0 0.4943019943019943 0.6882067851373183 0.014245014245014245 0.029079159935379646
0 0.5085470085470085 0.6696284329563813 0.008547008547008548 0.017770597738287562
0 0.5061728395061729 0.68578352180937 0.007597340930674264 0.014539579967689823
0 0.48338081671415006 0.722940226171244 0.017094017094017096 0.03715670436187399
0 0.44634377967711303 0.7084006462035541 0.020892687559354226 0.04038772213247173
0 0.4311490978157645 0.6995153473344103 0.013295346628679962 0.029079159935379646
0 0.41025641025641024 0.6962843295638126 0.015194681861348529 0.029079159935379646
0 0.37749287749287747 0.6987075928917609 0.016144349477682812 0.033925686591276254
0 0.3029439696106363 0.6655896607431341 0.007597340930674264 0.01615508885298869
0 0.27397910731244063 0.6688206785137318 0.010446343779677113 0.01938610662358643
0 0.23646723646723647 0.6607431340872375 0.00949667616334283 0.01615508885298869
0 0.22981956315289648 0.6615508885298869 0.00949667616334283 0.017770597738287562
0 0.21699905033238368 0.6558966074313409 0.008547008547008548 0.01615508885298869
0 0.20322886989553657 0.6647819063004846 0.00949667616334283 0.014539579967689823
0 0.1866096866096866 0.6655896607431341 0.012345679012345678 0.01938610662358643
0 0.14577397910731243 0.6672051696284329 0.010446343779677113 0.01615508885298869
0 0.14957264957264957 0.659935379644588 0.008547008547008548 0.0210016155088853
0 0.16619183285849953 0.6575121163166397 0.00949667616334283 0.01938610662358643
0 0.16144349477682812 0.7075928917609047 0.024691358024691357 0.045234248788368334
0 0.17758784425451093 0.7035541195476576 0.024691358024691357 0.046849757673667204
0 0.10208926875593542 0.6631663974151858 0.018043684710351376 0.033925686591276254
0 0.10113960113960115 0.6550888529886915 0.012345679012345678 0.0210016155088853
0 0.009971509971509971 0.6833602584814217 0.018043684710351376 0.035541195476575124
0 0.029439696106362774 0.68578352180937 0.015194681861348529 0.030694668820678513
0 0.11158594491927826 0.8909531502423264 0.02184235517568851 0.04038772213247173
0 0.12630579297245964 0.9216478190630049 0.04368471035137702 0.0888529886914378
0 0.16999050332383667 0.8537964458804523 0.04178537511870845 0.0888529886914378
0 0.18043684710351376 0.7988691437802908 0.03798670465337132 0.05977382875605816
0 0.2535612535612536 0.8982229402261712 0.039886039886039885 0.0840064620355412
0 0.27350427350427353 0.827140549273021 0.022792022792022793 0.048465266558966075
0 0.4278252611585945 0.8101777059773829 0.02564102564102564 0.04361873990306947
0 0.47530864197530864 0.8255250403877221 0.03323836657169991 0.07108239095315025
