0 0.6917808219178082 0.883480825958702 0.011591148577449948 0.038348082595870206
0 0.6707060063224447 0.8982300884955752 0.011591148577449948 0.038348082595870206
0 0.6664910432033719 0.9144542772861357 0.0136986301369863 0.038348082595870206
0 0.6504214963119073 0.8805309734513275 0.013171759747102213 0.0471976401179941
0 0.9807692307692307 1.0811209439528024 0.04794520547945205 0.16519174041297935
0 0.8400948366701791 1.0176991150442478 0.03635405690200211 0.12979351032448377
0 0.8348261327713382 0.9277286135693216 0.033192834562697573 0.10619469026548672
0 0.3814541622760801 0.9240412979351033 0.02528977871443625 0.07817109144542773
0 0.3424657534246575 0.8856932153392331 0.018967334035827187 0.06637168141592921
0 0.2602739726027397 0.8820058997050148 0.018967334035827187 0.05604719764011799
0 0.41201264488935724 0.859882005899705 0.018967334035827187 0.05604719764011799
0 0.0184404636459431 0.8421828908554573 0.0273972602739726 0.10029498525073746
0 0.031875658587987354 0.8473451327433629 0.02160168598524763 0.07817109144542773
0 0.10563751317175975 0.8679941002949852 0.03108535300316122 0.10176991150442478
0 0.13356164383561644 0.9196165191740413 0.030031612223393046 0.10766961651917405
0 0.18256059009483666 0.8915929203539823 0.02054794520547945 0.06637168141592921
0 0.21944151738672288 0.8856932153392331 0.01422550052687039 0.048672566371681415
0 0.23524762908324554 0.8997050147492626 0.015279241306638568 0.04424778761061947
