0 0.9862765406525117 1.8482944344703771 0.027446918694976695 0.12746858168761221
0 0.9482133609528741 2.002692998204668 0.038322112894873125 0.17055655296229802
0 0.9179181771103055 2.2324955116696588 0.061626100466079754 0.22800718132854578
0 0.8625064733298808 1.9865350089766607 0.03780424650440187 0.1526032315978456
0 0.9352667011910927 1.881508078994614 0.033143448990160536 0.12926391382405744
0 0.9412221646815122 1.9524236983842012 0.03469704816157431 0.13464991023339318
0 0.8803728638011393 1.926391382405745 0.026929052304505437 0.10412926391382406
0 0.8467115484205076 1.9497307001795332 0.027964785085447953 0.118491921005386
0 0.7944070429829104 1.9236983842010773 0.03003625064733299 0.12746858168761221
0 0.7602278612118073 2.063734290843806 0.03210771620921802 0.13824057450628366
0 0.7861211807353703 2.0412926391382404 0.03417918177110305 0.12926391382405744
0 0.5789746245468669 1.9820466786355475 0.050750906266183324 0.1651705565529623
0 0.6377524598653548 1.8384201077199283 0.02848265147591921 0.10771992818671454
0 0.7014500258933195 1.933572710951526 0.03676851372345935 0.1436265709156194
0 0.6716727084412222 1.8967684021543985 0.026929052304505437 0.10951526032315978
0 0.6595028482651476 1.8635547576301617 0.02019678922837908 0.0933572710951526
0 0.6139306059036769 1.8384201077199283 0.02330398757120663 0.10771992818671454
0 0.7216468151216986 1.9371633752244166 0.021232522009321596 0.11490125673249552
0 0.550233039875712 1.822262118491921 0.021232522009321596 0.11131059245960502
0 0.5165717244950803 1.8797127468581687 0.033661315380631794 0.12926391382405744
0 0.47643707923355777 1.9434470377019748 0.02900051786639047 0.12028725314183124
0 0.47229414810978765 1.829443447037702 0.021750388399792854 0.0933572710951526
0 0.4267219057483169 2.2190305206463194 0.03521491455204557 0.1651705565529623
0 0.290523045054376 2.1624775583482942 0.04557224236147074 0.2244165170556553
0 0.2172449508026929 2.0754039497307 0.03780424650440187 0.15080789946140036
0 0.09813568099430348 2.0242369838420107 0.03262558259968928 0.10951526032315978
0 0.07793889176592439 1.9605026929982046 0.03158984981874676 0.11490125673249552
0 0.16623511134127394 1.9138240574506284 0.033143448990160536 0.12208258527827648
0 0.20248575867426205 1.8285457809694794 0.02589331952356292 0.10233393177737882
0 0.23303987571206627 1.936265709156194 0.02589331952356292 0.10951526032315978
0 0.25220093215950284 1.8491921005385996 0.021750388399792854 0.09694793536804308
0 0.2762817193164164 1.9443447037701975 0.02848265147591921 0.11490125673249552
0 0.3171931641636458 1.874326750448833 0.0398757120662869 0.15798922800718132
0 0.3593992749870533 1.8509874326750448 0.023821853961677887 0.12208258527827648
0 0.3643190056965303 1.8491921005385996 0.029518384256861728 0.13644524236983843
0 0.3972035214914552 1.8635547576301617 0.024857586742620404 0.10771992818671454
0 0.44795442775763855 1.8491921005385996 0.027964785085447953 0.08976660682226212
0 0.40885551527705855 1.85278276481149 0.025375453133091662 0.11131059245960502
0 0.08829621957534955 1.8491921005385996 0.025375453133091662 0.10053859964093358
0 0.01605385810460901 1.8312387791741471 0.012428793371310202 0.0466786355475763
0 0.019419989642672192 1.7746858168761221 0.007767995857068877 0.03052064631956912
0 0.025375453133091662 1.7450628366247756 0.008285862247540134 0.03231597845601436
0 0.059036768513723456 1.7459605026929983 0.0072501294665976174 0.02333931777378815
0 0.07638529259451061 1.7378815080789947 0.008803728638011392 0.03590664272890485
0 0.10124287933713103 1.7719928186714542 0.007767995857068877 0.02872531418312388
0 0.1108234075608493 1.770197486535009 0.004142931123770067 0.01436265709156194
0 0.11548420507509062 1.7648114901256733 0.008285862247540134 0.03231597845601436
0 0.13309166235111342 1.689407540394973 0.006214396685655101 0.025134649910233394
0 0.1400828586224754 1.7100538599640933 0.006732263076126359 0.03052064631956912
0 0.15484205075090626 1.7127468581687613 0.0072501294665976174 0.02872531418312388
0 0.15743138270326257 1.6418312387791743 0.006214396685655101 0.02333931777378815
0 0.19212843086483689 1.64721723518851 0.005178663904712584 0.019748653500897665
0 0.1993785603314345 1.6858168761220826 0.006214396685655101 0.025134649910233394
0 0.21439668565510098 1.6552962298025136 0.006214396685655101 0.02872531418312388
0 0.19186949766960124 1.6247755834829443 0.004660797514241326 0.017953321364452424
0 0.19989642672190575 1.632854578096948 0.004142931123770067 0.01615798922800718
0 0.21387881926462973 1.628366247755835 0.004142931123770067 0.017953321364452424
0 0.24650440186431902 1.6714542190305206 0.006214396685655101 0.025134649910233394
0 0.009580528223718281 1.5861759425493716 0.004660797514241326 0.01615798922800718
0 0.015018125323666495 1.5996409335727109 0.004142931123770067 0.01436265709156194
0 0.022009321595028483 1.5906642728904847 0.0036250647332988087 0.017953321364452424
0 0.04867944070429829 1.5933572710951527 0.004142931123770067 0.012567324955116697
0 0.04893837389953392 1.5834829443447038 0.0036250647332988087 0.010771992818671455
0 0.05696530295183842 1.6023339317773788 0.004142931123770067 0.01615798922800718
0 0.06317969963749352 1.5861759425493716 0.004142931123770067 0.019748653500897665
0 0.07068876229932677 1.5933572710951527 0.004660797514241326 0.01615798922800718
0 0.08363542206110823 1.5888689407540395 0.0036250647332988087 0.01436265709156194
0 0.11393060590367685 1.5538599640933572 0.004142931123770067 0.01615798922800718
0 0.13930605903676851 1.5933572710951527 0.0031071983428275505 0.012567324955116697
0 0.14655618850336613 1.5798922800718134 0.004142931123770067 0.01436265709156194
0 0.15743138270326257 1.5789946140035906 0.004142931123770067 0.012567324955116697
0 0.1711548420507509 1.5727109515260322 0.004660797514241326 0.017953321364452424
0 0.19186949766960124 1.6265709156193895 0.004660797514241326 0.017953321364452424
0 0.20611082340756084 1.6247755834829443 0.005178663904712584 0.017953321364452424
0 0.20196789228379078 1.611310592459605 0.005178663904712584 0.019748653500897665
0 0.2532366649404454 1.5843806104129263 0.004142931123770067 0.01615798922800718
0 0.32677369238736403 1.5834829443447038 0.004142931123770067 0.01436265709156194
0 0.3047643707923356 1.5529622980251347 0.0036250647332988087 0.010771992818671455
0 0.30994303469704815 1.5538599640933572 0.0036250647332988087 0.012567324955116697
0 0.276540652511652 1.5197486535008977 0.0020714655618850335 0.008976660682226212
0 0.28197824961160023 1.5125673249551166 0.002589331952356292 0.008976660682226212
0 0.3314344899016054 1.5583482944344704 0.0031071983428275505 0.01436265709156194
0 0.324702226825479 1.5700179533213645 0.0031071983428275505 0.012567324955116697
0 0.33972035214914553 1.53770197486535 0.0031071983428275505 0.008976660682226212
0 0.3345416882444329 1.5430879712746859 0.0031071983428275505 0.008976660682226212
0 0.32573795960642155 1.5448833034111311 0.0031071983428275505 0.008976660682226212
0 0.329621957534956 1.5466786355475763 0.002589331952356292 0.008976660682226212
0 0.31046090108751945 1.5197486535008977 0.002589331952356292 0.008976660682226212
0 0.44122216468151215 1.507181328545781 0.0020714655618850335 0.008976660682226212
0 0.44432936302433973 1.5 0.0020714655618850335 0.008976660682226212
0 0.45339202485758673 1.5044883303411132 0.002589331952356292 0.010771992818671455
0 0.46038322112894875 1.530520646319569 0.004142931123770067 0.04129263913824058
0 0.4658208182288969 1.497307001795332 0.002589331952356292 0.00718132854578097
0 0.4686690833764889 1.5053859964093357 0.0020714655618850335 0.008976660682226212
0 0.47099948213360954 1.5233393177737882 0.008803728638011392 0.059245960502693
0 0.49326773692387366 1.5008976660682227 0.002589331952356292 0.010771992818671455
0 0.5093215950284826 1.4982046678635548 0.002589331952356292 0.008976660682226212
0 0.5126877265665458 1.511669658886894 0.0020714655618850335 0.00718132854578097
0 0.5178663904712584 1.5233393177737882 0.004142931123770067 0.05206463195691203
0 0.520973588814086 1.5251346499102334 0.004142931123770067 0.04847396768402154
0 0.5253754531330916 1.5080789946140036 0.002589331952356292 0.00718132854578097
0 0.5271879854997411 1.5269299820466786 0.004142931123770067 0.04847396768402154
0 0.5295183842568617 1.5224416517055654 0.0036250647332988087 0.05385996409335727
0 0.5328845157949249 1.502692998204668 0.0020714655618850335 0.00718132854578097
0 0.8249611600207146 1.6166965888689409 0.006214396685655101 0.02333931777378815
0 0.880631796996375 1.7064631956912029 0.006732263076126359 0.02333931777378815
0 0.9142931123770067 1.6903052064631956 0.007767995857068877 0.03052064631956912
0 0.9572760227861212 1.7199281867145422 0.008803728638011392 0.03231597845601436
0 0.9779906784049716 1.7244165170556554 0.008803728638011392 0.026929982046678635
0 0.9619368203003625 1.559245960502693 0.004660797514241326 0.01615798922800718
0 0.7801657172449508 1.663375224416517 0.005696530295183843 0.019748653500897665
0 0.7281201450025894 1.6274685816876122 0.004142931123770067 0.01615798922800718
0 0.7206110823407561 1.6651705565529622 0.0036250647332988087 0.012567324955116697
0 0.7529777317452098 1.6086175942549372 0.005178663904712584 0.017953321364452424
0 0.7897462454686691 1.595152603231598 0.004142931123770067 0.01615798922800718
0 0.7801657172449508 1.5789946140035906 0.004660797514241326 0.01615798922800718
0 0.8259968928016572 1.5628366247755834 0.004142931123770067 0.01615798922800718
0 0.8379078197824961 1.5691202872531418 0.0031071983428275505 0.010771992818671455
0 0.8415328845157949 1.5646319569120288 0.0031071983428275505 0.012567324955116697
0 0.8474883480062144 1.5601436265709157 0.0036250647332988087 0.010771992818671455
0 0.8555152770585189 1.5574506283662477 0.0031071983428275505 0.012567324955116697
0 0.8601760745727602 1.5700179533213645 0.004142931123770067 0.012567324955116697
0 0.8713102019678923 1.5628366247755834 0.004660797514241326 0.01615798922800718
0 0.8780424650440186 1.5511669658886893 0.0036250647332988087 0.01436265709156194
0 0.8935784567581564 1.5601436265709157 0.0036250647332988087 0.010771992818671455
0 0.8992749870533402 1.5574506283662477 0.004660797514241326 0.019748653500897665
0 0.9155877783531848 1.5610412926391382 0.004142931123770067 0.01615798922800718
0 0.822630761263594 1.497307001795332 0.004660797514241326 0.04308797127468582
0 0.8270326255825997 1.4775583482944346 0.0020714655618850335 0.00718132854578097
0 0.7977731745209736 1.5 0.002589331952356292 0.008976660682226212
0 0.7516830657690315 1.478456014362657 0.002589331952356292 0.008976660682226212
0 0.7260486794407043 1.4982046678635548 0.0020714655618850335 0.008976660682226212
0 0.7224236147074055 1.533213644524237 0.0031071983428275505 0.010771992818671455
0 0.7187985499741066 1.5574506283662477 0.0031071983428275505 0.012567324955116697
0 0.7151734852408079 1.5448833034111311 0.004142931123770067 0.012567324955116697
0 0.7087001553599171 1.5933572710951527 0.007767995857068877 0.09874326750448834
0 0.7050750906266183 1.563734290843806 0.0036250647332988087 0.01436265709156194
0 0.6939409632314862 1.5655296229802513 0.004142931123770067 0.01436265709156194
0 0.6970481615743138 1.5655296229802513 0.004142931123770067 0.01436265709156194
0 0.6786639047125842 1.5843806104129263 0.011910926980838944 0.10951526032315978
0 0.6716727084412222 1.5556552962298025 0.0031071983428275505 0.012567324955116697
0 0.5409114448472294 1.4605026929982046 0.002589331952356292 0.008976660682226212
0 0.5445365095805282 1.478456014362657 0.004660797514241326 0.04488330341113106
0 0.5481615743138271 1.4838420107719927 0.0036250647332988087 0.026929982046678635
0 0.5510098394614189 1.4739676840215439 0.0020714655618850335 0.00718132854578097
0 0.21439668565510098 1.5107719928186714 0.0020714655618850335 0.008976660682226212
0 0.2180217503883998 1.5017953321364452 0.0031071983428275505 0.008976660682226212
0 0.2421025375453133 1.5080789946140036 0.002589331952356292 0.010771992818671455
0 0.24262040393578457 1.492818671454219 0.0015535991714137752 0.005385996409335727
0 0.25116519937856036 1.4901256732495511 0.0020714655618850335 0.00718132854578097
0 0.4549456240290005 1.459605026929982 0.002589331952356292 0.010771992818671455
0 0.47281201450025895 1.4560143626570916 0.0020714655618850335 0.00718132854578097
0 0.4785085447954428 1.4578096947935368 0.0020714655618850335 0.00718132854578097
0 0.49611600207146556 1.4605026929982046 0.0020714655618850335 0.008976660682226212
0 0.5142413257379596 1.4631956912028725 0.0020714655618850335 0.00718132854578097
0 0.5212325220093216 1.4551166965888689 0.0015535991714137752 0.005385996409335727
0 0.5813050233039876 1.4470377019748653 0.0036250647332988087 0.02872531418312388
0 0.5867426204039358 1.4461400359066428 0.0031071983428275505 0.03052064631956912
0 0.5911444847229415 1.4461400359066428 0.0036250647332988087 0.026929982046678635
0 0.6009839461418954 1.450628366247756 0.0036250647332988087 0.03231597845601436
0 0.6069394096323149 1.450628366247756 0.004142931123770067 0.03590664272890485
0 0.6820300362506473 1.4982046678635548 0.0031071983428275505 0.008976660682226212
0 0.6776281719316416 1.5053859964093357 0.002589331952356292 0.008976660682226212
0 0.6711548420507509 1.4982046678635548 0.0020714655618850335 0.008976660682226212
0 0.7286380113930606 1.4614003590664273 0.005178663904712584 0.025134649910233394
0 0.6149663386846194 1.4470377019748653 0.002589331952356292 0.025134649910233394
0 0.6188503366131538 1.4470377019748653 0.0031071983428275505 0.02872531418312388
0 0.6535473847747281 1.4434470377019748 0.0031071983428275505 0.02872531418312388
0 0.6623511134127396 1.4461400359066428 0.0031071983428275505 0.026929982046678635
0 0.6703780424650441 1.4443447037701975 0.0036250647332988087 0.03052064631956912
0 0.7954427757638529 1.5727109515260322 0.0031071983428275505 0.010771992818671455
0 0.790523045054376 1.570915619389587 0.0036250647332988087 0.010771992818671455
0 0.7868979803210772 1.563734290843806 0.0036250647332988087 0.01436265709156194
0 0.5038839979285344 1.4560143626570916 0.0020714655618850335 0.00718132854578097
0 0.4572760227861212 1.4793536804308798 0.004142931123770067 0.0466786355475763
0 0.46090108751942 1.4614003590664273 0.0020714655618850335 0.00718132854578097
0 0.4653029518384257 1.4766606822262118 0.004660797514241326 0.04847396768402154
0 0.46970481615743137 1.4739676840215439 0.004142931123770067 0.05026929982046679
0 0.49922320041429313 1.481149012567325 0.005178663904712584 0.05385996409335727
0 0.06007250129466598 1.7217235188509874 0.005178663904712584 0.025134649910233394
0 0.07146556188503367 1.6929982046678635 0.005178663904712584 0.02154398563734291
0 0.10124287933713103 1.6938958707360863 0.006732263076126359 0.02333931777378815
