0 0.10934489402697495 0.45849802371541504 0.05876685934489403 0.26877470355731226
0 0.15510597302504817 0.47035573122529645 0.05009633911368015 0.2450592885375494
0 0.23314065510597304 0.40711462450592883 0.05202312138728324 0.23715415019762845
0 0.2451830443159923 0.3181818181818182 0.04527938342967245 0.21739130434782608
0 0.29335260115606937 0.3201581027667984 0.0394990366088632 0.20553359683794467
0 0.29624277456647397 1.08300395256917 0.049132947976878616 0.2450592885375494
0 0.3569364161849711 0.6205533596837944 0.04720616570327553 0.22134387351778656
0 0.3578998073217726 0.3359683794466403 0.0394990366088632 0.20553359683794467
0 0.3969171483622351 0.4683794466403162 0.038535645472061654 0.22529644268774704
0 0.40414258188824664 0.9861660079051383 0.041425818882466284 0.22529644268774704
0 0.4662813102119461 0.8932806324110671 0.04046242774566474 0.22924901185770752
0 0.5433526011560693 0.9841897233201581 0.04046242774566474 0.22134387351778656
0 0.4489402697495183 0.3300395256916996 0.036608863198458574 0.2015810276679842
0 0.49903660886319845 0.32608695652173914 0.03275529865125241 0.16205533596837945
0 0.5568400770712909 0.3794466403162055 0.036608863198458574 0.20553359683794467
0 0.5664739884393064 0.2885375494071146 0.028901734104046242 0.16600790513833993
0 0.596820809248555 0.4901185770750988 0.03371868978805395 0.18972332015810275
0 0.6122350674373795 0.40118577075098816 0.02601156069364162 0.1541501976284585
0 0.6647398843930635 0.541501976284585 0.03275529865125241 0.17391304347826086
0 0.6642581888246628 0.5454545454545454 0.03564547206165703 0.1976284584980237
0 0.7456647398843931 0.5810276679841897 0.04046242774566474 0.22924901185770752
0 0.7548169556840078 0.35968379446640314 0.03564547206165703 0.15810276679841898
0 0.8015414258188824 0.38537549407114624 0.030828516377649325 0.1541501976284585
0 0.8078034682080925 0.6442687747035574 0.03371868978805395 0.18972332015810275
0 0.8554913294797688 0.6245059288537549 0.03468208092485549 0.1976284584980237
0 0.8497109826589595 0.3932806324110672 0.030828516377649325 0.1541501976284585
0 0.9051059730250481 0.34980237154150196 0.029865125240847785 0.16205533596837945
0 0.9527938342967245 0.424901185770751 0.036608863198458574 0.16205533596837945
0 1.0110789980732178 0.4841897233201581 0.03371868978805395 0.16205533596837945
0 1.0708092485549132 0.6027667984189723 0.016377649325626204 0.06719367588932806
0 1.0592485549132948 0.5 0.010597302504816955 0.05138339920948617
