0 1.1767719897523483 0.9577656675749319 0.08198121263877028 0.3079019073569482
0 0.9850555081127241 0.9959128065395095 0.06917164816396243 0.3024523160762943
0 0.8108454312553374 1.008174386920981 0.06917164816396243 0.29427792915531337
0 0.6212638770281811 0.9632152588555858 0.08112724167378309 0.335149863760218
0 0.44278394534585824 0.9904632152588556 0.06917164816396243 0.29155313351498635
0 0.2557643040136635 1.0395095367847411 0.07600341588385995 0.3133514986376022
0 0.3522630230572161 0.4822888283378747 0.06746370623398805 0.2724795640326976
0 0.5320239111870196 0.3814713896457766 0.06660973526900085 0.2888283378746594
0 0.715200683176772 0.33787465940054495 0.07258753202391119 0.28337874659400547
0 0.8919726729291204 0.4264305177111717 0.06575576430401367 0.2970027247956403
0 1.0700256191289497 0.5408719346049047 0.06660973526900085 0.28610354223433243
