0 0.9815100154083205 1.99644128113879 0.01386748844375963 0.06405693950177936
0 0.9541602465331279 2.0373665480427046 0.016178736517719568 0.060498220640569395
0 0.922573189522342 2.092526690391459 0.011556240369799691 0.06405693950177936
0 0.926040061633282 2.101423487544484 0.012326656394453005 0.05338078291814947
0 0.7958397534668721 1.98932384341637 0.01848998459167951 0.10676156583629894
0 0.7761941448382126 1.9768683274021353 0.017719568567026195 0.09608540925266904
0 0.7715716486902927 1.9572953736654803 0.014637904468412942 0.08540925266903915
0 0.7407550077041603 2.01423487544484 0.011556240369799691 0.0498220640569395
0 0.6802773497688752 1.9110320284697508 0.01848998459167951 0.12099644128113879
0 0.710708782742681 1.905693950177936 0.020801232665639446 0.10320284697508897
0 0.6475346687211094 1.9768683274021353 0.00847457627118644 0.05338078291814947
0 0.673728813559322 1.9448398576512456 0.017719568567026195 0.08185053380782918
0 0.6914483821263482 1.9483985765124556 0.013097072419106317 0.07473309608540925
0 0.6036209553158706 1.9626334519572954 0.020801232665639446 0.1103202846975089
0 0.5735747303543913 1.9395017793594307 0.011556240369799691 0.0498220640569395
0 0.5843605546995377 1.9786476868327403 0.010015408320493066 0.05693950177935943
0 0.5647149460708782 1.9377224199288257 0.009244992295839754 0.05338078291814947
0 0.5546995377503852 1.9448398576512456 0.0061633281972265025 0.02491103202846975
0 0.5439137134052389 1.9697508896797153 0.01848998459167951 0.09608540925266904
0 0.5211864406779662 1.898576512455516 0.02234206471494607 0.1103202846975089
0 0.5007704160246533 1.9395017793594307 0.01848998459167951 0.099644128113879
0 0.47496147919876736 2.001779359430605 0.01926040061633282 0.09608540925266904
0 0.48112480739599384 1.9181494661921707 0.010015408320493066 0.0498220640569395
0 0.4306625577812018 1.9110320284697508 0.02157164869029276 0.12811387900355872
0 0.4036979969183359 1.916370106761566 0.01848998459167951 0.08185053380782918
0 0.3713405238828968 1.9181494661921707 0.01848998459167951 0.11387900355871886
0 0.35631741140215717 1.9501779359430604 0.020801232665639446 0.10676156583629894
0 0.3274268104776579 1.9644128113879002 0.01694915254237288 0.09252669039145907
0 0.3147149460708783 1.9946619217081851 0.02234206471494607 0.10320284697508897
0 0.27349768875192604 1.896797153024911 0.02465331278890601 0.13523131672597866
0 0.29468412942989214 1.9252669039145907 0.00847457627118644 0.0498220640569395
0 0.2014637904468413 1.9412811387900355 0.02234206471494607 0.11743772241992882
0 0.1406009244992296 2.1512455516014235 0.017719568567026195 0.10320284697508897
0 0.1687211093990755 1.9946619217081851 0.01694915254237288 0.08896797153024912
0 -0.0011556240369799693 2.005338078291815 0.020801232665639446 0.11743772241992882
