0 1.1183597390493942 4.845303867403315 0.014911463187325256 0.08839779005524862
0 1.1654240447343895 4.81767955801105 0.013979496738117428 0.08839779005524862
0 1.196178937558248 5.058011049723757 0.02516309412861137 0.1712707182320442
0 0.7646784715750233 5.044198895027624 0.017707362534948742 0.11049723756906077
0 0.7194780987884436 4.939226519337017 0.011183597390493943 0.09944751381215469
0 0.6383970177073626 4.828729281767956 0.0130475302889096 0.08839779005524862
0 0.6006523765144455 4.842541436464089 0.013979496738117428 0.09392265193370165
0 0.5647716682199441 4.834254143646409 0.016775396085740912 0.09944751381215469
0 0.5232991612301957 4.889502762430939 0.012115563839701771 0.06629834254143646
0 0.5219012115563839 4.759668508287293 0.009319664492078284 0.049723756906077346
0 0.5484622553588071 4.795580110497237 0.008387698042870456 0.055248618784530384
0 0.4315004659832246 4.787292817679558 0.01863932898415657 0.10497237569060773
0 0.4114631873252563 4.8259668508287294 0.017707362534948742 0.11602209944751381
0 0.40027958993476237 4.779005524861878 0.012115563839701771 0.08839779005524862
0 0.7166821994408201 4.723756906077348 0.011183597390493943 0.07734806629834254
