0 0.23592233009708738 0.8403010033444817 0.013592233009708738 0.015050167224080268
0 0.23398058252427184 0.9138795986622074 0.017475728155339806 0.01839464882943144
0 0.2504854368932039 0.8754180602006689 0.015533980582524271 0.015050167224080268
0 0.26019417475728157 0.8904682274247492 0.015533980582524271 0.015050167224080268
0 0.2757281553398058 0.9130434782608695 0.019417475728155338 0.013377926421404682
0 0.3 0.8821070234113713 0.009708737864077669 0.008361204013377926
0 0.31844660194174756 0.8821070234113713 0.011650485436893204 0.011705685618729096
0 0.3572815533980582 0.8896321070234113 0.015533980582524271 0.016722408026755852
0 0.33106796116504855 0.9214046822742475 0.017475728155339806 0.016722408026755852
0 0.3262135922330097 0.8954849498327759 0.015533980582524271 0.015050167224080268
0 0.3533980582524272 0.8478260869565217 0.015533980582524271 0.013377926421404682
0 0.4446601941747573 0.8319397993311036 0.015533980582524271 0.015050167224080268
0 0.4640776699029126 0.8737458193979933 0.031067961165048542 0.08862876254180602
0 0.48349514563106794 0.8745819397993311 0.031067961165048542 0.08361204013377926
0 0.5 0.8403010033444817 0.017475728155339806 0.015050167224080268
0 0.5135922330097087 0.8637123745819398 0.017475728155339806 0.015050167224080268
0 0.5300970873786408 0.8503344481605352 0.015533980582524271 0.015050167224080268
0 0.5776699029126213 0.8553511705685619 0.017475728155339806 0.015050167224080268
0 0.5776699029126213 0.8436454849498328 0.013592233009708738 0.011705685618729096
0 0.629126213592233 0.8386287625418061 0.019417475728155338 0.015050167224080268
0 0.6601941747572816 0.8369565217391305 0.015533980582524271 0.011705685618729096
0 0.6145631067961165 0.9949832775919732 0.036893203883495145 0.033444816053511704
0 0.7058252427184466 0.8862876254180602 0.017475728155339806 0.016722408026755852
0 0.8640776699029126 0.9882943143812709 0.04271844660194175 0.05016722408026756
0 1.0728155339805825 0.9983277591973244 0.021359223300970873 0.023411371237458192
0 1.183495145631068 0.8971571906354515 0.017475728155339806 0.01839464882943144
0 1.0980582524271845 0.919732441471572 0.021359223300970873 0.023411371237458192
0 1.075728155339806 0.9155518394648829 0.019417475728155338 0.01839464882943144
0 1.0436893203883495 0.9138795986622074 0.017475728155339806 0.01839464882943144
0 1.0048543689320388 0.9163879598662207 0.021359223300970873 0.020066889632107024
0 1.025242718446602 0.8695652173913043 0.019417475728155338 0.020066889632107024
