0 0.005797444391859915 1.1371224165341813 0.0049692380501656416 0.018282988871224166
0 0.009583530525319451 1.2348966613672496 0.0044959772834831995 0.01987281399046105
0 0.01881211547562707 1.2162162162162162 0.0049692380501656416 0.01589825119236884
0 0.04070042593469001 1.1506359300476947 0.01372456223379082 0.04372019077901431
0 0.07501183151916706 1.1442766295707472 0.013251301467108376 0.04848966613672496
0 0.10636535731187885 1.0588235294117647 0.026739233317557974 0.08267090620031796
0 0.14209654519640322 1.0015898251192368 0.022479886417415995 0.0794912559618442
0 0.16741599621391387 1.1486486486486487 0.011121628017037387 0.03815580286168521
0 0.2139138665404638 1.1077106518282989 0.02318977756743966 0.08823529411764706
0 0.2690487458589683 1.039745627980922 0.023663038334122102 0.08744038155802862
0 0.30466161855182206 1.1681240063593006 0.008282063416942735 0.04213036565977742
0 0.34725508755324186 1.1665341812400636 0.011121628017037387 0.04689984101748808
0 0.31270705158542356 1.1605723370429253 0.0044959772834831995 0.019077901430842606
0 0.31968764789398957 1.1554054054054055 0.003786086133459536 0.013513513513513514
0 0.3660672030288689 1.1613672496025438 0.002839564600094652 0.011128775834658187
0 0.3738760056791292 1.1645468998410176 0.002839564600094652 0.012718600953895072
0 0.3883104590629437 1.1649443561208268 0.003312825366777094 0.01192368839427663
0 0.3808566019876952 1.2261526232114468 0.005442498816848084 0.01987281399046105
0 0.39387127307146236 1.2182034976152623 0.005915759583530526 0.01987281399046105
0 0.40061523899668716 1.201510333863275 0.008045433033601515 0.02782193958664547
0 0.4120918125887364 1.1860095389507155 0.009228584950307619 0.03179650238473768
0 0.41717936583057263 1.2921303656597773 0.008518693800283956 0.031001589825119236
0 0.43054898248935164 1.238871224165342 0.00686228111689541 0.023052464228934817
0 0.43764789398958825 1.238871224165342 0.00686228111689541 0.021462639109697933
0 0.4484145764316138 1.208267090620032 0.008045433033601515 0.03815580286168521
0 0.4539753904401325 1.21939586645469 0.008755324183625178 0.034976152623211444
0 0.4630856601987695 1.2277424483306836 0.005205868433506862 0.023052464228934817
0 0.4695929957406531 1.238871224165342 0.00686228111689541 0.026232114467408585
0 0.48166114529105536 1.2289348171701113 0.0044959772834831995 0.019077901430842606
0 0.4694746805489825 1.239268680445151 0.00709891150023663 0.028616852146263912
0 0.48935163274964505 1.192368839427663 0.00473260766682442 0.02384737678855326
0 0.49716043539990534 1.2368839427662957 0.00473260766682442 0.02066772655007949
0 0.5033128253667771 1.242845786963434 0.005679129200189304 0.023052464228934817
0 0.5100567912920019 1.2400635930047694 0.005442498816848084 0.022257551669316374
0 0.520350212967345 1.240858505564388 0.006152389966871746 0.022257551669316374
0 0.5278040700425934 1.2539745627980923 0.0049692380501656416 0.018282988871224166
0 0.5346663511594889 1.244435612082671 0.005915759583530526 0.01987281399046105
0 0.5393989588263133 1.2448330683624802 0.0044959772834831995 0.019077901430842606
0 0.5508755324183625 1.2356915739268681 0.005205868433506862 0.018282988871224166
0 0.5630619971604354 1.246422893481717 0.0040227165168007575 0.019077901430842606
0 0.5686228111689541 1.255564387917329 0.005205868433506862 0.021462639109697933
0 0.5790345480359678 1.2539745627980923 0.005205868433506862 0.018282988871224166
0 0.5785612872692854 1.240858505564388 0.00473260766682442 0.019077901430842606
0 0.5902744912446758 1.2603338632750398 0.0044959772834831995 0.018282988871224166
0 0.6003312825366777 1.242845786963434 0.005679129200189304 0.01987281399046105
0 0.6163038334122102 1.2452305246422894 0.0040227165168007575 0.016693163751987282
0 0.6232844297207761 1.2484101748807632 0.003786086133459536 0.01192368839427663
0 0.7388783719829626 0.6903815580286169 0.09867486985328916 0.43481717011128773
0 0.8713913866540464 1.303656597774245 0.0044959772834831995 0.014308426073131956
0 0.24739706578324658 1.1856120826709062 0.009701845716990062 0.04372019077901431
0 0.36192617132039756 1.21939586645469 0.007335541883577852 0.028616852146263912
0 0.5963085660198769 1.240858505564388 0.003786086133459536 0.01589825119236884
0 0.6025792711784194 1.2666931637519874 0.0040227165168007575 0.016693163751987282
0 0.2533128253667771 1.1613672496025438 0.01632749645054425 0.05246422893481717
