0 0.0031685678073510772 1.7602230483271375 0.008871989860583017 0.022304832713754646
0 0.05164765525982256 1.829925650557621 0.009505703422053232 0.027881040892193308
0 0.052598225602027884 1.9135687732342008 0.008871989860583017 0.027881040892193308
0 0.0985424588086185 1.95817843866171 0.027249683143219267 0.15427509293680297
0 0.08713561470215463 1.8531598513011152 0.009505703422053232 0.02973977695167286
0 0.12832699619771862 1.9423791821561338 0.013307984790874524 0.03717472118959108
0 0.1267427122940431 1.8327137546468402 0.0076045627376425855 0.022304832713754646
0 0.12896070975918886 1.783457249070632 0.008238276299112801 0.024163568773234202
0 0.1112167300380228 1.7890334572490707 0.00697084917617237 0.027881040892193308
0 0.09474017743979721 1.8029739776951672 0.008238276299112801 0.022304832713754646
0 0.07953105196451205 1.7927509293680297 0.012040557667934094 0.024163568773234202
0 0.07002534854245882 1.7276951672862453 0.009505703422053232 0.024163568773234202
0 0.04467680608365019 1.7276951672862453 0.008238276299112801 0.024163568773234202
0 0.026615969581749048 1.7053903345724908 0.010139416983523447 0.03903345724907063
0 0.10297845373891001 1.7193308550185873 0.00697084917617237 0.022304832713754646
0 0.13751584283903676 1.649628252788104 0.0063371356147021544 0.020446096654275093
0 0.1394169835234474 1.6905204460966543 0.008871989860583017 0.020446096654275093
0 0.1473384030418251 1.741635687732342 0.008238276299112801 0.022304832713754646
0 0.15304182509505704 1.6979553903345725 0.00697084917617237 0.020446096654275093
0 0.16508238276299111 1.649628252788104 0.005703422053231939 0.020446096654275093
0 0.16856780735107732 1.7351301115241635 0.0076045627376425855 0.020446096654275093
0 0.17490494296577946 1.746282527881041 0.0076045627376425855 0.020446096654275093
0 0.18567807351077312 1.7053903345724908 0.0063371356147021544 0.020446096654275093
0 0.18219264892268694 1.796468401486989 0.008238276299112801 0.027881040892193308
0 0.20215462610899873 1.7657992565055762 0.0063371356147021544 0.01858736059479554
0 0.39226869455006336 1.662639405204461 0.0063371356147021544 0.020446096654275093
0 0.4597591888466413 1.5947955390334572 0.004435994930291508 0.01486988847583643
0 0.20849176172370087 1.5325278810408922 0.005069708491761723 0.016728624535315983
0 0.09537389100126743 1.4674721189591078 0.004435994930291508 0.013011152416356878
0 0.11723700887198986 1.4553903345724908 0.005069708491761723 0.01486988847583643
0 0.1359315589353612 1.4637546468401488 0.0031685678073510772 0.013011152416356878
0 0.14923954372623574 1.4563197026022305 0.004435994930291508 0.013011152416356878
0 0.15335868187579213 1.3903345724907064 0.0038022813688212928 0.011152416356877323
0 0.13624841571609633 1.4052044609665428 0.005069708491761723 0.011152416356877323
0 0.10551330798479087 1.3763940520446096 0.004435994930291508 0.013011152416356878
0 0.08396704689480355 1.3782527881040891 0.004435994930291508 0.013011152416356878
0 0.09283903675538656 1.3438661710037174 0.004435994930291508 0.011152416356877323
0 0.08079847908745247 1.3447955390334572 0.004435994930291508 0.013011152416356878
0 0.10202788339670468 1.346654275092937 0.0038022813688212928 0.013011152416356878
0 0.12167300380228137 1.345724907063197 0.0038022813688212928 0.011152416356877323
0 0.12167300380228137 1.3345724907063197 0.0038022813688212928 0.011152416356877323
0 0.13403041825095058 1.346654275092937 0.0031685678073510772 0.00929368029739777
0 0.13656527249683142 1.3317843866171004 0.004435994930291508 0.013011152416356878
0 0.15082382762991128 1.3280669144981412 0.0038022813688212928 0.013011152416356878
0 0.15621039290240812 1.3262081784386617 0.0031685678073510772 0.00929368029739777
0 0.1644486692015209 1.342007434944238 0.004435994930291508 0.011152416356877323
0 0.12610899873257286 1.29182156133829 0.0038022813688212928 0.011152416356877323
0 0.1346641318124208 1.300185873605948 0.004435994930291508 0.013011152416356878
0 0.14163498098859315 1.3057620817843867 0.0031685678073510772 0.00929368029739777
0 0.15747782002534855 1.287174721189591 0.0031685678073510772 0.00929368029739777
0 0.14416983523447402 1.2611524163568772 0.0031685678073510772 0.00929368029739777
0 0.14923954372623574 1.2481412639405205 0.0031685678073510772 0.00929368029739777
0 0.15335868187579213 1.2611524163568772 0.0038022813688212928 0.013011152416356878
0 0.15621039290240812 1.2472118959107807 0.0031685678073510772 0.007434944237918215
0 0.1628643852978454 1.2778810408921932 0.008871989860583017 0.05390334572490706
0 0.10551330798479087 1.270446096654275 0.004435994930291508 0.013011152416356878
0 0.07192648922686945 1.3159851301115242 0.004435994930291508 0.01486988847583643
0 0.021229404309252218 1.350371747211896 0.005703422053231939 0.013011152416356878
0 0.1847275031685678 1.1440520446096654 0.0031685678073510772 0.00929368029739777
0 0.20183776932826364 1.1440520446096654 0.0031685678073510772 0.00929368029739777
0 0.2132446134347275 1.1050185873605949 0.0031685678073510772 0.00929368029739777
0 0.43662864385297845 1.4563197026022305 0.0038022813688212928 0.013011152416356878
0 0.44550063371356147 1.4423791821561338 0.0038022813688212928 0.011152416356877323
0 0.45310519645120406 1.4442379182156133 0.0038022813688212928 0.01486988847583643
0 0.4600760456273764 1.441449814126394 0.0038022813688212928 0.013011152416356878
0 0.4664131812420786 1.4302973977695168 0.0038022813688212928 0.013011152416356878
0 0.47433460076045625 1.4423791821561338 0.004435994930291508 0.01486988847583643
0 0.4806717363751584 1.436802973977695 0.0031685678073510772 0.011152416356877323
0 0.4879594423320659 1.5594795539033457 0.005069708491761723 0.01858736059479554
0 0.5107731305449936 1.5678438661710037 0.005069708491761723 0.016728624535315983
0 0.5110899873257287 1.550185873605948 0.004435994930291508 0.01858736059479554
0 0.5370722433460076 1.521375464684015 0.004435994930291508 0.016728624535315983
0 0.5506970849176173 1.5343866171003717 0.005069708491761723 0.020446096654275093
0 0.514575411913815 1.704460966542751 0.005069708491761723 0.01858736059479554
0 0.5861850443599493 1.595724907063197 0.005069708491761723 0.020446096654275093
0 0.5975918884664132 1.6180297397769516 0.005069708491761723 0.016728624535315983
0 0.6223067173637515 1.66635687732342 0.0063371356147021544 0.020446096654275093
0 0.6457541191381495 1.600371747211896 0.005069708491761723 0.01858736059479554
0 0.6657160963244614 1.6552044609665428 0.005703422053231939 0.020446096654275093
0 0.6780735107731305 1.5576208178438662 0.005069708491761723 0.01858736059479554
0 0.6961343472750317 1.6133828996282529 0.005703422053231939 0.01486988847583643
0 0.7075411913814955 1.620817843866171 0.004435994930291508 0.01858736059479554
0 0.7141951837769328 1.657992565055762 0.0063371356147021544 0.022304832713754646
0 0.7522179974651457 1.6895910780669146 0.0076045627376425855 0.022304832713754646
0 0.7658428390367554 1.758364312267658 0.00697084917617237 0.022304832713754646
0 0.7629911280101395 1.8364312267657992 0.008871989860583017 0.026022304832713755
0 0.7816856780735107 1.7676579925650557 0.00697084917617237 0.026022304832713755
0 0.7946768060836502 1.8141263940520447 0.0063371356147021544 0.022304832713754646
0 0.8013307984790875 1.8020446096654275 0.008238276299112801 0.031598513011152414
0 0.8064005069708492 1.8401486988847584 0.009505703422053232 0.026022304832713755
0 0.8314321926489227 1.924721189591078 0.008871989860583017 0.027881040892193308
0 0.8342839036755386 1.8968401486988848 0.008238276299112801 0.031598513011152414
0 0.7582382762991128 1.6366171003717471 0.00697084917617237 0.020446096654275093
0 0.7034220532319392 1.537174721189591 0.005069708491761723 0.01486988847583643
0 0.7278200253485425 1.5687732342007434 0.004435994930291508 0.01486988847583643
0 0.7328897338403042 1.5743494423791822 0.005703422053231939 0.01486988847583643
0 0.7389100126742713 1.5473977695167287 0.005069708491761723 0.016728624535315983
0 0.7468314321926489 1.5520446096654275 0.00697084917617237 0.01858736059479554
0 0.7458808618504436 1.5278810408921932 0.005069708491761723 0.01486988847583643
0 0.8073510773130546 1.4637546468401488 0.005069708491761723 0.016728624535315983
0 0.8070342205323194 1.6858736059479553 0.005703422053231939 0.01858736059479554
0 0.8190747782002535 1.7137546468401488 0.00697084917617237 0.01858736059479554
0 0.8282636248415716 1.6552044609665428 0.0076045627376425855 0.020446096654275093
0 0.8073510773130546 1.5659851301115242 0.0063371356147021544 0.016728624535315983
0 0.8257287705956907 1.5659851301115242 0.005069708491761723 0.016728624535315983
0 0.8418884664131813 1.5009293680297398 0.005703422053231939 0.016728624535315983
0 0.8197084917617237 1.4934944237918215 0.004435994930291508 0.013011152416356878
0 0.7892902408111534 1.6328996282527881 0.004435994930291508 0.013011152416356878
0 0.9356780735107731 1.7258364312267658 0.00697084917617237 0.020446096654275093
0 0.9749683143219265 1.7806691449814127 0.008238276299112801 0.026022304832713755
0 0.9331432192648923 1.588289962825279 0.005703422053231939 0.016728624535315983
0 0.9201520912547528 1.587360594795539 0.0076045627376425855 0.01858736059479554
0 0.9103295310519645 1.5520446096654275 0.005703422053231939 0.01858736059479554
0 0.7544359949302915 1.387546468401487 0.0031685678073510772 0.00929368029739777
0 0.7623574144486692 1.3615241635687731 0.0038022813688212928 0.00929368029739777
0 0.7275031685678074 1.3680297397769516 0.0038022813688212928 0.01486988847583643
0 0.7135614702154626 1.3568773234200744 0.0038022813688212928 0.01486988847583643
0 0.7050063371356147 1.3513011152416357 0.004435994930291508 0.011152416356877323
0 0.8330164765525983 1.2843866171003717 0.0031685678073510772 0.011152416356877323
0 0.8628010139416984 1.283457249070632 0.0031685678073510772 0.00929368029739777
0 0.8795944233206591 1.278810408921933 0.0038022813688212928 0.011152416356877323
0 0.8856147021546261 1.29182156133829 0.004435994930291508 0.011152416356877323
0 0.8960709759188846 1.2927509293680297 0.0038022813688212928 0.00929368029739777
0 0.9065272496831432 1.2927509293680297 0.004435994930291508 0.013011152416356878
0 0.5893536121673004 1.313197026022305 0.0038022813688212928 0.013011152416356878
0 0.600126742712294 1.3280669144981412 0.0038022813688212928 0.013011152416356878
0 0.6476552598225602 1.1691449814126393 0.0038022813688212928 0.01486988847583643
0 0.6571609632446135 1.16635687732342 0.0038022813688212928 0.013011152416356878
0 0.7075411913814955 1.1477695167286246 0.0031685678073510772 0.00929368029739777
0 0.7170468948035488 1.1654275092936803 0.0031685678073510772 0.007434944237918215
0 0.7224334600760456 1.16635687732342 0.0025348542458808617 0.00929368029739777
0 0.8136882129277566 1.6319702602230484 0.0063371356147021544 0.01858736059479554
0 0.8184410646387833 1.538104089219331 0.005703422053231939 0.016728624535315983
0 0.9749683143219265 1.4089219330855018 0.004435994930291508 0.01486988847583643
0 0.6600126742712294 1.1802973977695168 0.0031685678073510772 0.011152416356877323
