0 0.010664081434803683 3.6861924686192467 0.03587009209888512 0.5439330543933054
0 0.023994183228308288 3.3828451882845187 0.03926320891904993 0.41422594142259417
0 0.048230731943771206 3.2698744769874475 0.03538536112457586 0.3305439330543933
0 0.06689287445467765 3.562761506276151 0.03296170625302957 0.36401673640167365
0 0.09161415414444983 3.4414225941422596 0.04944255937954435 0.4895397489539749
0 0.13499757634512846 3.6108786610878663 0.04023267086766844 0.39330543933054396
0 0.17377605428986911 3.3953974895397487 0.046049442559379546 0.5062761506276151
0 0.19704314105671353 3.433054393305439 0.03732428502181289 0.4476987447698745
0 0.2491517207949588 3.583682008368201 0.038778477944740666 0.4476987447698745
0 0.290838584585555 3.3451882845188283 0.0349006301502666 0.3723849372384937
0 0.32186136694134754 3.5439330543933054 0.043625787687833255 0.4351464435146444
0 0.34924866698982066 3.3263598326359833 0.036354823073194376 0.38493723849372385
0 0.4064469219583131 3.3577405857740588 0.03829374697043141 0.40585774058577406
0 0.38560349006301503 3.3891213389121337 0.02666020358700921 0.3263598326359833
0 0.41929229277750846 3.4665271966527196 0.022297624818225885 0.2719665271966527
0 0.4876393601551139 3.422594142259414 0.033931168201648085 0.401673640167364
0 0.4941832283082889 3.290794979079498 0.03538536112457586 0.35564853556485354
0 0.5608337372758119 3.3807531380753137 0.030053320407174018 0.3682008368200837
0 0.5799806107610276 3.292887029288703 0.02956858943286476 0.3263598326359833
0 0.6076102762966553 3.502092050209205 0.031507513330101794 0.3514644351464435
0 0.6691711100339311 3.1422594142259412 0.03538536112457586 0.3682008368200837
0 0.7268540959767329 3.709205020920502 0.033446437227338824 0.3891213389121339
0 0.7624818225884634 3.596234309623431 0.03296170625302957 0.3891213389121339
0 0.7961706253029569 3.6066945606694563 0.033446437227338824 0.3598326359832636
0 0.8046534173533689 3.416317991631799 0.031992244304411055 0.3472803347280335
0 0.8540959767329133 3.280334728033473 0.031992244304411055 0.33472803347280333
0 0.8865729520116336 3.2656903765690375 0.03974793989335919 0.4560669456066946
0 0.9297140087251575 3.4435146443514646 0.030053320407174018 0.3514644351464435
0 0.9583131362094037 3.3598326359832638 0.03974793989335919 0.4100418410041841
