0 0.14775725593667546 1.0206422018348624 0.029023746701846966 0.11467889908256881
0 0.20646437994722955 1.0068807339449541 0.022427440633245383 0.10550458715596331
0 0.2717678100263852 0.9862385321100917 0.029023746701846966 0.11926605504587157
0 0.33641160949868076 1.0298165137614679 0.023746701846965697 0.0963302752293578
0 0.39116094986807387 1.025229357798165 0.025065963060686015 0.0963302752293578
0 0.449868073878628 1.0275229357798166 0.026385224274406333 0.11009174311926606
0 0.5118733509234829 1.018348623853211 0.023746701846965697 0.11009174311926606
0 0.5725593667546174 1.048165137614679 0.018469656992084433 0.0871559633027523
0 0.6266490765171504 1.0275229357798166 0.023746701846965697 0.09174311926605505
0 0.6853562005277045 1.0412844036697249 0.022427440633245383 0.10091743119266056
0 0.7401055408970977 1.0435779816513762 0.023746701846965697 0.10550458715596331
0 0.7974934036939314 1.0435779816513762 0.027704485488126648 0.10550458715596331
0 0.8562005277044855 1.0321100917431192 0.026385224274406333 0.11009174311926606
0 0.91688654353562 1.0045871559633028 0.026385224274406333 0.11009174311926606
0 0.9360158311345647 1.2270642201834863 0.027704485488126648 0.11467889908256881
0 0.8680738786279684 1.201834862385321 0.029023746701846966 0.11009174311926606
0 0.8014511873350924 1.1674311926605505 0.027704485488126648 0.10550458715596331
0 0.7302110817941952 1.1628440366972477 0.030343007915567283 0.11467889908256881
0 0.6715039577836411 1.2087155963302751 0.029023746701846966 0.11467889908256881
0 0.6062005277044855 1.2064220183486238 0.027704485488126648 0.11009174311926606
0 0.5455145118733509 1.2201834862385321 0.025065963060686015 0.10091743119266056
0 0.48350923482849606 1.2087155963302751 0.025065963060686015 0.10550458715596331
0 0.4261213720316623 1.2155963302752293 0.023746701846965697 0.10091743119266056
0 0.37005277044854884 1.213302752293578 0.027704485488126648 0.11467889908256881
0 0.29881266490765174 1.2064220183486238 0.030343007915567283 0.14678899082568808
0 0.22163588390501318 1.2110091743119267 0.029023746701846966 0.11926605504587157
0 0.14907651715039577 1.1811926605504588 0.0316622691292876 0.12385321100917432
0 0.04947229551451187 1.4174311926605505 0.030343007915567283 0.11926605504587157
0 0.10224274406332454 1.323394495412844 0.027704485488126648 0.11467889908256881
0 0.17480211081794195 1.334862385321101 0.030343007915567283 0.11926605504587157
0 0.25395778364116095 1.3004587155963303 0.030343007915567283 0.11467889908256881
0 0.32189973614775724 1.2958715596330275 0.0316622691292876 0.12385321100917432
0 0.3812664907651715 1.3096330275229358 0.029023746701846966 0.11467889908256881
0 0.4445910290237467 1.3004587155963303 0.029023746701846966 0.12385321100917432
0 0.5151715039577837 1.3142201834862386 0.030343007915567283 0.11467889908256881
0 0.5844327176781002 1.3073394495412844 0.0316622691292876 0.11926605504587157
0 0.6503957783641161 1.3188073394495412 0.0316622691292876 0.12385321100917432
0 0.7031662269129287 1.3302752293577982 0.026385224274406333 0.11926605504587157
0 0.7704485488126649 1.334862385321101 0.026385224274406333 0.11009174311926606
0 0.8311345646437994 1.311926605504587 0.0316622691292876 0.11926605504587157
0 0.8944591029023746 1.3096330275229358 0.029023746701846966 0.12385321100917432
0 0.962401055408971 1.3394495412844036 0.032981530343007916 0.12844036697247707
0 0.9782321899736148 1.4357798165137614 0.027704485488126648 0.11926605504587157
0 0.9096306068601583 1.4174311926605505 0.027704485488126648 0.11009174311926606
0 0.8298153034300791 1.4128440366972477 0.029023746701846966 0.11926605504587157
0 0.7605540897097626 1.4220183486238531 0.027704485488126648 0.11926605504587157
0 0.6912928759894459 1.4311926605504588 0.026385224274406333 0.11926605504587157
0 0.6213720316622692 1.426605504587156 0.0316622691292876 0.11926605504587157
0 0.5481530343007915 1.4495412844036697 0.025065963060686015 0.11009174311926606
0 0.48350923482849606 1.426605504587156 0.030343007915567283 0.12844036697247707
0 0.4109498680738786 1.4288990825688073 0.025065963060686015 0.10550458715596331
0 0.341688654353562 1.4770642201834863 0.029023746701846966 0.12844036697247707
0 0.2717678100263852 1.4243119266055047 0.029023746701846966 0.12385321100917432
0 0.19986807387862796 1.4220183486238531 0.030343007915567283 0.11926605504587157
0 0.12071240105540897 1.4403669724770642 0.027704485488126648 0.13761467889908258
0 0.0679419525065963 1.5206422018348624 0.032981530343007916 0.14220183486238533
0 0.13984168865435356 1.5160550458715596 0.03430079155672823 0.13302752293577982
0 0.23021108179419525 1.5596330275229358 0.030343007915567283 0.12844036697247707
0 0.30474934036939316 1.5642201834862386 0.029023746701846966 0.11926605504587157
0 0.3720316622691293 1.5871559633027523 0.029023746701846966 0.12844036697247707
0 0.4412928759894459 1.5527522935779816 0.027704485488126648 0.12385321100917432
0 0.5138522427440633 1.5871559633027523 0.030343007915567283 0.12844036697247707
0 0.5850923482849604 1.555045871559633 0.027704485488126648 0.12844036697247707
0 0.6550131926121372 1.5527522935779816 0.030343007915567283 0.13302752293577982
0 0.724934036939314 1.5711009174311927 0.030343007915567283 0.11467889908256881
0 0.7908970976253298 1.56651376146789 0.027704485488126648 0.13302752293577982
0 0.8680738786279684 1.561926605504587 0.03430079155672823 0.12385321100917432
0 0.9412928759894459 1.5137614678899083 0.03562005277044855 0.14678899082568808
0 1.0191292875989446 1.5389908256880733 0.030343007915567283 0.13302752293577982
0 0.8984168865435356 1.8394495412844036 0.0316622691292876 0.14678899082568808
0 0.816622691292876 1.8440366972477065 0.03430079155672823 0.13761467889908258
0 0.7394459102902374 1.8623853211009174 0.030343007915567283 0.12844036697247707
0 0.6688654353562006 1.8256880733944953 0.0316622691292876 0.13761467889908258
0 0.591688654353562 1.823394495412844 0.032981530343007916 0.13302752293577982
0 0.5151715039577837 1.8096330275229358 0.032981530343007916 0.14220183486238533
0 0.43799472295514513 1.8371559633027523 0.026385224274406333 0.14220183486238533
0 0.35883905013192613 1.798165137614679 0.03430079155672823 0.14678899082568808
0 0.28891820580474936 1.81651376146789 0.03430079155672823 0.13761467889908258
0 0.2117414248021108 1.811926605504587 0.03562005277044855 0.14678899082568808
