0 0.8476123595505618 5.888524590163934 0.06882022471910113 0.5508196721311476
0 0.8370786516853933 6.109836065573771 0.05337078651685393 0.4426229508196721
0 0.8852996254681648 5.5704918032786885 0.00749063670411985 0.07868852459016394
0 0.7970505617977528 5.744262295081967 0.009831460674157303 0.07213114754098361
0 0.778558052434457 5.742622950819672 0.009363295880149813 0.08852459016393442
0 1.0681179775280898 5.7360655737704915 0.011704119850187267 0.06885245901639345
0 0.21371722846441948 6.047540983606558 0.04915730337078652 0.3704918032786885
0 0.1224250936329588 6.331147540983607 0.05571161048689138 0.4
0 0.07794943820224719 5.9573770491803275 0.007958801498127341 0.05245901639344262
0 0.10486891385767791 5.963934426229508 0.006554307116104869 0.04590163934426229
