0 0.03291770573566085 1.658496732026144 0.023940149625935162 0.17320261437908496
0 0.09700748129675811 2.0294117647058822 0.018453865336658354 0.1437908496732026
0 0.25610972568578555 2.0473856209150325 0.02344139650872818 0.16666666666666666
0 0.30149625935162094 2.3627450980392157 0.006483790523690773 0.0457516339869281
0 0.32169576059850374 2.30718954248366 0.008977556109725686 0.0784313725490196
0 0.36134663341645884 2.230392156862745 0.009476309226932668 0.08169934640522876
0 0.43067331670822945 2.246732026143791 0.009476309226932668 0.06862745098039216
0 0.46059850374064837 2.215686274509804 0.007481296758104738 0.0718954248366013
0 0.9830423940149626 2.2679738562091503 0.00798004987531172 0.05228758169934641
0 0.9132169576059851 1.8872549019607843 0.0199501246882793 0.15359477124183007
0 0.8177057356608479 2.022875816993464 0.013466334164588529 0.08496732026143791
0 0.7620947630922693 2.173202614379085 0.013965087281795512 0.10457516339869281
0 0.7189526184538654 2.1356209150326797 0.009476309226932668 0.07516339869281045
0 0.670573566084788 2.2369281045751634 0.006483790523690773 0.049019607843137254
0 0.6488778054862843 2.2140522875816995 0.00997506234413965 0.06862745098039216
0 0.6498753117206982 2.2058823529411766 0.008977556109725686 0.06535947712418301
0 0.5605985037406483 2.246732026143791 0.0059850374064837905 0.042483660130718956
