0 0.7707219251336899 2.2108753315649867 0.06016042780748663 0.1246684350132626
0 0.9572192513368984 2.316976127320955 0.058823529411764705 0.1246684350132626
0 0.19318181818181818 2.5384615384615383 0.06016042780748663 0.14854111405835543
0 0.058823529411764705 2.409814323607427 0.06684491978609626 0.15119363395225463
0 0.1143048128342246 2.3116710875331563 0.05481283422459893 0.09814323607427056
0 0.16443850267379678 2.2718832891246685 0.045454545454545456 0.10344827586206896
0 0.05815508021390375 2.3992042440318304 0.06283422459893048 0.1246684350132626
0 0.03676470588235294 2.0848806366047747 0.020053475935828877 0.04774535809018567
0 0.07152406417112299 2.0875331564986737 0.017379679144385027 0.03713527851458886
0 0.08957219251336898 2.0888594164456236 0.013368983957219251 0.023872679045092837
0 0.11764705882352941 2.079575596816976 0.013368983957219251 0.03183023872679045
0 0.14772727272727273 2.06631299734748 0.012032085561497326 0.026525198938992044
0 0.17647058823529413 2.0689655172413794 0.016042780748663103 0.03183023872679045
0 0.22259358288770054 2.086206896551724 0.017379679144385027 0.034482758620689655
0 0.2540106951871658 2.1777188328912467 0.029411764705882353 0.058355437665782495
0 0.28141711229946526 2.1657824933687 0.02807486631016043 0.050397877984084884
0 0.37767379679144386 2.1657824933687 0.03342245989304813 0.06631299734748011
0 0.4732620320855615 2.0649867374005306 0.02406417112299465 0.06631299734748011
0 0.5066844919786097 2.0782493368700266 0.03208556149732621 0.07161803713527852
0 0.5100267379679144 2.0689655172413794 0.022727272727272728 0.05305039787798409
0 0.001336898395721925 2.1392572944297084 0.029411764705882353 0.1883289124668435
0 0.1089572192513369 2.086206896551724 0.009358288770053475 0.023872679045092837
0 0.2620320855614973 2.0397877984084882 0.0106951871657754 0.026525198938992044
0 0.27540106951871657 2.13262599469496 0.01871657754010695 0.03713527851458886
0 0.4057486631016043 2.057029177718833 0.014705882352941176 0.029177718832891247
0 0.4177807486631016 2.1206896551724137 0.022727272727272728 0.04509283819628647
0 0.36564171122994654 2.173740053050398 0.020053475935828877 0.05570291777188329
