0 0.155564263322884 3.2922535211267605 0.0054858934169279 0.04929577464788732
0 0.18181818181818182 3.2992957746478875 0.004702194357366771 0.04929577464788732
0 0.19984326018808776 3.3309859154929575 0.004702194357366771 0.04225352112676056
0 0.26057993730407525 3.3274647887323945 0.003918495297805642 0.035211267605633804
0 0.30250783699059564 3.3767605633802815 0.004702194357366771 0.04929577464788732
0 0.3299373040752351 3.359154929577465 0.006269592476489028 0.07042253521126761
0 0.33503134796238243 3.362676056338028 0.0054858934169279 0.04929577464788732
0 0.3887147335423197 3.2922535211267605 0.006269592476489028 0.06338028169014084
0 0.4024294670846395 3.3204225352112675 0.0054858934169279 0.06338028169014084
0 0.4188871473354232 3.313380281690141 0.0054858934169279 0.04929577464788732
0 0.43299373040752354 3.3204225352112675 0.003918495297805642 0.04929577464788732
0 0.46394984326018807 3.3556338028169015 0.004702194357366771 0.04929577464788732
0 0.48040752351097177 3.26056338028169 0.004702194357366771 0.04225352112676056
0 0.5086206896551724 3.295774647887324 0.003134796238244514 0.028169014084507043
0 0.5192006269592476 3.2992957746478875 0.003918495297805642 0.04929577464788732
0 0.530564263322884 3.397887323943662 0.003134796238244514 0.035211267605633804
0 0.542319749216301 3.4190140845070425 0.003134796238244514 0.035211267605633804
0 0.5662225705329154 3.2816901408450705 0.007053291536050157 0.056338028169014086
0 0.5740595611285266 3.3450704225352115 0.007053291536050157 0.056338028169014086
0 0.5913009404388715 3.387323943661972 0.003918495297805642 0.04225352112676056
0 0.6030564263322884 3.3204225352112675 0.003918495297805642 0.035211267605633804
0 0.6199059561128527 3.323943661971831 0.004702194357366771 0.056338028169014086
0 0.6363636363636364 3.341549295774648 0.004702194357366771 0.04929577464788732
0 0.6539968652037618 3.306338028169014 0.0054858934169279 0.04929577464788732
0 0.6974921630094044 3.3556338028169015 0.006269592476489028 0.06338028169014084
0 0.7190438871473355 3.341549295774648 0.0054858934169279 0.06338028169014084
0 0.9239811912225705 3.285211267605634 0.006269592476489028 0.07746478873239436
0 0.44357366771159873 3.3838028169014085 0.009404388714733543 0.20422535211267606
