0 0.2748397435897436 5.189075630252101 0.01282051282051282 0.14285714285714285
0 0.2536057692307692 5.19327731092437 0.013621794871794872 0.13445378151260504
0 0.13060897435897437 4.957983193277311 0.00641025641025641 0.08403361344537816
0 0.9166666666666666 5.109243697478991 0.00641025641025641 0.06722689075630252
0 0.9090544871794872 5.163865546218488 0.005608974358974359 0.058823529411764705
0 0.9322916666666666 5.147058823529412 0.007211538461538462 0.07563025210084033
0 1.0036057692307692 5.117647058823529 0.005608974358974359 0.06722689075630252
0 1.0080128205128205 5.088235294117647 0.00641025641025641 0.09243697478991597
0 0.7443910256410257 4.890756302521009 0.008012820512820512 0.10084033613445378
0 0.7600160256410257 4.907563025210084 0.005608974358974359 0.06722689075630252
0 0.7688301282051282 5.092436974789916 0.01842948717948718 0.42016806722689076
0 0.7832532051282052 4.9411764705882355 0.007211538461538462 0.08403361344537816
0 0.8201121794871795 4.936974789915967 0.005608974358974359 0.07563025210084033
