0 0.0423728813559322 3.1739130434782608 0.02824858757062147 0.1956521739130435
0 0.08757062146892655 3.0706521739130435 0.032015065913371 0.20652173913043478
0 0.11581920903954802 3.0380434782608696 0.02448210922787194 0.16304347826086957
0 0.0480225988700565 3.125 0.02824858757062147 0.18478260869565216
0 0.2033898305084746 3.119565217391304 0.026365348399246705 0.15217391304347827
0 0.23634651600753295 3.1467391304347827 0.02824858757062147 0.18478260869565216
0 0.2796610169491525 3.4782608695652173 0.054613935969868174 0.3695652173913043
0 0.3427495291902072 3.380434782608696 0.05273069679849341 0.30434782608695654
0 0.4256120527306968 3.527173913043478 0.07909604519774012 0.4673913043478261
0 0.3380414312617702 3.1467391304347827 0.02824858757062147 0.18478260869565216
0 0.4190207156308851 3.141304347826087 0.02448210922787194 0.17391304347826086
0 0.487758945386064 2.9184782608695654 0.018832391713747645 0.11956521739130435
0 0.684557438794727 2.8260869565217392 0.01694915254237288 0.13043478260869565
0 0.6826741996233522 3.125 0.02071563088512241 0.11956521739130435
0 1.0160075329566856 3.130434782608696 0.02448210922787194 0.1956521739130435
0 0.8907721280602636 3.108695652173913 0.026365348399246705 0.17391304347826086
0 0.8116760828625236 3.0760869565217392 0.018832391713747645 0.13043478260869565
0 0.8135593220338984 3.0760869565217392 0.018832391713747645 0.13043478260869565
0 0.8427495291902072 3.0869565217391304 0.01694915254237288 0.10869565217391304
