0 0.1547314578005115 0.43312101910828027 0.10144927536231885 0.4585987261146497
0 0.052429667519181586 0.9410828025477707 0.05200341005967604 0.2643312101910828
0 0.2340153452685422 1.0748407643312101 0.03154305200341006 0.1305732484076433
0 0.3111679454390452 0.9681528662420382 0.04092071611253197 0.20382165605095542
0 0.3653026427962489 1.0445859872611465 0.028132992327365727 0.12738853503184713
0 0.43265132139812446 0.8885350318471338 0.058823529411764705 0.2802547770700637
0 0.5038363171355499 1.0907643312101911 0.027280477408354646 0.11146496815286625
0 0.47271952259164535 1.1114649681528663 0.03836317135549872 0.18471337579617833
0 0.5997442455242967 1.0939490445859872 0.0247229326513214 0.12420382165605096
0 0.6474850809889173 0.9777070063694268 0.03836317135549872 0.14012738853503184
0 0.6594202898550725 0.9808917197452229 0.05029838022165388 0.24203821656050956
0 0.7003410059676044 1.0095541401273886 0.03154305200341006 0.1464968152866242
0 0.8414322250639387 0.554140127388535 0.08695652173913043 0.3885350318471338
0 0.9961636828644501 0.6799363057324841 0.060528559249786874 0.3343949044585987
0 0.9676044330775788 0.8885350318471338 0.030690537084398978 0.12738853503184713
0 0.887468030690537 0.821656050955414 0.028985507246376812 0.11464968152866242
