0 0.32397003745318353 2.501958224543081 0.02122347066167291 0.022193211488250653
0 0.1317103620474407 2.0274151436031334 0.016229712858926344 0.020887728459530026
0 0.3651685393258427 2.031331592689295 0.016229712858926344 0.015665796344647518
0 1.0936329588014981 2.338772845953003 0.02247191011235955 0.03263707571801567
0 1.109238451935081 2.1990861618798956 0.016229712858926344 0.016971279373368148
0 1.0511860174781522 2.224543080939948 0.019975031210986267 0.028720626631853787
0 0.9987515605493134 2.2767624020887727 0.02247191011235955 0.031331592689295036
0 0.8077403245942572 2.2924281984334205 0.024968789013732832 0.031331592689295036
0 0.782147315855181 2.3015665796344646 0.026217228464419477 0.028720626631853787
0 0.7116104868913857 2.246083550913838 0.019975031210986267 0.024804177545691905
0 0.6772784019975031 2.2421671018276763 0.018726591760299626 0.024804177545691905
0 0.8426966292134831 2.239556135770235 0.024968789013732832 0.030026109660574413
0 0.8913857677902621 2.22976501305483 0.024968789013732832 0.031331592689295036
0 0.9219725343320849 2.1925587467362924 0.02372034956304619 0.02741514360313316
0 0.9144818976279651 2.1781984334203655 0.026217228464419477 0.024804177545691905
0 0.7833957553058677 2.18668407310705 0.018726591760299626 0.02349869451697128
0 0.7559300873907615 2.183420365535248 0.018726591760299626 0.024804177545691905
0 0.6735330836454432 2.060052219321149 0.018726591760299626 0.02349869451697128
0 0.616729088639201 1.8466057441253263 0.0149812734082397 0.016971279373368148
0 0.6641697877652933 1.7943864229765014 0.012484394506866416 0.016971279373368148
0 0.6348314606741573 1.781331592689295 0.016229712858926344 0.016971279373368148
0 0.5474406991260924 1.781331592689295 0.01373283395755306 0.016971279373368148
0 0.601123595505618 1.706266318537859 0.01373283395755306 0.015665796344647518
0 0.6454431960049938 1.7095300261096606 0.012484394506866416 0.016971279373368148
0 1.1179775280898876 1.8805483028720626 0.011235955056179775 0.01174934725848564
0 1.0780274656679152 1.8544386422976502 0.01373283395755306 0.016971279373368148
0 1.0430711610486891 1.8524804177545693 0.01373283395755306 0.018276762402088774
0 0.9032459425717853 1.8400783289817233 0.01373283395755306 0.016971279373368148
0 0.8583021223470662 1.8394255874673628 0.01373283395755306 0.018276762402088774
0 0.9662921348314607 1.7637075718015667 0.012484394506866416 0.013054830287206266
0 0.9993757802746567 1.7578328981723237 0.01373283395755306 0.014360313315926894
0 1.050561797752809 1.7708877284595301 0.01373283395755306 0.016971279373368148
0 1.0830212234706618 1.7721932114882506 0.01373283395755306 0.016971279373368148
0 1.0730337078651686 1.7506527415143602 0.011235955056179775 0.013054830287206266
0 1.0374531835205993 1.7428198433420365 0.012484394506866416 0.015665796344647518
0 1.0287141073657928 1.706266318537859 0.009987515605493134 0.013054830287206266
0 1.0636704119850187 1.6997389033942558 0.009987515605493134 0.015665796344647518
0 0.8233458177278402 1.6971279373368147 0.011235955056179775 0.013054830287206266
0 0.8283395755305868 1.678851174934726 0.01373283395755306 0.015665796344647518
0 0.8352059925093633 1.6703655352480418 0.00749063670411985 0.01174934725848564
0 0.8601747815230961 1.6716710182767625 0.009987515605493134 0.014360313315926894
0 0.9069912609238452 1.6762402088772845 0.011235955056179775 0.013054830287206266
0 0.8645443196004994 1.664490861618799 0.011235955056179775 0.013054830287206266
0 0.8820224719101124 1.6449086161879896 0.011235955056179775 0.010443864229765013
0 0.885143570536829 1.6240208877284594 0.009987515605493134 0.010443864229765013
0 0.9038701622971286 1.627284595300261 0.009987515605493134 0.01174934725848564
0 0.9169787765293383 1.616840731070496 0.008739076154806492 0.01174934725848564
0 0.8764044943820225 1.5887728459530026 0.009987515605493134 0.010443864229765013
0 0.7203495630461922 1.5195822454308094 0.012484394506866416 0.013054830287206266
0 0.6853932584269663 1.518929503916449 0.009987515605493134 0.01174934725848564
0 0.6373283395755306 1.5724543080939948 0.011235955056179775 0.01174934725848564
0 0.5936329588014981 1.5607049608355092 0.011235955056179775 0.014360313315926894
