0 0.04207920792079208 2.0578871201157742 0.015281962978906586 0.11577424023154848
0 0.1571244080929832 2.2959479015918958 0.018510546706844596 0.1345875542691751
0 0.1863969005596212 2.3147612156295225 0.016788635385277657 0.13748191027496381
0 0.24020662935858803 2.298118668596237 0.018510546706844596 0.1476121562952243
0 0.16810159276797246 2.3350217076700432 0.01076194575979337 0.07670043415340087
0 0.22008179078777443 2.332850940665702 0.006241928540680155 0.05209840810419682
0 0.2582866982350409 2.333574529667149 0.007748600947051227 0.059334298118668596
0 0.2816401205337925 2.3639652677279304 0.008824795523030563 0.06512301013024602
0 0.3000430477830392 2.463096960926194 0.007318123116659492 0.05209840810419682
0 0.3402927249246664 2.3885672937771347 0.006026689625484288 0.04775687409551375
0 0.42800258286698234 2.378437047756874 0.00581145071028842 0.041968162083936326
0 0.4328454584588894 2.386396526772793 0.004735256134309083 0.03473227206946455
0 0.4348902281532501 2.3791606367583213 0.005380972879896685 0.04630969609261939
0 0.44705122686181664 2.3733719247467437 0.005596211795092553 0.04341534008683068
0 0.45727507533362033 2.393632416787265 0.006241928540680155 0.04052098408104197
0 0.4598579423159707 2.3849493487698985 0.005380972879896685 0.04341534008683068
0 0.4807361170899699 2.390014471780029 0.00667240637107189 0.04775687409551375
0 0.48880757640981487 2.3929088277858175 0.006887645286267757 0.05065123010130246
0 0.4962333189840723 2.385672937771346 0.006241928540680155 0.05065123010130246
0 0.5083943176926389 2.3719247467438493 0.0064571674558760225 0.05499276410998553
0 0.5206629358588033 2.3878437047756873 0.005165733964700818 0.04630969609261939
0 0.5333620318553595 2.391461649782923 0.0064571674558760225 0.053545586107091175
0 0.5458458889367198 2.423299565846599 0.010331467929401636 0.07670043415340087
0 0.5623116659492036 2.3871201157742403 0.013560051657339646 0.10274963820549927
0 0.5939517864829962 2.4348769898697538 0.013129573826947911 0.09117221418234443
0 0.5802841153680586 2.3654124457308248 0.009900990099009901 0.085383502170767
0 0.6229014205768403 2.409551374819103 0.01162290142057684 0.07525325615050651
0 0.6156909169177788 2.3314037626628075 0.010116229014205768 0.0723589001447178
0 0.6036375376668102 2.353111432706223 0.009255273353422298 0.0694645441389291
0 0.6462548428755919 2.3762662807525325 0.012699095996556177 0.10998552821997105
0 0.6385062419285407 2.3683068017366136 0.009685751183814033 0.07959479015918958
0 0.933491175204477 2.390738060781476 0.03702109341368919 0.24891461649782923
0 0.7958458889367198 2.341534008683068 0.016142918639690057 0.11866859623733719
0 0.7426818768833405 2.3654124457308248 0.018725785622040466 0.12011577424023155
0 0.7002798105897546 2.427641099855282 0.016142918639690057 0.11432706222865413
0 0.7520447696943607 2.3813314037626627 0.01248385708136031 0.10274963820549927
0 0.7111493758071459 2.41027496382055 0.007748600947051227 0.07091172214182344
0 0.685213086526044 2.345875542691751 0.010116229014205768 0.07525325615050651
0 0.685213086526044 2.3465991316931984 0.009255273353422298 0.07670043415340087
0 0.6682092122255704 2.3972503617945007 0.009255273353422298 0.07380607814761216
0 0.6585234610417563 2.3306801736613605 0.011407662505380972 0.085383502170767
0 0.7643133878605252 2.3806078147612157 0.01162290142057684 0.09840810419681621
0 0.7747524752475248 2.3813314037626627 0.008394317692638828 0.06222865412445731
0 0.8503013344812742 2.313314037626628 0.011407662505380972 0.09985528219971057
0 0.8962548428755919 2.399421128798842 0.0064571674558760225 0.049204052098408106
0 0.907339647008179 2.43849493487699 0.006241928540680155 0.049204052098408106
0 0.9748170469220835 2.5303907380607815 0.009470512268618166 0.0824891461649783
0 0.961041756349548 2.4269175108538352 0.007748600947051227 0.03762662807525326
0 0.9852561343090831 2.4536903039073805 0.00667240637107189 0.03907380607814761
0 1.0189410245372363 2.435600578871201 0.008179078777442962 0.06367583212735166
0 0.6759578131726216 2.3958031837916063 0.010546706844597502 0.07959479015918958
