0 0.9015151515151515 1.1327985739750446 0.03484848484848485 0.09803921568627451
0 0.8405303030303031 1.088235294117647 0.035606060606060606 0.0873440285204991
0 0.8045454545454546 1.090017825311943 0.05606060606060606 0.13012477718360071
0 0.6856060606060606 1.0953654188948307 0.08484848484848485 0.17290552584670232
0 0.6140151515151515 1.123885918003565 0.020454545454545454 0.058823529411764705
0 0.5280303030303031 1.1016042780748663 0.03484848484848485 0.12121212121212122
0 0.4890151515151515 1.1675579322638145 0.023484848484848483 0.06060606060606061
0 0.4912878787878788 1.0962566844919786 0.029545454545454545 0.07130124777183601
0 0.44507575757575757 1.1114081996434937 0.020454545454545454 0.0481283422459893
0 0.4068181818181818 1.2085561497326203 0.025757575757575757 0.06417112299465241
0 0.39886363636363636 1.123885918003565 0.02196969696969697 0.058823529411764705
0 0.37272727272727274 1.1140819964349375 0.019696969696969695 0.049910873440285206
0 0.3412878787878788 1.0980392156862746 0.01893939393939394 0.053475935828877004
0 0.27045454545454545 1.0748663101604279 0.022727272727272728 0.06417112299465241
0 0.23863636363636365 1.0837789661319073 0.019696969696969695 0.049910873440285206
0 0.18712121212121213 1.0802139037433156 0.019696969696969695 0.06417112299465241
0 0.21022727272727273 1.0980392156862746 0.014393939393939395 0.0392156862745098
0 0.16325757575757577 1.0659536541889483 0.015909090909090907 0.035650623885918005
0 0.13674242424242425 1.0757575757575757 0.02196969696969697 0.05169340463458111
0 0.11477272727272728 1.0668449197860963 0.026515151515151516 0.058823529411764705
0 0.02462121212121212 1.0445632798573976 0.07196969696969698 0.1568627450980392
0 0.06325757575757576 1.0213903743315509 0.025 0.0677361853832442
0 0.36477272727272725 1.090017825311943 0.020454545454545454 0.05525846702317291
0 0.543939393939394 1.067736185383244 0.022727272727272728 0.06417112299465241
0 0.32272727272727275 1.0828877005347595 0.015151515151515152 0.030303030303030304
0 0.4106060606060606 1.0864527629233511 0.021212121212121213 0.05169340463458111
0 0.17196969696969697 1.0980392156862746 0.015151515151515152 0.04634581105169341
0 0.943939393939394 1.1274509803921569 0.012121212121212121 0.0338680926916221
0 0.946969696969697 1.1711229946524064 0.015151515151515152 0.0392156862745098
