0 0.047474747474747475 0.8564705882352941 0.024242424242424242 0.05176470588235294
0 0.09444444444444444 0.851764705882353 0.01717171717171717 0.042352941176470586
0 0.10858585858585859 0.8011764705882353 0.07777777777777778 0.1952941176470588
0 0.19545454545454546 0.9364705882352942 0.045454545454545456 0.1223529411764706
0 0.21313131313131314 0.6964705882352941 0.05454545454545454 0.1411764705882353
0 0.295959595959596 0.8976470588235295 0.04242424242424243 0.10588235294117647
0 0.34444444444444444 0.691764705882353 0.030303030303030304 0.07058823529411765
0 0.33636363636363636 0.6552941176470588 0.024242424242424242 0.05411764705882353
0 0.3595959595959596 0.6235294117647059 0.01616161616161616 0.042352941176470586
0 0.38333333333333336 0.6364705882352941 0.015151515151515152 0.04
0 0.4035353535353535 0.6141176470588235 0.011111111111111112 0.023529411764705882
0 0.36313131313131314 0.6329411764705882 0.01717171717171717 0.03764705882352941
0 0.49242424242424243 0.5541176470588235 0.00909090909090909 0.021176470588235293
0 0.5050505050505051 0.5458823529411765 0.012121212121212121 0.03294117647058824
0 0.5242424242424243 0.48470588235294115 0.00808080808080808 0.01411764705882353
0 0.5782828282828283 0.45647058823529413 0.005050505050505051 0.009411764705882352
0 0.5474747474747474 0.5447058823529412 0.01616161616161616 0.04
0 0.5525252525252525 0.52 0.022222222222222223 0.0611764705882353
0 0.6318181818181818 0.46941176470588236 0.007070707070707071 0.01647058823529412
0 0.6429292929292929 0.4611764705882353 0.025252525252525252 0.06588235294117648
0 0.6636363636363637 0.4588235294117647 0.006060606060606061 0.018823529411764704
0 0.7828282828282829 0.30117647058823527 0.01616161616161616 0.03294117647058824
0 0.7575757575757576 0.3458823529411765 0.028282828282828285 0.08
0 0.9752525252525253 0.26941176470588235 0.043434343434343436 0.11058823529411765
0 0.8545454545454545 0.35058823529411764 0.08484848484848485 0.2211764705882353
0 0.9025252525252525 0.3988235294117647 0.08787878787878788 0.2376470588235294
0 0.9141414141414141 0.3588235294117647 0.06868686868686869 0.1388235294117647
