0 0.3731028667790894 1.79973474801061 0.04300168634064081 0.1830238726790451
0 0.7015177065767285 1.8687002652519893 0.026981450252951095 0.11405835543766578
0 0.7786677908937606 1.8421750663129974 0.031197301854974706 0.11405835543766578
0 0.9540472175379426 1.9058355437665782 0.02782462057335582 0.09814323607427056
0 0.8587689713322091 1.8607427055702919 0.026138279932546374 0.10344827586206896
0 1.0750421585160201 1.7824933687002653 0.021922428330522766 0.07957559681697612
0 0.9717537942664418 1.8289124668435013 0.024451939291736932 0.09283819628647215
0 0.9317032040472175 1.843501326259947 0.02023608768971332 0.0636604774535809
0 1.0016863406408094 1.8315649867374004 0.01854974704890388 0.0610079575596817
0 1.0134907251264755 1.823607427055703 0.01517706576728499 0.05570291777188329
0 1.034991568296796 1.8488063660477454 0.01433389544688027 0.042440318302387266
0 1.048903878583474 1.8620689655172413 0.011804384485666104 0.03713527851458886
0 0.8410623946037099 1.8461538461538463 0.021079258010118045 0.08488063660477453
0 0.8570826306913997 1.8275862068965518 0.021079258010118045 0.07957559681697612
0 0.8815345699831366 1.8448275862068966 0.016020236087689713 0.0610079575596817
0 0.7306070826306914 1.8620689655172413 0.021079258010118045 0.09549071618037135
0 0.6829679595278246 1.8050397877984086 0.023608768971332208 0.09814323607427056
0 0.7322934232715008 1.790450928381963 0.022765598650927487 0.06896551724137931
0 0.7736087689713322 1.7944297082228118 0.022765598650927487 0.07161803713527852
0 0.7959527824620574 1.8408488063660478 0.023608768971332208 0.09549071618037135
0 0.6673693086003373 1.8249336870026525 0.012647554806070826 0.04774535809018567
0 0.6306913996627319 1.8342175066312998 0.011804384485666104 0.03978779840848806
0 0.6100337268128162 1.863395225464191 0.00927487352445194 0.034482758620689655
0 0.5826306913996627 1.8355437665782492 0.011804384485666104 0.03713527851458886
0 0.565345699831366 1.896551724137931 0.00927487352445194 0.03183023872679045
0 0.5476391231028668 1.9151193633952255 0.005902192242833052 0.021220159151193633
0 0.5345699831365935 1.8872679045092837 0.006745362563237774 0.023872679045092837
0 0.5033726812816189 1.8143236074270557 0.011804384485666104 0.04774535809018567
0 0.5033726812816189 1.8262599469496021 0.01011804384485666 0.034482758620689655
0 0.463743676222597 1.843501326259947 0.013490725126475547 0.05305039787798409
0 0.43381112984822934 1.823607427055703 0.012647554806070826 0.050397877984084884
0 0.4131534569983137 1.8660477453580901 0.01011804384485666 0.034482758620689655
0 0.2900505902192243 1.806366047745358 0.013490725126475547 0.058355437665782495
0 0.3149241146711636 1.8779840848806366 0.010961214165261383 0.03183023872679045
0 0.26812816188870153 1.9416445623342176 0.006745362563237774 0.021220159151193633
0 0.23524451939291738 1.7745358090185677 0.02023608768971332 0.0636604774535809
0 0.2424114671163575 1.8315649867374004 0.010961214165261383 0.034482758620689655
0 0.21585160202360876 1.779840848806366 0.01517706576728499 0.05305039787798409
0 0.19561551433389546 1.8196286472148542 0.01854974704890388 0.0636604774535809
0 0.15935919055649242 1.8169761273209548 0.01854974704890388 0.058355437665782495
0 0.16441821247892074 1.8010610079575597 0.016863406408094434 0.05305039787798409
0 0.16315345699831366 1.779840848806366 0.01770657672849916 0.05305039787798409
0 0.10413153456998314 1.8541114058355437 0.012647554806070826 0.042440318302387266
0 0.0893760539629005 1.9058355437665782 0.006745362563237774 0.023872679045092837
0 0.11888701517706576 1.9190981432360743 0.006745362563237774 0.029177718832891247
0 0.1399662731871838 1.9018567639257293 0.006745362563237774 0.026525198938992044
0 0.6526138279932546 1.9058355437665782 0.01011804384485666 0.029177718832891247
