0 0.03758389261744966 0.9660377358490566 0.010738255033557046 0.03773584905660377
0 0.06845637583892618 0.9716981132075472 0.008053691275167786 0.033962264150943396
0 0.00738255033557047 1.0754716981132075 0.009395973154362415 0.03018867924528302
0 0.20604026845637585 1.049056603773585 0.009395973154362415 0.03018867924528302
0 0.012751677852348993 1.4679245283018867 0.022818791946308724 0.06037735849056604
0 0.016107382550335572 1.4226415094339622 0.008053691275167786 0.03018867924528302
0 0.042281879194630875 1.4339622641509433 0.009395973154362415 0.03018867924528302
0 0.059731543624161075 1.4584905660377359 0.012080536912751677 0.033962264150943396
0 0.18993288590604027 1.4641509433962263 0.012080536912751677 0.03773584905660377
0 0.21476510067114093 1.439622641509434 0.010738255033557046 0.033962264150943396
0 0.3315436241610738 1.4264150943396225 0.010738255033557046 0.03773584905660377
0 0.361744966442953 1.5509433962264152 0.03087248322147651 0.12830188679245283
0 0.5013422818791946 1.5150943396226415 0.01476510067114094 0.04905660377358491
0 0.4885906040268456 1.530188679245283 0.016107382550335572 0.04905660377358491
0 0.5791946308724832 1.4622641509433962 0.0174496644295302 0.05660377358490566
0 0.5899328859060403 1.469811320754717 0.012080536912751677 0.04150943396226415
0 0.6630872483221476 1.4283018867924528 0.01879194630872483 0.06415094339622641
0 0.736241610738255 1.5735849056603775 0.0174496644295302 0.052830188679245285
0 0.9107382550335571 1.6169811320754717 0.03087248322147651 0.10943396226415095
0 0.9288590604026845 1.6056603773584905 0.0348993288590604 0.12452830188679245
