0 0.6486175115207373 1.7796143250688705 0.11597542242703533 0.5068870523415978
0 0.38632872503840243 1.6707988980716253 0.12135176651305683 0.5316804407713499
0 0.12788018433179724 1.8526170798898072 0.13287250384024576 0.45454545454545453
0 0.08870967741935484 1.6322314049586777 0.10215053763440861 0.3884297520661157
0 0.23195084485407066 1.8884297520661157 0.09216589861751152 0.38292011019283745
0 0.4631336405529954 1.6639118457300275 0.08755760368663594 0.4297520661157025
0 0.7845622119815668 1.584022038567493 0.08218125960061444 0.34710743801652894
0 0.5238095238095238 1.6515151515151516 0.04915514592933948 0.21212121212121213
0 0.609062980030722 1.5550964187327823 0.07219662058371736 0.2892561983471074
0 0.6808755760368663 1.475206611570248 0.04531490015360983 0.16804407713498623
0 0.9685099846390169 1.6046831955922864 0.05837173579109063 0.19559228650137742
0 0.9005376344086021 1.5316804407713498 0.05606758832565284 0.22589531680440772
0 0.967741935483871 1.4765840220385675 0.027649769585253458 0.09917355371900827
0 0.29185867895545314 1.455922865013774 0.041474654377880185 0.14600550964187328
0 0.24500768049155147 1.7355371900826446 0.07526881720430108 0.2644628099173554
0 0.3102918586789555 1.6253443526170799 0.05837173579109063 0.24793388429752067
