0 0.02217125382262997 2.7714285714285714 0.013761467889908258 0.11428571428571428
0 0.022935779816513763 2.7785714285714285 0.012232415902140673 0.1
0 0.040519877675840976 2.6785714285714284 0.00764525993883792 0.07142857142857142
0 0.06422018348623854 2.8142857142857145 0.024464831804281346 0.22857142857142856
0 0.08103975535168195 2.6214285714285714 0.021406727828746176 0.21428571428571427
0 0.12614678899082568 2.8785714285714286 0.04434250764525994 0.38571428571428573
0 0.20259938837920488 2.7142857142857144 0.035168195718654434 0.34285714285714286
0 0.2515290519877676 2.7214285714285715 0.0382262996941896 0.4142857142857143
0 0.29510703363914376 2.6785714285714284 0.03363914373088685 0.32857142857142857
0 0.345565749235474 2.7642857142857142 0.03363914373088685 0.35714285714285715
0 0.3830275229357798 2.7714285714285714 0.02599388379204893 0.34285714285714286
0 0.40825688073394495 2.8214285714285716 0.027522935779816515 0.32857142857142857
0 0.42048929663608564 2.9357142857142855 0.027522935779816515 0.32857142857142857
0 0.46788990825688076 2.892857142857143 0.03058103975535168 0.32857142857142857
0 0.46788990825688076 2.642857142857143 0.009174311926605505 0.11428571428571428
0 0.49311926605504586 2.7357142857142858 0.02599388379204893 0.32857142857142857
0 0.5214067278287462 2.8142857142857145 0.03058103975535168 0.34285714285714286
0 0.5581039755351682 2.6285714285714286 0.03058103975535168 0.34285714285714286
0 0.5948012232415902 2.8857142857142857 0.027522935779816515 0.3142857142857143
0 0.6207951070336392 2.5214285714285714 0.03363914373088685 0.38571428571428573
0 0.6666666666666666 2.8142857142857145 0.03363914373088685 0.4
0 0.6819571865443425 2.5214285714285714 0.03058103975535168 0.32857142857142857
0 0.7224770642201835 2.6714285714285713 0.03211009174311927 0.37142857142857144
0 0.7668195718654435 2.557142857142857 0.03211009174311927 0.37142857142857144
0 0.7912844036697247 2.742857142857143 0.016819571865443424 0.17142857142857143
0 0.8119266055045872 2.657142857142857 0.01529051987767584 0.17142857142857143
0 0.8432721712538226 3.0285714285714285 0.022935779816513763 0.5428571428571428
0 0.8792048929663608 2.657142857142857 0.01529051987767584 0.14285714285714285
0 0.904434250764526 2.757142857142857 0.013761467889908258 0.14285714285714285
0 0.9403669724770642 2.7928571428571427 0.01529051987767584 0.15714285714285714
0 0.9388379204892966 2.642857142857143 0.01529051987767584 0.14285714285714285
0 0.3195718654434251 2.7071428571428573 0.012232415902140673 0.1
0 0.8692660550458715 2.7928571428571427 0.010703363914373088 0.12857142857142856
0 0.9992354740061162 2.6357142857142857 0.03211009174311927 0.3
