0 0.9527220630372493 0.25253256150506515 0.09340974212034384 0.24746743849493488
0 0.8699140401146132 0.613603473227207 0.0057306590257879654 0.017366136034732273
0 0.8191977077363897 0.7170767004341534 0.012034383954154728 0.027496382054992764
0 0.8200573065902579 0.7069464544138929 0.012607449856733524 0.03907380607814761
0 0.808595988538682 0.808972503617945 0.04126074498567335 0.10709117221418235
0 0.7561604584527221 0.6092619392185239 0.007449856733524355 0.017366136034732273
0 0.7358166189111748 0.5615050651230101 0.01489971346704871 0.03762662807525326
0 0.7349570200573066 0.5839363241678727 0.012034383954154728 0.030390738060781478
0 0.7191977077363897 0.6186685962373372 0.004584527220630372 0.013024602026049204
0 0.7045845272206304 0.6230101302460203 0.007449856733524355 0.01881331403762663
0 0.694269340974212 0.5716353111432706 0.012034383954154728 0.03473227206946455
0 0.6853868194842407 0.5622286541244573 0.012607449856733524 0.03907380607814761
0 0.669054441260745 0.5745296671490593 0.012034383954154728 0.03183791606367583
0 0.6512893982808023 0.5839363241678727 0.014326647564469915 0.03907380607814761
0 0.6169054441260745 0.6541244573082489 0.008595988538681949 0.023154848046309694
0 0.5750716332378224 0.6649782923299565 0.012034383954154728 0.027496382054992764
0 0.548997134670487 0.6649782923299565 0.004584527220630372 0.013024602026049204
0 0.5366762177650429 0.6657018813314037 0.0040114613180515755 0.011577424023154847
0 0.5363896848137536 0.6664254703328509 0.004584527220630372 0.013024602026049204
0 0.5618911174785101 0.6946454413892909 0.009742120343839542 0.02894356005788712
0 0.6578796561604584 0.7214182344428365 0.010315186246418338 0.03328509406657019
0 0.4355300859598854 0.7402315484804631 0.012607449856733524 0.041968162083936326
0 0.4040114613180516 0.6780028943560058 0.008022922636103151 0.02170767004341534
0 0.35616045845272204 0.5918958031837916 0.009742120343839542 0.02604920405209841
0 0.33065902578796563 0.7105643994211288 0.013753581661891117 0.04630969609261939
0 0.31318051575931233 0.7026049204052098 0.013180515759312322 0.03907380607814761
0 0.3025787965616046 0.6816208393632417 0.008022922636103151 0.023154848046309694
0 0.2659025787965616 0.6982633863965267 0.012607449856733524 0.03907380607814761
0 0.17077363896848138 0.6837916063675832 0.008022922636103151 0.024602026049204053
0 0.1524355300859599 0.6924746743849494 0.011461318051575931 0.030390738060781478
0 0.15329512893982808 0.6917510853835022 0.012034383954154728 0.03183791606367583
0 0.14383954154727793 0.6866859623733719 0.011461318051575931 0.030390738060781478
0 0.11891117478510028 0.6859623733719248 0.009742120343839542 0.02894356005788712
0 0.11919770773638969 0.6852387843704776 0.011461318051575931 0.027496382054992764
0 0.09283667621776505 0.6859623733719248 0.010315186246418338 0.02894356005788712
0 0.0825214899713467 0.7047756874095513 0.016045845272206302 0.04052098408104197
0 0.03696275071633238 0.7192474674384949 0.0166189111747851 0.05209840810419682
0 0.09570200573065903 0.6577424023154848 0.010315186246418338 0.056439942112879886
0 0.05186246418338109 0.6794500723589001 0.009742120343839542 0.027496382054992764
0 0.007449856733524355 0.6939218523878437 0.008022922636103151 0.027496382054992764
0 0.07363896848137536 0.5513748191027497 0.012034383954154728 0.03762662807525326
0 0.026361031518624643 0.5643994211287988 0.012607449856733524 0.03762662807525326
0 0.130945558739255 0.8675832127351665 0.03954154727793696 0.10564399421128799
0 0.1693409742120344 0.9001447178002895 0.032664756446991405 0.08972503617945007
0 0.166189111747851 0.8386396526772794 0.03896848137535817 0.09696092619392185
