0 0.44596912521440824 14.53623188405797 0.03430531732418525 0.34782608695652173
0 0.5728987993138936 14.391304347826088 0.0411663807890223 0.4057971014492754
0 0.7109777015437393 14.594202898550725 0.025728987993138937 0.2318840579710145
0 0.7495711835334476 14.557971014492754 0.0274442538593482 0.2463768115942029
0 0.8542024013722127 14.202898550724637 0.03430531732418525 0.3188405797101449
0 0.8773584905660378 14.44927536231884 0.022298456260720412 0.2028985507246377
0 1.0025728987993139 14.246376811594203 0.032590051457975985 0.2898550724637681
0 1.028301886792453 14.456521739130435 0.036020583190394515 0.30434782608695654
0 1.0823327615780447 14.63768115942029 0.010291595197255575 0.08695652173913043
0 1.0917667238421955 14.855072463768115 0.018867924528301886 0.37681159420289856
