0 0.03600500939261114 1.0287660862982588 0.022333542058025464 0.08629825889477669
0 0.06564391567522437 1.018546555639667 0.012732206219995825 0.06585919757759273
0 0.07451471509079524 0.9844814534443603 0.02546441243999165 0.09159727479182438
0 0.1248173658943853 1.0340651021953067 0.022542266750156543 0.09689629068887207
0 0.17031934877896054 0.9651778955336866 0.022959716134418703 0.09538228614685844
0 0.2185347526612398 0.9784254352763059 0.02170736798163223 0.09462528387585163
0 0.23356293049467752 0.9875094625283876 0.02170736798163223 0.09462528387585163
0 0.27979544980171156 0.977668433005299 0.02358589021081194 0.09765329295987887
0 0.32550615737841787 0.9856169568508706 0.021916092673763307 0.08781226343679031
0 0.3582759340429973 1.0314155942467826 0.021498643289501147 0.08705526116578349
0 0.4008557712377374 0.9519303557910673 0.02275099144228762 0.08402725208175625
0 0.44468795658526405 0.9837244511733535 0.020246295136714672 0.093111279333838
0 0.49457315800459195 0.9341408024224073 0.020246295136714672 0.08629825889477669
0 0.5479023168440826 0.961771385314156 0.020455019828845754 0.08705526116578349
0 0.5892298058860364 1.0189250567751704 0.020455019828845754 0.08327024981074943
0 0.6060321436025882 0.9894019682059046 0.019411396368190358 0.07872823618470856
0 0.6463160091838864 1.0302800908402725 0.022333542058025464 0.09538228614685844
0 0.6679190148194531 0.9924299772899319 0.01920267167605928 0.08327024981074943
0 0.7187434773533709 0.9383043149129447 0.02275099144228762 0.09765329295987887
0 0.7589229805886036 1.0068130204390613 0.02087246921310791 0.08781226343679031
0 0.8010853683990816 0.9746404239212718 0.02170736798163223 0.09613928841786526
0 0.8361511166771028 0.9670704012112036 0.022959716134418703 0.09613928841786526
0 0.873304111876435 0.9829674489023467 0.021289918597370068 0.08856926570779712
0 0.907743686078063 0.9984859954579863 0.020455019828845754 0.08327024981074943
0 0.951262784387393 0.9920514761544285 0.022333542058025464 0.09008327024981075
0 0.987998330202463 0.7452687358062074 0.024003339595074096 0.09462528387585163
0 0.9440617825088709 0.7059046177138532 0.02337716551868086 0.09765329295987887
0 0.9311208515967438 0.8856926570779712 0.02087246921310791 0.0757002271006813
0 0.8904195366311835 0.8164269492808478 0.02170736798163223 0.08402725208175625
0 0.8391776247130035 0.858440575321726 0.020246295136714672 0.08629825889477669
0 0.8103736171989147 0.8508705526116578 0.020663744520976832 0.0817562452687358
0 0.7851179294510541 0.846328538985617 0.020663744520976832 0.08478425435276306
0 0.7595491546649968 0.8213474640423921 0.020037570444583593 0.08629825889477669
0 0.73888541014402 0.8444360333080999 0.01920267167605928 0.08402725208175625
0 0.7120642872051763 0.8164269492808478 0.020663744520976832 0.07797123391370174
0 0.6646837820914214 0.8663890991672974 0.018993946983928197 0.08402725208175625
0 0.6354623251930703 0.8588190764572293 0.020246295136714672 0.07948523845571537
0 0.6051972448340639 0.8610900832702498 0.019411396368190358 0.07797123391370174
0 0.5894385305781674 0.7819833459500378 0.020455019828845754 0.08629825889477669
0 0.5901690670006262 0.7074186222558667 0.018993946983928197 0.07948523845571537
0 0.559382174911292 0.8497350492051476 0.021289918597370068 0.080999242997729
0 0.5324566896263828 0.8186979560938683 0.01836777290753496 0.080999242997729
0 0.5044875808808182 0.8183194549583649 0.01836777290753496 0.0817562452687358
0 0.4764141097891881 0.8387585162755489 0.018993946983928197 0.08327024981074943
0 0.5178459611772073 0.7153671461014383 0.019620121060321436 0.09538228614685844
0 0.4563765393446045 0.7100681302043906 0.018993946983928197 0.08327024981074943
0 0.4483406386975579 0.8565480696442089 0.01878522229179712 0.07797123391370174
0 0.4044040910039658 0.8145344436033308 0.019411396368190358 0.08024224072672217
0 0.3611980797328324 0.8497350492051476 0.018993946983928197 0.08402725208175625
0 0.3190356919223544 0.7906888720666162 0.022333542058025464 0.07797123391370174
0 0.2852222917971196 0.8005299015897047 0.017741598831141726 0.07494322482967448
0 0.24713003548319767 0.8429220287660864 0.01878522229179712 0.080999242997729
0 0.22521394280943435 0.7698713096139288 0.023794614902943018 0.09992429977289932
0 0.19108745564600293 0.7823618470855412 0.021498643289501147 0.07494322482967448
0 0.17418075558338553 0.700227100681302 0.020246295136714672 0.08629825889477669
0 0.16249217282404507 0.8330809992429977 0.020663744520976832 0.09008327024981075
0 0.13994990607388855 0.77554882664648 0.019411396368190358 0.08705526116578349
0 0.1274264245460238 0.8644965934897805 0.02108119390523899 0.0817562452687358
0 0.10467543310373617 0.8285389856169568 0.021498643289501147 0.08251324753974262
0 0.07347109163013985 0.813777441332324 0.020455019828845754 0.09235427706283118
0 0.04863285326654143 0.8084784254352763 0.02087246921310791 0.09084027252081757
0 0.1063452306407848 0.6801665404996216 0.024003339595074096 0.10673732021196064
0 0.5006261740763932 0.7282361847085541 0.011897307451471509 0.06056018168054504
0 0.851074932164475 0.7732778198334594 0.010227509914422877 0.04466313398940197
0 0.8826967230223336 0.7766843300529902 0.012940930912126905 0.056018168054504165
