0 1.4255202628696604 2.672929120409906 0.013143483023001095 0.018787361229718188
0 1.4991785323110625 2.602476515798463 0.0104052573932092 0.01964133219470538
0 1.1974260679079956 2.439795046968403 0.0104052573932092 0.018787361229718188
0 1.1903066812705367 2.44534585824082 0.009309967141292442 0.016225448334756618
0 0.9917853231106243 2.4803586678052945 0.009857612267250822 0.016225448334756618
0 1.0038335158817087 2.3783091374893255 0.009857612267250822 0.017079419299743808
0 0.9720700985761227 2.3642186165670367 0.009857612267250822 0.016225448334756618
0 1.1478641840087622 2.1968403074295475 0.007667031763417305 0.012809564474807857
0 1.1421139101861992 2.165243381725021 0.007119386637458927 0.012809564474807857
0 1.1237677984665937 2.1801878736122973 0.007667031763417305 0.011955593509820665
0 0.9545454545454546 2.288215200683177 0.009857612267250822 0.017933390264730998
0 0.9745345016429354 2.2557643040136637 0.009309967141292442 0.01964133219470538
0 0.7814895947426068 2.7267292912040992 0.01095290251916758 0.02220324508966695
0 0.7984665936473165 2.6601195559350983 0.01095290251916758 0.02220324508966695
0 0.8715772179627601 2.0700256191289497 0.008214676889375685 0.015371477369769428
0 0.9112814895947426 2.012382578992314 0.007667031763417305 0.014517506404782237
0 0.9559145673603505 1.9760888129803587 0.007119386637458927 0.013663535439795047
0 0.9170317634173056 1.9415029888983775 0.007119386637458927 0.014517506404782237
0 0.8923877327491785 1.932536293766012 0.008214676889375685 0.011955593509820665
0 0.8658269441401971 1.9833475661827498 0.007667031763417305 0.012809564474807857
0 0.8378970427163198 1.9837745516652434 0.0065717415115005475 0.011955593509820665
0 0.6960569550930996 1.8770281810418445 0.0065717415115005475 0.011955593509820665
0 0.6095290251916758 1.9154568744662681 0.0065717415115005475 0.010247651579846286
0 0.593921139101862 1.9026473099914603 0.006024096385542169 0.011955593509820665
0 0.5282037239868566 1.7758326216908624 0.018072289156626505 0.06917164816396243
0 0.5076670317634173 1.748078565328779 0.0065717415115005475 0.011955593509820665
