0 0.8696969696969697 3.4948453608247423 0.044444444444444446 0.31958762886597936
0 0.9545454545454546 3.538659793814433 0.046464646464646465 0.29381443298969073
0 0.9146464646464646 3.270618556701031 0.03535353535353535 0.2422680412371134
0 0.8893939393939394 2.850515463917526 0.03737373737373737 0.20618556701030927
0 0.9040404040404041 2.865979381443299 0.028282828282828285 0.16494845360824742
0 0.9575757575757575 2.8118556701030926 0.022222222222222223 0.13917525773195877
0 0.9272727272727272 2.783505154639175 0.01616161616161616 0.09278350515463918
0 0.854040404040404 2.8092783505154637 0.011111111111111112 0.061855670103092786
0 0.805050505050505 2.8427835051546393 0.022222222222222223 0.12886597938144329
0 0.7919191919191919 2.783505154639175 0.010101010101010102 0.05154639175257732
0 0.7631313131313131 2.7603092783505154 0.005050505050505051 0.02577319587628866
0 0.7560606060606061 2.829896907216495 0.007070707070707071 0.041237113402061855
0 0.7550505050505051 2.9097938144329896 0.007070707070707071 0.04639175257731959
0 0.7434343434343434 2.9149484536082473 0.00808080808080808 0.04639175257731959
0 0.7308080808080808 2.8221649484536084 0.00909090909090909 0.06701030927835051
0 0.7181818181818181 2.8762886597938144 0.020202020202020204 0.12371134020618557
0 0.7015151515151515 2.8788659793814433 0.015151515151515152 0.07731958762886598
0 0.7095959595959596 2.806701030927835 0.00909090909090909 0.04639175257731959
0 0.6898989898989899 2.8092783505154637 0.00808080808080808 0.05154639175257732
0 0.6636363636363637 2.8582474226804124 0.010101010101010102 0.06701030927835051
0 0.6550505050505051 2.8118556701030926 0.011111111111111112 0.06701030927835051
0 0.6247474747474747 2.847938144329897 0.015151515151515152 0.08762886597938144
0 0.6398989898989899 2.8556701030927836 0.015151515151515152 0.08247422680412371
0 0.5914141414141414 2.9922680412371134 0.01919191919191919 0.08762886597938144
0 0.5626262626262626 2.8711340206185567 0.014141414141414142 0.07216494845360824
0 0.5853535353535354 2.8530927835051547 0.01717171717171717 0.08762886597938144
0 0.6070707070707071 2.8582474226804124 0.010101010101010102 0.05670103092783505
0 0.46464646464646464 2.7036082474226806 0.006060606060606061 0.03608247422680412
0 0.46515151515151515 3.002577319587629 0.029292929292929294 0.4381443298969072
0 0.26616161616161615 2.935567010309278 0.011111111111111112 0.06701030927835051
0 0.23787878787878788 2.9407216494845363 0.011111111111111112 0.05670103092783505
0 0.2005050505050505 2.88659793814433 0.011111111111111112 0.07216494845360824
0 0.18585858585858586 2.904639175257732 0.014141414141414142 0.05670103092783505
0 0.14545454545454545 2.884020618556701 0.01616161616161616 0.08762886597938144
0 0.11313131313131314 2.917525773195876 0.01818181818181818 0.09278350515463918
0 0.12878787878787878 2.8943298969072164 0.007070707070707071 0.03608247422680412
0 0.08333333333333333 2.8943298969072164 0.011111111111111112 0.06701030927835051
0 0.0707070707070707 2.9149484536082473 0.00808080808080808 0.04639175257731959
0 0.05101010101010101 2.884020618556701 0.015151515151515152 0.07731958762886598
0 0.031818181818181815 2.9304123711340204 0.011111111111111112 0.06701030927835051
0 0.013636363636363636 2.8788659793814433 0.013131313131313131 0.08762886597938144
0 0.07575757575757576 3.5128865979381443 0.028282828282828285 0.13917525773195877
0 0.24141414141414141 3.1211340206185567 0.020202020202020204 0.36597938144329895
0 0.8 2.832474226804124 0.012121212121212121 0.06701030927835051
0 0.8474747474747475 2.8891752577319587 0.024242424242424242 0.12886597938144329
0 0.7631313131313131 2.8943298969072164 0.0030303030303030303 0.015463917525773196
