0 0.3908536585365854 2.234341252699784 0.03780487804878049 0.09719222462203024
0 0.15426829268292683 1.560475161987041 0.00853658536585366 0.01511879049676026
0 0.17378048780487804 1.6630669546436285 0.00853658536585366 0.017278617710583154
0 0.21402439024390243 1.6771058315334773 0.01097560975609756 0.023758099352051837
0 0.2097560975609756 1.661987041036717 0.00975609756097561 0.019438444924406047
0 0.2969512195121951 1.7419006479481642 0.01097560975609756 0.023758099352051837
0 0.32439024390243903 1.4946004319654427 0.007317073170731708 0.012958963282937365
0 0.3329268292682927 1.5302375809935205 0.014634146341463415 0.09719222462203024
0 0.34512195121951217 1.4978401727861772 0.007317073170731708 0.01511879049676026
0 0.3573170731707317 1.4967602591792657 0.007317073170731708 0.012958963282937365
0 0.36829268292682926 1.543196544276458 0.007317073170731708 0.01511879049676026
0 0.3871951219512195 1.5539956803455723 0.006097560975609756 0.01079913606911447
0 0.5469512195121952 1.5529157667386608 0.00853658536585366 0.017278617710583154
0 0.5548780487804879 1.58207343412527 0.007317073170731708 0.01511879049676026
0 0.5676829268292682 1.579913606911447 0.00853658536585366 0.01511879049676026
0 0.5890243902439024 1.5842332613390928 0.007317073170731708 0.01511879049676026
0 0.600609756097561 1.5853131749460043 0.00853658536585366 0.012958963282937365
0 0.6176829268292683 1.58207343412527 0.00853658536585366 0.01511879049676026
0 0.6341463414634146 1.5788336933045357 0.00975609756097561 0.017278617710583154
0 0.6542682926829269 1.5723542116630669 0.01097560975609756 0.017278617710583154
0 0.6804878048780488 1.57451403887689 0.012195121951219513 0.02159827213822894
0 0.6884146341463414 1.5712742980561556 0.00853658536585366 0.01511879049676026
0 0.6932926829268292 1.560475161987041 0.006097560975609756 0.01079913606911447
0 0.7292682926829268 1.5453563714902807 0.007317073170731708 0.019438444924406047
0 0.7207317073170731 1.5853131749460043 0.007317073170731708 0.012958963282937365
0 0.7109756097560975 1.5853131749460043 0.00975609756097561 0.017278617710583154
0 0.7469512195121951 1.5863930885529158 0.01097560975609756 0.019438444924406047
0 0.7457317073170732 1.5669546436285098 0.00853658536585366 0.01511879049676026
0 0.7585365853658537 1.5766738660907127 0.00975609756097561 0.017278617710583154
0 0.7792682926829269 1.5950323974082072 0.007317073170731708 0.01511879049676026
0 0.7725609756097561 1.6295896328293737 0.018292682926829267 0.10583153347732181
0 0.8951219512195122 1.5896328293736501 0.00975609756097561 0.017278617710583154
0 0.7878048780487805 1.6490280777537798 0.00975609756097561 0.019438444924406047
0 0.7713414634146342 1.6511879049676026 0.01097560975609756 0.019438444924406047
0 0.8317073170731707 1.7203023758099352 0.00975609756097561 0.019438444924406047
0 0.800609756097561 1.7138228941684666 0.01097560975609756 0.019438444924406047
0 0.7945121951219513 1.7008639308855291 0.00853658536585366 0.01511879049676026
0 0.8713414634146341 1.7138228941684666 0.01097560975609756 0.019438444924406047
0 0.8884146341463415 1.707343412526998 0.00853658536585366 0.01511879049676026
0 0.7707317073170732 1.7105831533477323 0.00975609756097561 0.02159827213822894
0 0.7530487804878049 1.6987041036717063 0.01097560975609756 0.019438444924406047
0 0.7097560975609756 1.687904967602592 0.012195121951219513 0.019438444924406047
0 0.6859756097560976 1.6825053995680346 0.01097560975609756 0.02159827213822894
0 0.45182926829268294 1.7019438444924406 0.01097560975609756 0.02159827213822894
0 0.43109756097560975 1.7267818574514038 0.01097560975609756 0.019438444924406047
0 0.3932926829268293 1.6652267818574513 0.00853658536585366 0.017278617710583154
0 0.3475609756097561 1.6857451403887689 0.00975609756097561 0.01511879049676026
0 0.3475609756097561 1.7548596112311015 0.00975609756097561 0.023758099352051837
0 0.3798780487804878 1.7904967602591793 0.01097560975609756 0.02159827213822894
0 0.4140243902439024 1.7775377969762418 0.013414634146341463 0.02591792656587473
0 0.3048780487804878 2.1123110151187907 0.014634146341463415 0.03023758099352052
0 0.3329268292682927 2.0442764578833694 0.014634146341463415 0.032397408207343416
0 0.3524390243902439 2.099352051835853 0.014634146341463415 0.03455723542116631
0 0.3780487804878049 2.0572354211663066 0.014634146341463415 0.032397408207343416
0 0.3871951219512195 2.0950323974082075 0.013414634146341463 0.02591792656587473
0 0.43597560975609756 2.09719222462203 0.015853658536585366 0.03455723542116631
0 0.4652439024390244 2.1317494600431965 0.015853658536585366 0.03455723542116631
0 0.5060975609756098 2.127429805615551 0.01707317073170732 0.038876889848812095
0 0.48841463414634145 2.0086393088552916 0.01097560975609756 0.02159827213822894
0 0.5201219512195122 2.0010799136069113 0.013414634146341463 0.028077753779697623
0 0.6079268292682927 2.188984881209503 0.015853658536585366 0.032397408207343416
0 0.6463414634146342 2.2084233261339095 0.01707317073170732 0.032397408207343416
0 0.723780487804878 2.1555075593952484 0.015853658536585366 0.03023758099352052
0 0.774390243902439 2.1727861771058317 0.01707317073170732 0.03455723542116631
0 0.9920731707317073 2.0086393088552916 0.013414634146341463 0.02591792656587473
0 0.8652439024390244 2.139308855291577 0.015853658536585366 0.04103671706263499
0 0.8201219512195121 2.139308855291577 0.015853658536585366 0.0367170626349892
0 0.8341463414634146 2.070194384449244 0.014634146341463415 0.0367170626349892
0 0.7682926829268293 2.085313174946004 0.014634146341463415 0.032397408207343416
0 0.7475609756097561 2.038876889848812 0.014634146341463415 0.03023758099352052
0 0.7664634146341464 1.9535637149028078 0.013414634146341463 0.023758099352051837
0 0.8048780487804879 1.949244060475162 0.014634146341463415 0.028077753779697623
0 0.825 1.968682505399568 0.013414634146341463 0.028077753779697623
0 0.8396341463414634 1.9827213822894167 0.013414634146341463 0.02591792656587473
0 0.8524390243902439 1.9665226781857452 0.014634146341463415 0.028077753779697623
0 0.8878048780487805 1.9730021598272138 0.014634146341463415 0.028077753779697623
0 0.8591463414634146 1.931965442764579 0.013414634146341463 0.028077753779697623
0 0.6073170731707317 1.900647948164147 0.012195121951219513 0.02159827213822894
0 0.5762195121951219 1.906047516198704 0.013414634146341463 0.023758099352051837
0 0.5573170731707318 1.869330453563715 0.012195121951219513 0.023758099352051837
0 0.9670731707317073 1.5712742980561556 0.007317073170731708 0.01511879049676026
0 0.9469512195121951 1.7084233261339092 0.02804878048780488 0.09935205183585313
0 1.0262195121951219 1.4751619870410366 0.006097560975609756 0.012958963282937365
0 1.0067073170731706 1.4838012958963283 0.006097560975609756 0.008639308855291577
0 0.051829268292682924 1.6069114470842332 0.01097560975609756 0.017278617710583154
