0 0.02213072568193515 1.1036096256684491 0.016469377251672673 0.04679144385026738
0 0.04503345342254246 1.1189839572192513 0.01080802882141019 0.03208556149732621
0 0.07025218733916624 1.108288770053476 0.01080802882141019 0.029411764705882353
0 0.09161091096242924 1.0982620320855614 0.018528049408131755 0.06016042780748663
0 0.10524961399897066 1.1169786096256684 0.03654143077714874 0.08957219251336898
0 0.13793103448275862 1.1209893048128343 0.009264024704065878 0.03074866310160428
0 0.1559444158517756 1.1009358288770053 0.011322696860524962 0.03074866310160428
0 0.17035512094698918 1.1236631016042782 0.0319094184251158 0.08155080213903744
0 0.184251158003088 1.1463903743315509 0.01544004117344313 0.05213903743315508
0 0.22259392691713845 1.1490641711229947 0.0159547092125579 0.04946524064171123
0 0.22259392691713845 1.1102941176470589 0.0159547092125579 0.04946524064171123
0 0.2182192485846629 1.1323529411764706 0.023674729799279464 0.06951871657754011
0 0.2444673185795162 1.1530748663101604 0.02676273803396809 0.07352941176470588
0 0.2766340710241894 1.1149732620320856 0.02110138960370561 0.06951871657754011
0 0.30339680905815747 1.1022727272727273 0.007720020586721565 0.02540106951871658
0 0.30957282552753473 1.1310160427807487 0.014925373134328358 0.034759358288770054
0 0.3546062789500772 1.125 0.012352032938754504 0.03609625668449198
0 0.3641276376737005 1.125 0.013896037056098817 0.03877005347593583
0 0.3713329902213073 1.1029411764705883 0.00977869274318065 0.029411764705882353
0 0.4307771487390633 1.1310160427807487 0.008234688625836336 0.026737967914438502
0 0.4500772002058672 1.1216577540106951 0.008749356664951106 0.026737967914438502
0 0.47297992794647453 1.1143048128342246 0.013381369016984045 0.03609625668449198
0 0.4843026248069995 1.1129679144385027 0.008234688625836336 0.02540106951871658
0 0.4963973237261966 1.141711229946524 0.01080802882141019 0.03208556149732621
0 0.5133813690169841 1.1377005347593583 0.011837364899639732 0.0374331550802139
0 0.5190427174472465 1.0848930481283423 0.004632012352032939 0.014705882352941176
0 0.536026762738034 1.0915775401069518 0.004632012352032939 0.012032085561497326
0 0.5393721049922799 1.125668449197861 0.010293360782295419 0.026737967914438502
0 0.5535254760679362 1.1102941176470589 0.008749356664951106 0.03074866310160428
0 0.5581574884199691 1.1470588235294117 0.011837364899639732 0.03208556149732621
0 0.5836335563561503 1.1771390374331552 0.009264024704065878 0.03074866310160428
0 0.6026762738033968 1.1557486631016043 0.011322696860524962 0.03342245989304813
0 0.5877509006690684 1.0848930481283423 0.0051466803911477095 0.012032085561497326
0 0.5872362326299537 1.1343582887700534 0.009264024704065878 0.02807486631016043
0 0.6206896551724138 1.1216577540106951 0.010293360782295419 0.029411764705882353
0 0.6433350488934637 1.1056149732620322 0.007205352547606794 0.01871657754010695
0 0.6603190941842512 1.11096256684492 0.007205352547606794 0.01871657754010695
0 0.6577457539886773 1.1457219251336899 0.013381369016984045 0.0374331550802139
0 0.6904271744724653 1.1356951871657754 0.011837364899639732 0.03609625668449198
0 0.7153885743695316 1.1504010695187166 0.009264024704065878 0.03609625668449198
0 0.7197632527020073 1.0862299465240641 0.005661348430262481 0.014705882352941176
0 0.7256819351518271 1.0935828877005347 0.0051466803911477095 0.016042780748663103
0 0.7357179619145651 1.1176470588235294 0.013896037056098817 0.040106951871657755
0 0.7622233659289758 1.1557486631016043 0.013381369016984045 0.04144385026737968
0 0.7027792074112198 0.9799465240641712 0.02007205352547607 0.06951871657754011
0 0.7992794647452394 1.0040106951871657 0.016469377251672673 0.045454545454545456
0 0.8836850231600618 0.8743315508021391 0.04220277920741122 0.0962566844919786
0 0.9817292846114256 0.9806149732620321 0.025218733916623777 0.06283422459893048
0 0.20123520329387545 1.1270053475935828 0.018528049408131755 0.058823529411764705
0 0.5288214101904272 1.1483957219251337 0.01080802882141019 0.034759358288770054
0 0.48121461657231085 1.0955882352941178 0.007205352547606794 0.022727272727272728
