0 0.14741750358680059 0.4747311827956989 0.13414634146341464 0.1817204301075269
0 0.9286226685796269 0.4252688172043011 0.11119081779053085 0.2075268817204301
0 0.5179340028694405 0.4344086021505376 0.07317073170731707 0.13118279569892474
0 0.733142037302726 0.41559139784946236 0.08751793400286945 0.13225806451612904
0 0.8450502152080345 0.3295698924731183 0.02582496413199426 0.04408602150537634
0 0.027618364418938307 0.5833333333333334 0.08680057388809183 0.12795698924731183
0 0.3945480631276901 0.6672043010752688 0.11047345767575323 0.1860215053763441
0 0.3335724533715925 0.5344086021505376 0.08321377331420372 0.14408602150537633
0 0.5846484935437589 0.6698924731182796 0.11621233859397417 0.15913978494623657
0 0.7417503586800573 0.6919354838709677 0.20229555236728838 0.2763440860215054
0 0.6047345767575323 1.0478494623655914 0.133428981348637 0.23978494623655913
0 0.8511477761836442 0.4645161290322581 0.07675753228120516 0.09462365591397849
0 0.8522238163558106 0.46774193548387094 0.07747489239598278 0.0967741935483871
0 0.7829985652797704 0.3510752688172043 0.02654232424677188 0.041935483870967745
0 0.772596843615495 0.4698924731182796 0.03156384505021521 0.05161290322580645
0 0.6603299856527977 0.4596774193548387 0.06527977044476327 0.1086021505376344
0 0.6854375896700143 0.3967741935483871 0.04232424677187949 0.08602150537634409
0 0.5713773314203731 0.3741935483870968 0.05236728837876614 0.09247311827956989
0 0.5175753228120517 0.43172043010752686 0.06958393113342898 0.11290322580645161
0 0.4716642754662841 0.4693548387096774 0.05236728837876614 0.08279569892473118
0 0.44045911047345765 0.5510752688172043 0.05164992826398852 0.0956989247311828
0 0.4293400286944046 0.489247311827957 0.036585365853658534 0.06666666666666667
0 0.3597560975609756 0.40161290322580645 0.040889526542324243 0.07419354838709677
0 0.368364418938307 0.4698924731182796 0.04232424677187949 0.07096774193548387
0 0.29519368723098993 0.4236559139784946 0.04519368723098996 0.06881720430107527
0 0.27080344332855094 0.38387096774193546 0.01649928263988522 0.030107526881720432
0 0.20552367288378767 0.36935483870967745 0.013629842180774749 0.02258064516129032
0 0.12374461979913917 0.38924731182795697 0.02223816355810617 0.03870967741935484
0 0.03730272596843615 0.4946236559139785 0.08034433285509325 0.09032258064516129
0 0.07604017216642754 0.5655913978494623 0.05308464849354376 0.07956989247311828
0 0.021520803443328552 0.43870967741935485 0.07173601147776183 0.08817204301075268
0 0.07137733142037303 0.40376344086021504 0.029411764705882353 0.03978494623655914
0 0.2582496413199426 0.36612903225806454 0.00860832137733142 0.016129032258064516
0 0.27080344332855094 0.38225806451612904 0.01649928263988522 0.035483870967741936
