0 0.015104166666666667 0.021939953810623556 0.028125 0.07159353348729793
0 0.050520833333333334 0.3960739030023095 0.030208333333333334 0.07159353348729793
0 -0.0036458333333333334 0.49653579676674364 0.028125 0.07852193995381063
0 0.04479166666666667 0.5242494226327945 0.03125 0.08314087759815242
0 0.033854166666666664 0.7448036951501155 0.030208333333333334 0.08545034642032333
0 0.03697916666666667 0.8498845265588915 0.030208333333333334 0.09237875288683603
0 0.2760416666666667 0.04387990762124711 0.022916666666666665 0.06004618937644342
0 0.2625 0.10508083140877598 0.027083333333333334 0.06697459584295612
0 0.22135416666666666 0.18475750577367206 0.026041666666666668 0.07390300230946882
0 0.2140625 0.26212471131639725 0.023958333333333335 0.07159353348729793
0 0.2869791666666667 0.23787528868360278 0.034375 0.08775981524249422
0 0.3328125 0.11778290993071594 0.023958333333333335 0.06928406466512702
0 0.3463541666666667 0.27829099307159355 0.023958333333333335 0.06697459584295612
0 0.37864583333333335 0.20207852193995382 0.021875 0.06697459584295612
0 0.4234375 0.19861431870669746 0.021875 0.05542725173210162
0 0.3614583333333333 0.13856812933025403 0.0875 0.3648960739030023
0 0.41875 0.03464203233256351 0.020833333333333332 0.06004618937644342
0 0.4421875 0.06581986143187067 0.028125 0.07159353348729793
0 0.46510416666666665 0.2540415704387991 0.03229166666666667 0.08314087759815242
0 0.5109375 0.35219399538106233 0.028125 0.07621247113163972
0 0.5458333333333333 0.3729792147806005 0.03125 0.08083140877598152
0 0.5 0.13279445727482678 0.025 0.07159353348729793
0 0.5557291666666667 0.20438799076212472 0.023958333333333335 0.057736720554272515
0 0.5953125 -0.03117782909930716 0.026041666666666668 0.053117782909930716
0 0.6182291666666667 0.10623556581986143 0.019791666666666666 0.05542725173210162
0 0.6125 0.2528868360277136 0.027083333333333334 0.06235565819861432
0 0.6145833333333334 0.3533487297921478 0.022916666666666665 0.06004618937644342
0 0.6322916666666667 0.394919168591224 0.029166666666666667 0.07852193995381063
0 0.6609375 0.4330254041570439 0.028125 0.08083140877598152
0 0.671875 0.5207852193995381 0.0375 0.08083140877598152
0 0.6505208333333333 0.75635103926097 0.034375 0.09930715935334873
0 0.690625 0.3533487297921478 0.03125 0.08314087759815242
0 0.6859375 0.2540415704387991 0.021875 0.06004618937644342
0 0.6989583333333333 0.17090069284064666 0.022916666666666665 0.06466512702078522
0 0.6322916666666667 0.20092378752886836 0.029166666666666667 0.08775981524249422
0 0.6572916666666667 0.08429561200923788 0.029166666666666667 0.07159353348729793
0 0.7072916666666667 0.050808314087759814 0.027083333333333334 0.06928406466512702
0 0.7682291666666666 0.15704387990762125 0.026041666666666668 0.06928406466512702
0 0.7421875 0.4053117782909931 0.028125 0.07621247113163972
0 0.7848958333333333 0.4387990762124711 0.028125 0.09699769053117784
0 0.7385416666666667 0.7759815242494227 0.025 0.06466512702078522
0 0.7520833333333333 0.5981524249422633 0.03125 0.08314087759815242
0 0.8333333333333334 0.5103926096997691 0.035416666666666666 0.08775981524249422
0 0.9161458333333333 0.6951501154734411 0.03229166666666667 0.08775981524249422
0 0.9239583333333333 0.5069284064665127 0.029166666666666667 0.08083140877598152
0 0.9229166666666667 0.4226327944572748 0.03333333333333333 0.08314087759815242
0 0.8572916666666667 0.3810623556581986 0.029166666666666667 0.07390300230946882
0 0.7875 0.32909930715935337 0.027083333333333334 0.06235565819861432
0 0.8177083333333334 0.23325635103926096 0.03125 0.08314087759815242
0 0.8036458333333333 0.08314087759815242 0.026041666666666668 0.06004618937644342
0 0.8411458333333334 0.14665127020785218 0.026041666666666668 0.07159353348729793
0 0.8651041666666667 0.09584295612009237 0.021875 0.057736720554272515
0 0.86875 0.2956120092378753 0.025 0.06928406466512702
0 0.921875 0.42032332563510394 0.03333333333333333 0.08314087759815242
0 0.9276041666666667 0.2702078521939954 0.026041666666666668 0.08314087759815242
0 0.9421875 0.3002309468822171 0.08020833333333334 0.44341801385681295
0 0.7682291666666666 0.6224018475750578 0.04479166666666667 0.12702078521939955
0 0.5578125 0.6570438799076213 0.046875 0.13625866050808313
0 0.36614583333333334 0.3279445727482679 0.051041666666666666 0.12933025404157045
0 0.4588541666666667 0.42725173210161665 0.046875 0.12009237875288684
0 0.3463541666666667 0.674364896073903 0.036458333333333336 0.11085450346420324
0 0.1734375 0.5103926096997691 0.046875 0.12933025404157045
0 0.6640625 -0.006928406466512702 0.019791666666666666 0.04157043879907621
