0 0.4691252144082333 1.2544247787610618 0.07375643224699828 0.26991150442477874
0 0.6449399656946827 1.2876106194690264 0.07204116638078903 0.26548672566371684
0 0.8027444253859348 1.2234513274336283 0.07547169811320754 0.26991150442477874
0 0.9699828473413379 1.2345132743362832 0.06689536878216124 0.23008849557522124
0 0.36363636363636365 0.5486725663716814 0.07547169811320754 0.25663716814159293
0 0.5231560891938251 0.5597345132743363 0.07547169811320754 0.252212389380531
0 0.6543739279588336 0.672566371681416 0.060034305317324184 0.21238938053097345
0 0.7924528301886793 0.6637168141592921 0.0686106346483705 0.23893805309734514
0 0.9288164665523156 0.6393805309734514 0.0634648370497427 0.19911504424778761
0 0.04888507718696398 0.8252212389380531 0.022298456260720412 0.06637168141592921
0 0.15180102915951973 0.6991150442477876 0.029159519725557463 0.09734513274336283
0 0.22727272727272727 0.7146017699115044 0.025728987993138937 0.084070796460177
