0 0.03070175438596491 4.348275862068966 0.02046783625730994 0.1724137931034483
0 0.20321637426900585 3.8413793103448275 0.010721247563352826 0.09655172413793103
0 0.29580896686159847 4.089655172413793 0.03216374269005848 0.27586206896551724
0 0.3333333333333333 4.179310344827586 0.03508771929824561 0.2482758620689655
0 0.40058479532163743 3.962068965517241 0.02729044834307992 0.25517241379310346
0 0.48099415204678364 4.206896551724138 0.02631578947368421 0.2482758620689655
0 0.5073099415204678 4.003448275862069 0.014619883040935672 0.11724137931034483
0 0.5428849902534113 4.124137931034483 0.025341130604288498 0.2206896551724138
0 0.5818713450292398 4.182758620689655 0.023391812865497075 0.22758620689655173
0 0.6379142300194932 4.227586206896552 0.036062378167641324 0.3586206896551724
0 0.4195906432748538 3.9379310344827587 0.008771929824561403 0.08275862068965517
0 0.6622807017543859 4.206896551724138 0.022417153996101363 0.1793103448275862
0 0.7173489278752436 4.0137931034482754 0.025341130604288498 0.20689655172413793
0 0.7738791423001949 4.36896551724138 0.023391812865497075 0.18620689655172415
0 0.8284600389863548 4.496551724137931 0.02729044834307992 0.2206896551724138
0 0.8615984405458089 4.451724137931034 0.023391812865497075 0.18620689655172415
0 0.7475633528265108 3.8758620689655174 0.005847953216374269 0.041379310344827586
0 0.8372319688109162 3.972413793103448 0.017543859649122806 0.15172413793103448
0 0.905458089668616 4.006896551724138 0.05458089668615984 0.3586206896551724
0 0.8226120857699805 3.8793103448275863 0.005847953216374269 0.06206896551724138
0 0.8425925925925926 3.920689655172414 0.014619883040935672 0.22758620689655173
0 0.8503898635477583 3.8689655172413793 0.004873294346978557 0.05517241379310345
0 0.871832358674464 3.8413793103448275 0.00682261208576998 0.05517241379310345
0 0.9166666666666666 3.8586206896551722 0.008771929824561403 0.06206896551724138
0 0.9502923976608187 3.882758620689655 0.005847953216374269 0.041379310344827586
0 0.9653996101364523 3.8586206896551722 0.014619883040935672 0.10344827586206896
