0 0.5799457994579946 4.0225 0.005420054200542005 0.045
0 0.5606368563685636 4.0375 0.0047425474254742545 0.035
0 0.5287940379403794 4.03 0.0047425474254742545 0.04
0 0.45223577235772355 4.005 0.0047425474254742545 0.03
0 0.4312330623306233 4.0525 0.0047425474254742545 0.035
0 0.42242547425474253 4.055 0.0047425474254742545 0.04
0 0.3946476964769648 4.0625 0.0047425474254742545 0.035
0 1.0240514905149052 3.9825 0.0047425474254742545 0.035
0 1.0030487804878048 4.2525 0.014227642276422764 0.255
0 0.9996612466124661 4.0725 0.01016260162601626 0.175
0 1.0088075880758807 4.055 0.009485094850948509 0.17
0 0.9569783197831978 4.32 0.014227642276422764 0.25
0 0.9491869918699187 4.055 0.005420054200542005 0.04
0 0.9512195121951219 4.0325 0.0040650406504065045 0.035
0 0.9359756097560976 3.995 0.0033875338753387536 0.03
0 0.6463414634146342 3.8375 0.0040650406504065045 0.035
0 0.6317750677506775 3.86 0.0047425474254742545 0.04
0 0.6246612466124661 3.8425 0.0040650406504065045 0.035
0 0.6392276422764228 3.92 0.008807588075880758 0.22
0 0.6432926829268293 3.8275 0.0033875338753387536 0.025
0 0.6151761517615176 3.8225 0.005420054200542005 0.035
0 0.6199186991869918 3.9275 0.008130081300813009 0.235
0 0.6012872628726287 3.84 0.0047425474254742545 0.03
0 0.6056910569105691 3.8225 0.0040650406504065045 0.035
0 0.592479674796748 3.8375 0.0047425474254742545 0.035
0 0.5857046070460704 3.83 0.0047425474254742545 0.04
0 0.5799457994579946 3.8425 0.005420054200542005 0.035
0 0.5728319783197832 3.845 0.0033875338753387536 0.03
0 0.5674119241192412 3.91 0.007452574525745257 0.25
0 0.5616531165311653 3.84 0.0040650406504065045 0.03
0 0.5487804878048781 3.8275 0.005420054200542005 0.035
0 0.5426829268292683 3.845 0.0040650406504065045 0.03
0 0.5355691056910569 3.8575 0.0033875338753387536 0.025
0 0.5304878048780488 3.8375 0.005420054200542005 0.035
0 0.5247289972899729 3.8325 0.0047425474254742545 0.035
0 0.5142276422764228 3.8375 0.0040650406504065045 0.035
0 0.5060975609756098 3.935 0.009485094850948509 0.24
0 0.5013550135501355 3.83 0.005420054200542005 0.04
0 0.4830623306233062 3.8125 0.0040650406504065045 0.035
0 0.4640921409214092 3.8375 0.0040650406504065045 0.035
0 0.4573170731707317 3.8125 0.0040650406504065045 0.035
0 0.4231029810298103 3.835 0.0047425474254742545 0.04
0 0.4275067750677507 3.82 0.0040650406504065045 0.03
0 0.41565040650406504 3.83 0.0033875338753387536 0.03
0 0.40752032520325204 3.94 0.01016260162601626 0.23
0 0.4034552845528455 3.83 0.0047425474254742545 0.03
0 0.39227642276422764 3.85 0.0040650406504065045 0.04
0 0.38245257452574527 3.835 0.0047425474254742545 0.04
0 0.3946476964769648 3.925 0.008807588075880758 0.23
0 0.23407859078590787 4.0725 0.0047425474254742545 0.035
0 0.23170731707317074 4.0325 0.0040650406504065045 0.035
0 0.23238482384823847 3.965 0.0040650406504065045 0.03
0 0.17547425474254744 4.0475 0.0040650406504065045 0.035
0 0.17682926829268292 3.9975 0.0027100271002710027 0.025
0 0.09993224932249323 4.1375 0.006097560975609756 0.045
0 0.0741869918699187 4.2375 0.007452574525745257 0.055
0 0.0494579945799458 4.2125 0.009485094850948509 0.075
0 0.04065040650406504 4.2425 0.006775067750677507 0.055
0 0.03319783197831978 3.9975 0.0040650406504065045 0.035
0 0.09993224932249323 3.9825 0.0047425474254742545 0.035
0 0.0836720867208672 3.9875 0.0047425474254742545 0.035
0 0.07249322493224933 3.89 0.006775067750677507 0.13
0 0.17513550135501355 3.53 0.0020325203252032522 0.02
0 0.26490514905149054 3.495 0.0027100271002710027 0.02
0 0.2720189701897019 3.535 0.006097560975609756 0.11
0 0.39668021680216803 3.5475 0.007452574525745257 0.125
0 0.41395663956639567 3.5 0.0027100271002710027 0.02
0 0.48204607046070463 3.53 0.007452574525745257 0.12
0 0.4752710027100271 3.5275 0.006097560975609756 0.105
0 0.589769647696477 3.49 0.0020325203252032522 0.02
0 0.6161924119241192 3.5275 0.007452574525745257 0.095
0 0.6565040650406504 3.53 0.005420054200542005 0.11
0 0.6703929539295393 3.53 0.008807588075880758 0.11
0 0.6626016260162602 3.535 0.005420054200542005 0.09
0 0.6991869918699187 3.495 0.0027100271002710027 0.02
0 0.7113821138211383 3.54 0.008130081300813009 0.11
0 0.7273035230352304 3.49 0.0020325203252032522 0.02
