0 0.1593655589123867 0.46167557932263814 0.0649546827794562 0.1925133689839572
0 0.449773413897281 0.5677361853832442 0.05966767371601209 0.1836007130124777
0 0.6888217522658611 0.6942959001782532 0.05891238670694864 0.19786096256684493
0 0.9667673716012085 0.6889483065953654 0.0649546827794562 0.17647058823529413
0 0.94297583081571 0.6105169340463458 0.030966767371601207 0.07308377896613191
0 0.8610271903323263 0.6033868092691622 0.00906344410876133 0.026737967914438502
0 0.8123111782477341 0.6122994652406417 0.009818731117824773 0.026737967914438502
0 0.7904078549848943 0.6158645276292335 0.009818731117824773 0.026737967914438502
0 0.775679758308157 0.6122994652406417 0.010574018126888218 0.026737967914438502
0 0.7843655589123867 0.7085561497326203 0.011329305135951661 0.026737967914438502
0 0.7722809667673716 0.696969696969697 0.008308157099697885 0.0213903743315508
0 0.7530211480362538 0.7040998217468806 0.00906344410876133 0.024955436720142603
0 0.7390483383685801 0.7263814616755794 0.006797583081570997 0.0196078431372549
0 0.7352719033232629 0.6996434937611408 0.008308157099697885 0.023172905525846704
0 0.7424471299093656 0.6916221033868093 0.0075528700906344415 0.0213903743315508
0 0.7488670694864048 0.6087344028520499 0.008308157099697885 0.023172905525846704
0 0.7258308157099698 0.6122994652406417 0.0075528700906344415 0.023172905525846704
0 0.652190332326284 0.6167557932263814 0.008308157099697885 0.0213903743315508
0 0.5657099697885196 0.589126559714795 0.015105740181268883 0.0481283422459893
0 0.5007552870090635 0.5980392156862745 0.0075528700906344415 0.0196078431372549
0 0.5305891238670695 0.6301247771836007 0.006797583081570997 0.016042780748663103
0 0.35838368580060426 0.5909090909090909 0.006797583081570997 0.0196078431372549
0 0.39992447129909364 0.6007130124777184 0.026435045317220542 0.06060606060606061
0 0.19788519637462235 0.5570409982174688 0.03625377643504532 0.10160427807486631
0 0.0256797583081571 0.6051693404634582 0.0256797583081571 0.062388591800356503
0 0.5861027190332326 0.5926916221033868 0.0075528700906344415 0.023172905525846704
