0 -0.042194928684627576 1.8907942238267148 0.036053882725832015 0.08844765342960288
0 -0.01862123613312203 1.8176895306859207 0.05071315372424723 0.12274368231046931
0 0.18264659270998415 1.772563176895307 0.02694136291600634 0.06859205776173286
0 0.14025356576862125 1.8046028880866427 0.014263074484944533 0.0351985559566787
0 0.2559429477020602 1.7351083032490975 0.01901743264659271 0.04783393501805054
0 0.3559825673534073 1.7770758122743682 0.04635499207606973 0.12815884476534295
0 0.45047543581616484 2.0320397111913358 0.03724247226624406 0.11281588447653429
0 0.615689381933439 1.8528880866425992 0.03645007923930269 0.09927797833935018
0 0.56973058637084 1.76985559566787 0.015055467511885896 0.048736462093862815
0 0.661053882725832 1.7946750902527075 0.020998415213946117 0.055054151624548735
0 0.7329635499207607 1.8745487364620939 0.018225039619651346 0.048736462093862815
0 0.6893819334389857 1.7617328519855595 0.011093502377179081 0.03429602888086643
0 0.7149366085578447 1.7495487364620939 0.015451664025356577 0.046028880866425995
0 0.7353407290015848 1.779332129963899 0.015055467511885896 0.0388086642599278
0 0.7678288431061807 1.7838447653429603 0.011093502377179081 0.026173285198555957
0 0.759310618066561 1.7761732851985559 0.009904912836767036 0.02888086642599278
0 0.7832805071315373 1.76985559566787 0.010301109350237718 0.02888086642599278
0 0.8155705229793978 1.7748194945848375 0.01941362916006339 0.04963898916967509
0 0.8545958795562599 1.7513537906137184 0.014263074484944533 0.04422382671480144
0 0.830229793977813 1.788808664259928 0.00832012678288431 0.021660649819494584
0 0.9120443740095087 1.85514440433213 0.01347068145800317 0.0388086642599278
0 0.9221473851030111 1.8181407942238268 0.009112519809825673 0.024368231046931407
0 0.9122424722662441 1.7964801444043321 0.00832012678288431 0.024368231046931407
0 0.8795562599049128 1.7901624548736461 0.00792393026941363 0.02256317689530686
0 0.8740095087163233 1.7870036101083033 0.00792393026941363 0.023465703971119134
