0 0.4525660964230171 1.681201550387597 0.015552099533437015 0.029069767441860465
0 0.4751166407465008 1.6356589147286822 0.017107309486780714 0.031007751937984496
0 0.5404354587869362 1.565891472868217 0.017107309486780714 0.027131782945736434
0 0.5800933125972006 1.553294573643411 0.015552099533437015 0.025193798449612403
0 0.6601866251944012 1.630813953488372 0.02332814930015552 0.029069767441860465
0 1.1749611197511665 1.7606589147286822 0.02332814930015552 0.040697674418604654
0 1.1990668740279937 1.7432170542635659 0.027993779160186624 0.03682170542635659
0 1.1897356143079316 1.6085271317829457 0.015552099533437015 0.027131782945736434
0 0.8849144634525661 1.49515503875969 0.015552099533437015 0.02131782945736434
0 0.9315707620528771 1.4244186046511629 0.012441679626749611 0.01937984496124031
0 0.4813374805598756 1.3459302325581395 0.013996889580093312 0.01744186046511628
0 0.5 1.3468992248062015 0.013996889580093312 0.01937984496124031
0 0.5489891135303266 1.3565891472868217 0.012441679626749611 0.015503875968992248
0 0.6648522550544324 1.3439922480620154 0.013996889580093312 0.01744186046511628
0 0.5870917573872473 1.3401162790697674 0.01088646967340591 0.013565891472868217
0 0.6127527216174183 1.324612403100775 0.00933125972006221 0.013565891472868217
0 0.6150855365474339 1.2984496124031009 0.01088646967340591 0.015503875968992248
0 0.645412130637636 1.2974806201550388 0.00933125972006221 0.013565891472868217
0 0.5925349922239502 1.2810077519379846 0.012441679626749611 0.015503875968992248
0 0.5808709175738724 1.2819767441860466 0.007776049766718507 0.013565891472868217
0 0.614307931570762 1.251937984496124 0.00933125972006221 0.011627906976744186
0 0.36858475894245724 1.438953488372093 0.015552099533437015 0.02131782945736434
0 0.28149300155520995 1.4883720930232558 0.015552099533437015 0.023255813953488372
0 0.2192846034214619 1.49515503875969 0.012441679626749611 0.01744186046511628
0 0.2900466562986003 1.3401162790697674 0.01088646967340591 0.013565891472868217
0 0.3024883359253499 1.2974806201550388 0.01088646967340591 0.013565891472868217
0 0.36158631415241055 1.318798449612403 0.01088646967340591 0.013565891472868217
0 0.34603421461897355 1.2936046511627908 0.013996889580093312 0.01744186046511628
0 0.8164852255054432 1.2984496124031009 0.012441679626749611 0.015503875968992248
0 0.7853810264385692 1.315891472868217 0.012441679626749611 0.015503875968992248
0 0.7807153965785381 1.3401162790697674 0.027993779160186624 0.09496124031007752
0 0.749611197511664 1.303294573643411 0.012441679626749611 0.013565891472868217
0 0.7317262830482115 1.3372093023255813 0.026438569206842923 0.10465116279069768
0 0.6796267496111975 1.2674418604651163 0.012441679626749611 0.011627906976744186
0 0.692846034214619 1.2616279069767442 0.01088646967340591 0.015503875968992248
0 0.6765163297045101 1.2306201550387597 0.00933125972006221 0.011627906976744186
0 0.5925349922239502 1.2015503875968991 0.00933125972006221 0.011627906976744186
0 0.52099533437014 1.186046511627907 0.00933125972006221 0.011627906976744186
0 0.5155520995334371 1.179263565891473 0.007776049766718507 0.009689922480620155
0 0.5381026438569206 1.180232558139535 0.00933125972006221 0.011627906976744186
0 0.5552099533437014 1.184108527131783 0.00933125972006221 0.011627906976744186
0 0.5660964230171073 1.186046511627907 0.00933125972006221 0.011627906976744186
0 0.6174183514774495 1.182170542635659 0.00933125972006221 0.011627906976744186
0 0.6018662519440124 1.2073643410852712 0.015552099533437015 0.05426356589147287
0 0.5482115085536547 1.1366279069767442 0.007776049766718507 0.009689922480620155
0 0.4867807153965785 1.184108527131783 0.006220839813374806 0.007751937984496124
0 0.45645412130637636 1.1647286821705427 0.007776049766718507 0.011627906976744186
0 0.4751166407465008 1.1647286821705427 0.007776049766718507 0.011627906976744186
0 0.5038880248833593 1.1027131782945736 0.006220839813374806 0.007751937984496124
0 0.48989113530326595 1.1065891472868217 0.006220839813374806 0.007751937984496124
0 0.37558320373250387 1.1521317829457365 0.007776049766718507 0.009689922480620155
0 0.3701399688958009 1.1385658914728682 0.006220839813374806 0.009689922480620155
0 0.3569206842923795 1.1414728682170543 0.007776049766718507 0.007751937984496124
0 0.3429237947122862 1.1443798449612403 0.007776049766718507 0.009689922480620155
0 0.328149300155521 1.1356589147286822 0.006220839813374806 0.007751937984496124
0 0.3164852255054432 1.1395348837209303 0.007776049766718507 0.007751937984496124
0 0.2978227060653188 1.1375968992248062 0.007776049766718507 0.007751937984496124
0 0.26283048211508553 1.125968992248062 0.006220839813374806 0.007751937984496124
0 0.4191290824261275 1.312984496124031 0.01088646967340591 0.013565891472868217
0 0.4494556765163297 1.308139534883721 0.012441679626749611 0.015503875968992248
0 0.5552099533437014 1.300387596899225 0.00933125972006221 0.011627906976744186
0 0.29704510108864696 1.2073643410852712 0.00933125972006221 0.011627906976744186
0 0.2737169517884914 1.2131782945736433 0.00933125972006221 0.011627906976744186
0 0.24883359253499224 1.2151162790697674 0.00933125972006221 0.011627906976744186
0 0.22472783825816486 1.2141472868217054 0.007776049766718507 0.009689922480620155
0 0.43390357698289267 1.12984496124031 0.006220839813374806 0.007751937984496124
0 0.4447900466562986 1.1375968992248062 0.006220839813374806 0.007751937984496124
0 0.468895800933126 1.1366279069767442 0.007776049766718507 0.009689922480620155
0 0.5007776049766719 1.1608527131782946 0.006220839813374806 0.007751937984496124
0 0.4821150855365474 1.1540697674418605 0.012441679626749611 0.04844961240310078
0 0.48989113530326595 1.1598837209302326 0.012441679626749611 0.044573643410852716
0 0.5194401244167963 1.12984496124031 0.006220839813374806 0.007751937984496124
0 0.3989113530326594 1.127906976744186 0.013996889580093312 0.046511627906976744
0 0.7037325038880249 1.74515503875969 0.026438569206842923 0.040697674418604654
0 0.6944012441679627 1.802325581395349 0.02332814930015552 0.031007751937984496
0 0.797045101088647 1.819767441860465 0.02332814930015552 0.03875968992248062
0 0.7682737169517885 1.7887596899224807 0.024883359253499222 0.03488372093023256
0 0.8398133748055988 0.9331395348837209 0.012441679626749611 0.013565891472868217
0 0.7667185069984448 0.935077519379845 0.00933125972006221 0.013565891472868217
