0 0.04252873563218391 0.8119402985074626 0.05747126436781609 0.11641791044776119
0 0.19386973180076628 0.8716417910447761 0.06590038314176246 0.16417910447761194
0 0.03333333333333333 0.764179104477612 0.045210727969348656 0.1044776119402985
0 0.0739463601532567 0.7507462686567165 0.029885057471264367 0.056716417910447764
0 0.11264367816091954 0.6940298507462687 0.021455938697318006 0.04477611940298507
0 0.10842911877394636 0.7776119402985074 0.028352490421455937 0.06865671641791045
0 0.1310344827586207 0.817910447761194 0.038314176245210725 0.08955223880597014
0 0.089272030651341 0.7 0.017624521072796936 0.03880597014925373
0 0.1467432950191571 0.7343283582089553 0.029885057471264367 0.06567164179104477
0 0.1632183908045977 0.7388059701492538 0.0367816091954023 0.08358208955223881
0 0.1731800766283525 0.6947761194029851 0.021455938697318006 0.04328358208955224
0 0.2160919540229885 0.7477611940298508 0.03371647509578544 0.07462686567164178
0 0.19770114942528735 0.8298507462686567 0.04291187739463601 0.09850746268656717
0 0.2409961685823755 0.7171641791044776 0.02681992337164751 0.05522388059701493
0 0.25938697318007664 0.6985074626865672 0.022222222222222223 0.050746268656716415
0 0.24291187739463602 0.6917910447761194 0.022988505747126436 0.049253731343283584
0 0.30114942528735633 0.7074626865671642 0.021455938697318006 0.050746268656716415
0 0.35823754789272033 0.7171641791044776 0.020689655172413793 0.04328358208955224
0 0.37049808429118775 0.744776119402985 0.02375478927203065 0.050746268656716415
0 0.3245210727969349 0.7514925373134328 0.045210727969348656 0.08507462686567165
0 0.3505747126436782 0.8223880597014925 0.0421455938697318 0.08656716417910448
0 0.3160919540229885 0.8597014925373134 0.05440613026819923 0.13432835820895522
0 0.4099616858237548 0.7776119402985074 0.03065134099616858 0.08656716417910448
0 0.4869731800766284 0.758955223880597 0.04674329501915709 0.1208955223880597
0 0.5057471264367817 0.7253731343283583 0.03524904214559387 0.06865671641791045
0 0.4574712643678161 0.685820895522388 0.024521072796934867 0.06119402985074627
0 0.5590038314176246 0.7455223880597015 0.045210727969348656 0.10597014925373134
0 0.6574712643678161 0.844776119402985 0.05517241379310345 0.1044776119402985
0 0.6053639846743295 0.735820895522388 0.021455938697318006 0.056716417910447764
0 0.6310344827586207 0.7283582089552239 0.022222222222222223 0.050746268656716415
0 0.6727969348659004 0.7313432835820896 0.03065134099616858 0.05970149253731343
0 0.6885057471264368 0.735820895522388 0.019157088122605363 0.04776119402985075
0 0.7122605363984674 0.7298507462686568 0.022222222222222223 0.04776119402985075
0 0.7881226053639847 0.8559701492537314 0.06513409961685823 0.15074626865671642
0 0.9478927203065134 0.7947761194029851 0.06590038314176246 0.10895522388059702
0 0.7494252873563219 0.7634328358208955 0.05363984674329502 0.08208955223880597
0 0.8022988505747126 0.7082089552238806 0.024521072796934867 0.05223880597014925
0 0.8264367816091954 0.7238805970149254 0.020689655172413793 0.04776119402985075
0 0.8708812260536398 0.7507462686567165 0.02681992337164751 0.0626865671641791
0 0.8724137931034482 0.7470149253731343 0.028352490421455937 0.06417910447761194
0 0.9218390804597701 0.7134328358208956 0.021455938697318006 0.04477611940298507
0 0.9321839080459771 0.7417910447761195 0.04061302681992337 0.06567164179104477
0 0.993103448275862 0.7156716417910448 0.012260536398467433 0.03134328358208955
