0 0.07792207792207792 0.8860175357637287 0.050059031877213694 0.12921089063221042
0 0.14439197166469894 0.8562528841716659 0.03612750885478158 0.08260267651130596
0 0.21109799291617473 0.7533456391324411 0.05761511216056671 0.1324411628980157
0 0.29173553719008266 0.7891093677895709 0.04226682408500591 0.10521458237194278
0 0.34580873671782764 0.8544070143054915 0.045100354191263285 0.11859713890170744
0 0.40094451003541914 0.7962621135209967 0.050059031877213694 0.10752191970466082
0 0.4370720188902007 0.8541762805722196 0.04344746162927981 0.11075219197046608
0 0.3564344746162928 0.7819566220581449 0.0049586776859504135 0.010613751730503
0 0.42502951593860683 0.7713428703276419 0.006139315230224321 0.01338255652976465
0 0.5116883116883116 0.8246423627134287 0.04014167650531287 0.10890632210429164
0 0.5449822904368359 0.7584217812644208 0.03825265643447462 0.09552376557452699
0 0.5931523022432114 0.7928011075219197 0.048170011806375444 0.11628980156898938
0 0.656788665879575 0.8770189201661283 0.047933884297520664 0.11490539916935856
0 0.6815820543093271 0.8114905399169359 0.03801652892561983 0.09275496077526535
0 0.7491145218417946 0.8237194277803415 0.04085005903187721 0.09137055837563451
0 0.8002361275088548 0.8133364097831103 0.05289256198347107 0.1278264882325796
0 0.7158205430932704 0.8587909552376557 0.03093270365997639 0.05999077065066913
0 0.8865407319952775 0.9070143054914629 0.027626918536009445 0.06506691278264883
0 0.9800472255017709 0.880941393631749 0.04037780401416765 0.08767881864328565
0 0.6452184179456907 0.7551915089986156 0.006375442739079103 0.012459621596677434
0 0.6566706021251476 0.7616520535302261 0.005667060212514758 0.012459621596677434
0 0.6721369539551357 0.7632671896631288 0.006375442739079103 0.012921089063221043
0 0.6920897284533648 0.7510383017997231 0.007556080283353011 0.016151361329026302
0 0.7744982290436836 0.8020304568527918 0.008028335301062573 0.018458698661744346
0 0.7735537190082644 0.8036455929856945 0.006139315230224321 0.015228426395939087
0 0.8374262101534828 0.8052607291185971 0.008264462809917356 0.01661282879556991
0 0.8533648170011806 0.8075680664513152 0.0070838252656434475 0.015689893862482696
0 0.8798110979929161 0.8257960313797877 0.0089728453364817 0.022611905860636824
0 0.8968122786304604 0.8735579141670512 0.008500590318772138 0.01661282879556991
0 0.9064935064935065 0.9102445777572681 0.014167650531286895 0.02814951545916013
0 0.9368358913813459 0.9231656668204892 0.011097992916174734 0.025380710659898477
0 0.9853600944510036 0.8788647900323027 0.027863046044864226 0.06045223811721274
0 0.8526564344746163 0.7658052607291186 0.005667060212514758 0.01338255652976465
0 0.9278630460448642 0.7690355329949239 0.0059031877213695395 0.01338255652976465
