0 0.9860788863109049 1.136094674556213 0.030162412993039442 0.15384615384615385
0 0.9332946635730859 0.8550295857988166 0.031322505800464036 0.15976331360946747
0 0.974477958236659 0.9289940828402367 0.02320185614849188 0.11834319526627218
0 0.894431554524362 1.121301775147929 0.03248259860788863 0.1952662721893491
0 0.8312064965197216 1.1035502958579881 0.024361948955916472 0.1242603550295858
0 0.7975638051044084 1.378698224852071 0.024361948955916472 0.14201183431952663
0 0.8207656612529002 1.4053254437869822 0.022041763341067284 0.13609467455621302
0 0.7372389791183295 1.2218934911242603 0.02668213457076566 0.14792899408284024
0 0.7592807424593968 0.8579881656804734 0.022041763341067284 0.14201183431952663
0 0.6861948955916474 0.8609467455621301 0.024361948955916472 0.14792899408284024
0 0.654292343387471 1.2810650887573964 0.02088167053364269 0.13609467455621302
0 0.6293503480278422 0.5887573964497042 0.029002320185614848 0.1952662721893491
0 0.5452436194895591 0.7455621301775148 0.025522041763341066 0.1301775147928994
0 0.4895591647331787 0.9289940828402367 0.03248259860788863 0.16568047337278108
0 0.5023201856148491 0.8461538461538461 0.02320185614849188 0.14201183431952663
0 0.3857308584686775 1.2485207100591715 0.02668213457076566 0.17751479289940827
0 0.4361948955916473 1.0355029585798816 0.027842227378190254 0.15384615384615385
0 0.29118329466357307 1.242603550295858 0.03248259860788863 0.17751479289940827
0 0.37819025522041766 0.7514792899408284 0.027842227378190254 0.11834319526627218
0 0.4019721577726218 0.8875739644970414 0.022041763341067284 0.1301775147928994
0 0.4460556844547564 0.9171597633136095 0.022041763341067284 0.11834319526627218
0 0.34106728538283065 1.017751479289941 0.025522041763341066 0.15384615384615385
0 0.3138051044083527 1.150887573964497 0.019721577726218097 0.1242603550295858
0 0.29640371229698376 0.7248520710059172 0.031322505800464036 0.15976331360946747
0 0.2732018561484919 0.7633136094674556 0.022041763341067284 0.11834319526627218
0 0.20185614849187936 0.8402366863905325 0.02320185614849188 0.1301775147928994
0 0.11020881670533643 0.7189349112426036 0.025522041763341066 0.13609467455621302
0 0.14675174013921113 1.3106508875739644 0.01740139211136891 0.08875739644970414
0 0.06786542923433875 1.0710059171597632 0.01740139211136891 0.09467455621301775
0 0.4866589327146172 1.3875739644970415 0.02668213457076566 0.14792899408284024
