0 0.9975074775672981 1.0897435897435896 0.006979062811565304 0.03418803418803419
0 0.9800598205383848 1.0405982905982907 0.01794616151545364 0.07264957264957266
0 0.9461615154536391 1.047008547008547 0.009970089730807577 0.042735042735042736
0 0.9277168494516451 1.047008547008547 0.006979062811565304 0.03418803418803419
0 0.8803589232303091 1.044871794871795 0.01794616151545364 0.07264957264957266
0 0.8339980059820539 1.0512820512820513 0.006979062811565304 0.03418803418803419
0 0.9042871385842473 1.143162393162393 0.04386839481555334 0.2094017094017094
0 0.7891326021934197 1.0341880341880343 0.01296111665004985 0.05982905982905983
0 0.7741774675972084 1.0491452991452992 0.006979062811565304 0.029914529914529916
0 0.7497507477567298 1.0512820512820513 0.01794616151545364 0.10256410256410256
0 0.6814556331006979 1.0405982905982907 0.01296111665004985 0.05555555555555555
0 0.6754735792622134 1.0021367521367521 0.006979062811565304 0.038461538461538464
0 0.6221335992023929 1.044871794871795 0.01794616151545364 0.09829059829059829
0 0.5922233300099701 0.9893162393162394 0.007976071784646061 0.038461538461538464
0 0.5752741774675972 1.0213675213675213 0.011964107676969093 0.05982905982905983
0 0.5563310069790628 1.1004273504273505 0.03988035892323031 0.23504273504273504
0 0.48255234297108673 1.0363247863247864 0.019940179461615155 0.09829059829059829
0 0.44017946161515453 1.0085470085470085 0.014955134596211365 0.08547008547008547
0 0.4322033898305085 1.0021367521367521 0.00897308075772682 0.038461538461538464
0 0.3474576271186441 1.1025641025641026 0.006979062811565304 0.03418803418803419
0 0.3155533399800598 1.0213675213675213 0.01694915254237288 0.07692307692307693
0 0.288135593220339 1.0256410256410255 0.019940179461615155 0.1111111111111111
0 0.28364905284147557 1.0064102564102564 0.006979062811565304 0.029914529914529916
0 0.22532402791625125 1.0961538461538463 0.031904287138584245 0.16666666666666666
0 0.11665004985044865 1.0106837606837606 0.02991026919242273 0.14102564102564102
0 0.1585244267198405 1.188034188034188 0.053838484546360914 0.27350427350427353
0 0.010468594217347957 1.1111111111111112 0.010967098703888335 0.03418803418803419
