0 0.21125827814569537 2.0927007299270075 0.007947019867549669 0.07445255474452554
0 0.22152317880794703 2.048175182481752 0.0033112582781456954 0.017518248175182483
0 0.2294701986754967 2.0905109489051097 0.008609271523178808 0.08467153284671533
0 0.23410596026490066 2.048905109489051 0.0033112582781456954 0.016058394160583942
0 0.2599337748344371 2.072992700729927 0.0033112582781456954 0.017518248175182483
0 0.26672185430463574 2.0824817518248175 0.002980132450331126 0.016058394160583942
0 0.4112582781456954 2.0423357664233577 0.0033112582781456954 0.017518248175182483
0 0.41804635761589404 2.037226277372263 0.003642384105960265 0.016058394160583942
0 0.4327814569536424 2.078102189781022 0.007947019867549669 0.09197080291970802
0 0.4367549668874172 2.02992700729927 0.003973509933774834 0.01897810218978102
0 0.022350993377483443 2.8656934306569344 0.004304635761589404 0.017518248175182483
0 0.034602649006622514 2.8605839416058396 0.004966887417218543 0.021897810218978103
0 0.0380794701986755 2.873722627737226 0.003973509933774834 0.01897810218978102
0 0.02748344370860927 2.8715328467153283 0.005298013245033113 0.026277372262773723
0 0.05066225165562914 2.8788321167883213 0.003973509933774834 0.020437956204379562
0 0.062417218543046354 2.8635036496350366 0.005629139072847682 0.024817518248175182
0 0.062417218543046354 2.8664233576642335 0.005629139072847682 0.024817518248175182
0 0.06854304635761589 2.872262773722628 0.005298013245033113 0.021897810218978103
0 0.0870860927152318 2.8693430656934305 0.005298013245033113 0.024817518248175182
0 0.10248344370860928 2.8613138686131387 0.006291390728476821 0.029197080291970802
0 0.1195364238410596 2.87007299270073 0.003973509933774834 0.020437956204379562
0 0.1240066225165563 2.87007299270073 0.004304635761589404 0.02335766423357664
0 0.1216887417218543 2.8496350364963505 0.004304635761589404 0.026277372262773723
0 0.11705298013245033 2.858394160583942 0.003642384105960265 0.017518248175182483
0 0.13725165562913907 2.9029197080291973 0.004304635761589404 0.01897810218978102
0 0.16009933774834437 2.870802919708029 0.004304635761589404 0.013138686131386862
0 0.28344370860927154 2.8445255474452553 0.004635761589403974 0.021897810218978103
0 0.31357615894039736 2.8503649635036497 0.009271523178807948 0.08905109489051095
0 0.3165562913907285 2.8386861313868614 0.001986754966887417 0.010218978102189781
0 0.3359271523178808 2.8394160583941606 0.006291390728476821 0.029197080291970802
0 0.49288079470198676 2.886861313868613 0.004966887417218543 0.021897810218978103
0 0.49735099337748345 2.858394160583942 0.00728476821192053 0.032116788321167884
0 0.5119205298013245 2.8474452554744527 0.004635761589403974 0.021897810218978103
0 0.5218543046357615 2.8576642335766422 0.005298013245033113 0.021897810218978103
0 0.6369205298013245 2.843795620437956 0.004966887417218543 0.026277372262773723
0 0.6372516556291391 2.8401459854014597 0.004966887417218543 0.021897810218978103
0 0.6600993377483444 2.856204379562044 0.004966887417218543 0.024817518248175182
0 0.6685430463576159 2.85985401459854 0.003973509933774834 0.020437956204379562
0 0.68841059602649 2.832846715328467 0.005298013245033113 0.027737226277372264
0 0.6993377483443709 2.835036496350365 0.005960264900662252 0.032116788321167884
0 0.7067880794701987 2.832846715328467 0.004966887417218543 0.027737226277372264
0 0.741887417218543 2.856934306569343 0.004966887417218543 0.026277372262773723
0 0.7399006622516556 2.837956204379562 0.005629139072847682 0.02335766423357664
0 0.7748344370860927 2.8335766423357662 0.004635761589403974 0.026277372262773723
0 0.7819536423841059 2.8386861313868614 0.004304635761589404 0.021897810218978103
0 0.81158940397351 2.845255474452555 0.005298013245033113 0.026277372262773723
0 0.820364238410596 2.8795620437956204 0.005629139072847682 0.030656934306569343
0 0.8236754966887417 2.858394160583942 0.005629139072847682 0.029197080291970802
0 0.8283112582781457 2.87007299270073 0.004966887417218543 0.02335766423357664
0 0.8468543046357616 2.837956204379562 0.00695364238410596 0.029197080291970802
0 0.8667218543046358 2.9204379562043794 0.00695364238410596 0.021897810218978103
0 0.8615894039735099 2.8656934306569344 0.005298013245033113 0.02335766423357664
0 0.8420529801324503 2.8496350364963505 0.005960264900662252 0.029197080291970802
0 0.9086092715231788 2.9197080291970803 0.006622516556291391 0.032116788321167884
0 0.9216887417218543 2.908029197080292 0.006291390728476821 0.026277372262773723
0 0.9402317880794702 2.9072992700729925 0.006291390728476821 0.027737226277372264
0 0.9188741721854304 2.848175182481752 0.005298013245033113 0.02335766423357664
0 0.9246688741721855 2.845255474452555 0.00695364238410596 0.032116788321167884
0 0.9322847682119205 2.8715328467153283 0.004966887417218543 0.02335766423357664
0 0.9451986754966888 2.8627737226277374 0.004966887417218543 0.017518248175182483
0 0.9713576158940397 2.8656934306569344 0.004966887417218543 0.026277372262773723
0 0.9673841059602649 2.862043795620438 0.004966887417218543 0.024817518248175182
0 0.9779801324503311 2.848175182481752 0.004304635761589404 0.020437956204379562
0 0.9875827814569537 2.8627737226277374 0.004966887417218543 0.02335766423357664
0 1.0107615894039734 2.834306569343066 0.004966887417218543 0.021897810218978103
0 1.0170529801324504 2.8817518248175182 0.004966887417218543 0.026277372262773723
0 1.0178807947019868 2.85985401459854 0.004635761589403974 0.026277372262773723
0 0.6798013245033112 2.8503649635036497 0.005960264900662252 0.027737226277372264
0 0.5531456953642384 2.9029197080291973 0.02880794701986755 0.1386861313868613
0 0.20596026490066224 2.8985401459854017 0.02119205298013245 0.12408759124087591
