0 0.89013671875 0.963821892393321 0.0400390625 0.08348794063079777
0 0.83935546875 0.9823747680890538 0.0302734375 0.0686456400742115
0 0.8037109375 0.9582560296846011 0.0078125 0.012987012987012988
0 0.73828125 0.9675324675324676 0.0078125 0.012987012987012988
0 0.65234375 0.9795918367346939 0.005859375 0.014842300556586271
0 0.6669921875 0.9758812615955473 0.005859375 0.014842300556586271
0 0.59033203125 0.9795918367346939 0.0068359375 0.014842300556586271
0 0.56396484375 0.9545454545454546 0.0107421875 0.02040816326530612
0 0.541015625 0.9647495361781077 0.0078125 0.01855287569573284
0 0.44384765625 0.9684601113172542 0.0087890625 0.014842300556586271
0 0.41650390625 0.9656771799628943 0.0087890625 0.016697588126159554
0 0.431640625 0.9777365491651205 0.0078125 0.014842300556586271
0 0.46337890625 0.948051948051948 0.0068359375 0.014842300556586271
0 0.4462890625 0.9452690166975881 0.0078125 0.016697588126159554
0 0.42578125 0.9359925788497218 0.0078125 0.012987012987012988
0 0.396484375 0.8868274582560297 0.005859375 0.011131725417439703
0 0.44921875 0.8840445269016698 0.0078125 0.012987012987012988
0 0.51123046875 0.9165120593692022 0.0068359375 0.014842300556586271
0 0.5185546875 0.9137291280148423 0.0078125 0.012987012987012988
0 0.52783203125 0.9591836734693877 0.0068359375 0.014842300556586271
0 0.36865234375 0.9230055658627088 0.0048828125 0.00927643784786642
0 0.33642578125 0.9183673469387755 0.0068359375 0.011131725417439703
0 0.32470703125 0.8636363636363636 0.0068359375 0.012987012987012988
0 0.09619140625 0.9554730983302412 0.0107421875 0.025974025974025976
0 0.11767578125 0.9387755102040817 0.0068359375 0.014842300556586271
0 0.07275390625 0.9304267161410018 0.0068359375 0.016697588126159554
0 0.14453125 0.9842300556586271 0.0078125 0.016697588126159554
0 0.146484375 0.9619666048237476 0.0078125 0.016697588126159554
0 0.16650390625 0.9795918367346939 0.0087890625 0.01855287569573284
0 0.173828125 0.9369202226345084 0.0078125 0.014842300556586271
0 0.22412109375 0.963821892393321 0.0087890625 0.016697588126159554
0 0.24560546875 0.9777365491651205 0.0087890625 0.014842300556586271
0 0.255859375 0.9786641929499073 0.0078125 0.016697588126159554
0 0.26513671875 0.9675324675324676 0.0068359375 0.016697588126159554
0 0.27734375 0.9749536178107606 0.0078125 0.016697588126159554
0 0.18505859375 0.8840445269016698 0.0048828125 0.00927643784786642
0 0.24267578125 0.862708719851577 0.0068359375 0.011131725417439703
0 0.296875 0.9471243042671614 0.0078125 0.016697588126159554
0 0.30126953125 0.8961038961038961 0.0048828125 0.011131725417439703
0 0.310546875 0.8933209647495362 0.005859375 0.012987012987012988
0 0.20166015625 0.8831168831168831 0.0048828125 0.011131725417439703
