0 0.011312217194570135 0.3853305785123967 0.1282051282051282 0.24173553719008264
0 0.17345399698340874 0.8119834710743802 0.0693815987933635 0.09090909090909091
0 0.30844645550527905 0.84400826446281 0.07993966817496229 0.1012396694214876
0 0.4291101055806938 0.8429752066115702 0.09502262443438914 0.13636363636363635
0 0.4766214177978884 0.7014462809917356 0.048265460030165915 0.07644628099173553
0 0.1244343891402715 0.4121900826446281 0.02865761689291101 0.047520661157024795
0 0.15912518853695323 0.44834710743801653 0.043740573152337855 0.07851239669421488
0 0.17119155354449472 0.4762396694214876 0.05580693815987934 0.08057851239669421
0 0.30392156862745096 0.45867768595041325 0.04675716440422323 0.07024793388429752
0 0.32654600301659126 0.4152892561983471 0.04072398190045249 0.06198347107438017
0 0.3665158371040724 0.4690082644628099 0.033182503770739065 0.049586776859504134
0 0.4434389140271493 0.45144628099173556 0.03619909502262444 0.0640495867768595
0 0.49095022624434387 0.5041322314049587 0.043740573152337855 0.06611570247933884
0 0.9177978883861236 0.4927685950413223 0.058823529411764705 0.08884297520661157
