0 0.13047680412371135 0.48068181818181815 0.09600515463917526 0.17954545454545454
0 0.6710695876288659 0.5880681818181818 0.09858247422680412 0.1784090909090909
0 0.5815077319587629 0.33636363636363636 0.10760309278350516 0.18636363636363637
0 0.3740335051546392 0.4028409090909091 0.047036082474226804 0.11931818181818182
0 0.24774484536082475 0.4511363636363636 0.039304123711340205 0.07954545454545454
0 0.3176546391752577 0.46193181818181817 0.03350515463917526 0.07386363636363637
0 0.33408505154639173 0.3392045454545455 0.03414948453608247 0.07613636363636364
0 0.39207474226804123 0.3380681818181818 0.03286082474226804 0.07840909090909091
0 0.18621134020618557 0.3653409090909091 0.03350515463917526 0.07386363636363637
0 0.1092139175257732 0.11136363636363636 0.03414948453608247 0.07954545454545454
0 0.7003865979381443 0.25625 0.024484536082474227 0.04431818181818182
0 0.8228092783505154 0.3431818181818182 0.030927835051546393 0.07272727272727272
0 0.9503865979381443 0.36306818181818185 0.027061855670103094 0.060227272727272727
0 0.8360180412371134 0.41363636363636364 0.028994845360824743 0.06363636363636363
0 0.8814432989690721 0.5130681818181818 0.05154639175257732 0.2761363636363636
0 0.729381443298969 0.45681818181818185 0.029639175257731958 0.06363636363636363
0 0.8025128865979382 0.5164772727272727 0.026417525773195876 0.05795454545454545
0 0.5589561855670103 0.14886363636363636 0.027706185567010308 0.06363636363636363
0 0.4336340206185567 0.2346590909090909 0.03350515463917526 0.06477272727272727
0 0.49194587628865977 0.24829545454545454 0.03286082474226804 0.07386363636363637
0 0.29027061855670105 0.17386363636363636 0.027706185567010308 0.0659090909090909
0 0.2342139175257732 0.14488636363636365 0.03414948453608247 0.07840909090909091
0 0.035438144329896906 0.16477272727272727 0.03350515463917526 0.06818181818181818
0 0.053479381443298966 0.4681818181818182 0.027061855670103094 0.06363636363636363
0 0.011275773195876288 0.8039772727272727 0.03157216494845361 0.10113636363636364
