0 0.35425685425685427 0.7076566125290024 0.012987012987012988 0.02320185614849188
0 0.9025974025974026 0.5011600928074246 0.021645021645021644 0.037122969837587005
0 0.8650793650793651 0.5243619489559165 0.021645021645021644 0.03248259860788863
0 0.8116883116883117 0.5336426914153132 0.015873015873015872 0.027842227378190254
0 0.8008658008658008 0.5522041763341067 0.017316017316017316 0.03248259860788863
0 0.8152958152958153 0.5928074245939675 0.020202020202020204 0.03480278422273782
0 0.7698412698412699 0.5626450116009281 0.021645021645021644 0.03480278422273782
0 0.7489177489177489 0.5696055684454756 0.017316017316017316 0.03480278422273782
0 0.7128427128427128 0.6044083526682135 0.017316017316017316 0.030162412993039442
0 0.7171717171717171 0.6403712296983759 0.023088023088023088 0.04176334106728538
0 0.7251082251082251 0.6809744779582366 0.027417027417027416 0.048723897911832945
0 0.6471861471861472 0.660092807424594 0.015873015873015872 0.030162412993039442
0 0.6096681096681097 0.7296983758700696 0.01875901875901876 0.04408352668213457
0 0.6486291486291487 0.7517401392111369 0.024531024531024532 0.05104408352668213
0 0.7525252525252525 0.7308584686774942 0.03318903318903319 0.04176334106728538
0 0.7792207792207793 0.765661252900232 0.03463203463203463 0.060324825986078884
0 0.512987012987013 0.8051044083526682 0.024531024531024532 0.04640371229698376
0 0.6089466089466089 0.802784222737819 0.023088023088023088 0.05568445475638051
0 0.6024531024531025 0.9048723897911833 0.03318903318903319 0.060324825986078884
0 0.4531024531024531 0.857308584686775 0.025974025974025976 0.03944315545243619
0 0.44516594516594515 0.8503480278422274 0.021645021645021644 0.03944315545243619
0 0.38961038961038963 0.8932714617169374 0.020202020202020204 0.04176334106728538
0 0.329004329004329 0.9709976798143851 0.023088023088023088 0.04408352668213457
0 0.19047619047619047 1.1078886310904872 0.031746031746031744 0.058004640371229696
0 0.15295815295815296 1.1020881670533642 0.02886002886002886 0.04640371229698376
0 0.020202020202020204 1.1554524361948957 0.023088023088023088 0.037122969837587005
0 0.056998556998557 1.1450116009280742 0.015873015873015872 0.025522041763341066
0 0.005050505050505051 1.1218097447795823 0.010101010101010102 0.02088167053364269
0 0.03751803751803752 1.1241299303944317 0.011544011544011544 0.02088167053364269
0 0.15079365079365079 1.1009280742459397 0.030303030303030304 0.04408352668213457
0 0.2842712842712843 1.105568445475638 0.03751803751803752 0.06728538283062645
0 0.18614718614718614 1.165893271461717 0.04040404040404041 0.058004640371229696
0 0.354978354978355 1.1821345707656612 0.03751803751803752 0.07192575406032482
0 0.40115440115440115 1.0962877030162412 0.03751803751803752 0.07192575406032482
0 -0.0367965367965368 1.2749419953596288 0.09956709956709957 0.17865429234338748
0 0.562049062049062 1.2529002320185614 0.09668109668109669 0.21809744779582366
0 0.1406926406926407 1.320185614849188 0.16305916305916307 0.3248259860788863
