0 0.0587515299877601 5.379310344827586 0.0073439412484700125 0.02586206896551724
0 0.047123623011015914 5.4030172413793105 0.006119951040391677 0.021551724137931036
0 0.03733170134638923 5.443965517241379 0.01346389228886169 0.14655172413793102
0 0.7937576499388005 4.743534482758621 0.008567931456548347 0.03017241379310345
0 0.8127294981640147 4.747844827586207 0.009791921664626682 0.03879310344827586
0 0.7258261933904528 4.747844827586207 0.009791921664626682 0.03017241379310345
0 0.715422276621787 4.762931034482759 0.008567931456548347 0.034482758620689655
0 0.6915544675642595 4.760775862068965 0.009791921664626682 0.03879310344827586
0 0.6866585067319462 4.767241379310345 0.0073439412484700125 0.02586206896551724
0 0.627906976744186 4.773706896551724 0.009791921664626682 0.03879310344827586
0 0.6395348837209303 4.747844827586207 0.008567931456548347 0.03017241379310345
0 0.6689106487148103 4.769396551724138 0.008567931456548347 0.04741379310344827
0 0.7466340269277846 4.760775862068965 0.009791921664626682 0.03017241379310345
0 0.7729498164014688 4.775862068965517 0.008567931456548347 0.034482758620689655
0 0.7747858017135862 4.765086206896552 0.009791921664626682 0.03017241379310345
