0 0.23220973782771537 1.7435897435897436 0.056179775280898875 0.5128205128205128
0 0.352059925093633 1.9743589743589745 0.052434456928838954 0.48717948717948717
0 0.42134831460674155 2.051282051282051 0.052434456928838954 0.5128205128205128
0 0.550561797752809 2.128205128205128 0.052434456928838954 0.48717948717948717
0 0.6666666666666666 2.198717948717949 0.052434456928838954 0.5
0 0.7855805243445693 2.0064102564102564 0.05805243445692884 0.5256410256410257
0 0.9194756554307116 1.9871794871794872 0.052434456928838954 0.48717948717948717
0 1.047752808988764 2.0641025641025643 0.054307116104868915 0.5128205128205128
0 1.1722846441947565 1.8974358974358974 0.06367041198501873 0.5384615384615384
0 1.044007490636704 1.8269230769230769 0.054307116104868915 0.47435897435897434
0 0.9250936329588015 1.8205128205128205 0.04868913857677903 0.4358974358974359
0 0.8202247191011236 1.705128205128205 0.056179775280898875 0.5128205128205128
0 0.7322097378277154 1.7243589743589745 0.052434456928838954 0.47435897435897434
0 0.6142322097378277 1.8269230769230769 0.056179775280898875 0.5256410256410257
0 0.5112359550561798 1.8461538461538463 0.056179775280898875 0.48717948717948717
0 0.37546816479400746 1.685897435897436 0.054307116104868915 0.47435897435897434
