0 0.43062966915688367 0.1817269076305221 0.07790821771611527 0.1746987951807229
0 0.2534685165421558 0.21285140562248997 0.07790821771611527 0.1646586345381526
0 0.36125933831376733 0.3433734939759036 0.08217716115261472 0.1927710843373494
0 0.5400213447171825 0.35843373493975905 0.08537886872998933 0.21084337349397592
0 0.5496264674493063 0.19377510040160642 0.0768409818569904 0.1746987951807229
0 0.7433297758804696 0.28012048192771083 0.08431163287086446 0.1827309236947791
0 0.8351120597652081 0.2931726907630522 0.07790821771611527 0.18473895582329317
0 0.987726787620064 0.35240963855421686 0.09284951974386339 0.23092369477911648
0 0.6643543223052295 0.4186746987951807 0.08431163287086446 0.21887550200803213
0 0.43543223052294555 0.4106425702811245 0.09178228388473852 0.21887550200803213
0 0.5736392742796158 0.48493975903614456 0.09498399146211313 0.2389558232931727
0 0.27481323372465316 0.41767068273092367 0.09284951974386339 0.22088353413654618
0 0.07630736392742796 0.3293172690763052 0.08431163287086446 0.20883534136546184
0 0.13180362860192102 0.3313253012048193 0.09284951974386339 0.20080321285140562
0 0.41462113127001066 0.8654618473895582 0.10992529348986126 0.285140562248996
0 0.21718249733191036 0.8323293172690763 0.11419423692636073 0.25903614457831325
0 0.8697972251867663 0.41767068273092367 0.09391675560298826 0.20883534136546184
