0 0.0215311004784689 0.7233676975945017 0.08325358851674641 0.41580756013745707
0 0.1368421052631579 0.8367697594501718 0.04784688995215311 0.2027491408934708
0 0.20956937799043063 0.9072164948453608 0.0861244019138756 0.24742268041237114
0 0.25645933014354066 0.8092783505154639 0.06315789473684211 0.24398625429553264
0 0.36028708133971293 0.8041237113402062 0.0660287081339713 0.27491408934707906
0 0.3550239234449761 0.6460481099656358 0.053588516746411484 0.19243986254295534
0 0.42392344497607654 0.788659793814433 0.03827751196172249 0.16838487972508592
0 0.5650717703349283 0.6872852233676976 0.05071770334928229 0.27491408934707906
0 0.7177033492822966 0.8487972508591065 0.04019138755980861 0.18556701030927836
0 0.5947368421052631 0.7199312714776632 0.04114832535885168 0.22336769759450173
0 0.8794258373205741 0.8264604810996563 0.013397129186602871 0.058419243986254296
0 0.9038277511961722 0.8676975945017182 0.027751196172248804 0.10652920962199312
0 0.8492822966507177 0.7972508591065293 0.05263157894736842 0.2268041237113402
0 0.5014354066985646 0.8195876288659794 0.12631578947368421 0.5738831615120275
0 0.42200956937799045 0.7869415807560137 0.042105263157894736 0.19243986254295534
