0 1.0354191263282173 1.2109375 0.03541912632821724 0.19270833333333334
0 1.0035419126328218 1.2760416666666667 0.03778040141676505 0.1875
0 0.9031877213695395 1.2109375 0.04014167650531287 0.234375
0 0.7172373081463991 1.1848958333333333 0.04132231404958678 0.19270833333333334
0 0.7077922077922078 1.4427083333333333 0.03896103896103896 0.15625
0 0.6097992916174735 1.421875 0.031877213695395513 0.1875
0 0.577331759149941 1.1796875 0.04014167650531287 0.2552083333333333
0 0.4887839433293979 1.40625 0.023612750885478158 0.17708333333333334
0 0.4397874852420307 1.3697916666666667 0.03659976387249114 0.23958333333333334
0 0.37131050767414403 1.2942708333333333 0.031877213695395513 0.203125
0 0.3347107438016529 1.4401041666666667 0.03896103896103896 0.19270833333333334
0 0.2408500590318772 1.2734375 0.03541912632821724 0.19270833333333334
0 0.15230224321133412 1.2552083333333333 0.04250295159386069 0.19791666666666666
