0 0.13435114503816795 0.7303149606299213 0.09770992366412214 0.3110236220472441
0 0.27022900763358776 0.4940944881889764 0.09465648854961832 0.3031496062992126
0 0.40458015267175573 0.6417322834645669 0.08244274809160305 0.2755905511811024
0 0.49694656488549616 0.6456692913385826 0.06564885496183206 0.2440944881889764
0 0.6129770992366412 0.5826771653543307 0.06870229007633588 0.25196850393700787
0 0.7206106870229008 0.59251968503937 0.07022900763358779 0.24015748031496062
0 0.8083969465648855 0.7165354330708661 0.08091603053435115 0.2755905511811024
0 0.9061068702290076 0.8149606299212598 0.0900763358778626 0.2677165354330709
0 0.5740458015267176 1.204724409448819 0.07633587786259542 0.2755905511811024
0 1.0381679389312977 0.8740157480314961 0.09465648854961832 0.28346456692913385
0 1.035114503816794 0.8759842519685039 0.09465648854961832 0.27165354330708663
