0 1.0556455969746084 0.4690265486725664 0.05186385737439222 0.1592920353982301
0 0.9443544030253916 0.38200589970501475 0.04754186925985954 0.16224188790560473
0 0.9989195029713668 0.4941002949852507 0.055105348460291734 0.18289085545722714
0 0.9343598055105349 0.5936578171091446 0.06212857914640735 0.1873156342182891
0 0.8314424635332253 0.39601769911504425 0.04970286331712588 0.16666666666666666
0 0.8765532144786602 0.8053097345132744 0.06320907617504051 0.21238938053097345
0 0.8241491085899514 0.5648967551622419 0.05564559697460832 0.22123893805309736
0 0.6801728795245813 0.34587020648967554 0.04538087520259319 0.1696165191740413
0 0.7477039438141545 0.504424778761062 0.04862236628849271 0.16224188790560473
0 0.7009724473257699 0.5073746312684366 0.05240410588870881 0.19174041297935104
0 0.7701242571582928 0.7433628318584071 0.05564559697460832 0.21238938053097345
0 0.8244192328471097 0.9926253687315634 0.06374932468935711 0.23893805309734514
0 0.6180443003781739 0.9904129793510325 0.06374932468935711 0.22861356932153393
0 0.7058346839546191 0.9557522123893806 0.05672609400324149 0.20353982300884957
0 0.6272285251215559 0.7359882005899705 0.05402485143165856 0.2153392330383481
0 0.6726094003241491 0.6865781710914455 0.05186385737439222 0.22271386430678466
0 0.6131820637493247 0.47935103244837757 0.04862236628849271 0.17404129793510326
0 0.4529983792544571 1.1386430678466077 0.06861156131820638 0.2448377581120944
0 0.2585089141004862 0.9808259587020649 0.06428957320367369 0.23893805309734514
0 0.48352242031334414 0.7957227138643068 0.06591031874662345 0.2168141592920354
0 0.5262020529443544 0.6570796460176991 0.05402485143165856 0.1902654867256637
0 0.5132360886007563 0.4299410029498525 0.055105348460291734 0.18141592920353983
0 0.3919502971366829 0.3864306784660767 0.04808211777417612 0.17699115044247787
0 0.37925445705024313 0.6843657817109144 0.06050783360345759 0.24778761061946902
0 0.25121555915721233 0.7337758112094396 0.06266882766072393 0.23156342182890854
0 0.16720691518098324 0.6371681415929203 0.061048082117774176 0.23303834808259588
0 0.10994057266342518 0.42920353982300885 0.05672609400324149 0.20648967551622419
0 0.22636412749864937 0.37905604719764013 0.05942733657482442 0.18289085545722714
0 0.3233387358184765 0.4668141592920354 0.05240410588870881 0.1696165191740413
