0 0.9899159663865547 0.49642857142857144 0.052100840336134456 0.09857142857142857
0 0.8512605042016806 0.45785714285714285 0.043697478991596636 0.09285714285714286
0 0.769327731092437 0.4164285714285714 0.04453781512605042 0.10142857142857142
0 0.6764705882352942 0.3492857142857143 0.052100840336134456 0.10714285714285714
0 0.6130252100840337 0.3028571428571429 0.06134453781512605 0.11428571428571428
0 0.45672268907563024 0.32785714285714285 0.06638655462184874 0.13285714285714287
0 0.4084033613445378 0.5771428571428572 0.03697478991596639 0.07142857142857142
0 0.2642857142857143 0.3007142857142857 0.06134453781512605 0.13285714285714287
0 0.15966386554621848 0.5128571428571429 0.04201680672268908 0.08571428571428572
0 0.034873949579831934 0.5314285714285715 0.037815126050420166 0.08
