0 0.9329829172141918 0.9486301369863014 0.08935611038107753 0.2808219178082192
0 1.0637319316688567 0.613013698630137 0.08015768725361366 0.22602739726027396
0 0.7654402102496715 0.7996575342465754 0.08278580814717477 0.2842465753424658
0 0.8791064388961892 0.5684931506849316 0.08409986859395532 0.2602739726027397
0 0.721419185282523 0.4623287671232877 0.07621550591327202 0.2808219178082192
0 0.6399474375821288 1.0136986301369864 0.0683311432325887 0.21232876712328766
0 0.4921156373193167 0.7602739726027398 0.07490144546649145 0.2328767123287671
0 0.3968462549277267 0.8133561643835616 0.08672798948751642 0.2636986301369863
0 0.2457293035479632 0.9366438356164384 0.07621550591327202 0.2773972602739726
0 0.15505913272010513 0.8561643835616438 0.10249671484888305 0.273972602739726
0 0.4231274638633377 0.5034246575342466 0.08935611038107753 0.2945205479452055
0 0.5433639947437582 0.2465753424657534 0.06964520367936924 0.2534246575342466
