0 0.24099883855981416 0.5982905982905983 0.07317073170731707 0.20512820512820512
0 0.34959349593495936 0.48148148148148145 0.06504065040650407 0.19373219373219372
0 0.521486643437863 0.7407407407407407 0.05807200929152149 0.17663817663817663
0 0.532520325203252 1.1253561253561253 0.015098722415795587 0.045584045584045586
0 0.6120789779326364 0.6410256410256411 0.04878048780487805 0.15954415954415954
0 0.7822299651567944 0.5911680911680912 0.0545876887340302 0.1623931623931624
0 0.9076655052264808 0.6082621082621082 0.056910569105691054 0.1737891737891738
0 1.0145180023228804 0.7364672364672364 0.059233449477351915 0.1452991452991453
0 0.9994192799070848 0.8803418803418803 0.036004645760743324 0.09686609686609686
0 0.46747967479674796 0.8717948717948718 0.024390243902439025 0.05698005698005698
0 0.5760743321718932 1.0498575498575498 0.016260162601626018 0.042735042735042736
0 0.681184668989547 1.131054131054131 0.015098722415795587 0.039886039886039885
0 0.7102206736353078 1.1353276353276354 0.017421602787456445 0.042735042735042736
0 0.7375145180023229 1.150997150997151 0.013937282229965157 0.045584045584045586
0 0.8246225319396051 0.9558404558404558 0.018583042973286876 0.04843304843304843
0 0.8629500580720093 0.9458689458689459 0.020905923344947737 0.06267806267806268
0 0.859465737514518 1.1438746438746439 0.018583042973286876 0.042735042735042736
0 0.8954703832752613 1.1623931623931625 0.020905923344947737 0.05128205128205128
0 0.9355400696864111 1.2307692307692308 0.09175377468060394 0.2849002849002849
0 1.0766550522648084 1.1495726495726495 0.030197444831591175 0.06552706552706553
0 1.1277584204413473 1.160968660968661 0.032520325203252036 0.08831908831908832
0 1.1904761904761905 1.1481481481481481 0.027874564459930314 0.09116809116809117
0 1.146341463414634 0.8945868945868946 0.027874564459930314 0.07977207977207977
0 1.146341463414634 0.896011396011396 0.027874564459930314 0.07122507122507123
0 1.0017421602787457 0.8917378917378918 0.03368176538908246 0.10826210826210826
