0 0.18589321028345418 0.30616740088105726 0.17798286090969018 0.4185022026431718
0 0.5527356624917601 0.5425844346549192 0.04284772577455504 0.09838472834067548
0 0.5735003295978905 0.6336270190895742 0.03955174686882004 0.12481644640234948
0 0.6483190507580752 0.5837004405286343 0.04021094264996704 0.1130690161527166
0 0.6298615688859591 0.5044052863436124 0.04152933421226104 0.1130690161527166
0 0.7030323005932761 1.0315712187958883 0.044166117336849046 0.13069016152716592
0 0.7330257086354647 0.5411160058737151 0.04087013843111404 0.1130690161527166
0 0.7808174027686223 0.5330396475770925 0.03361898483849703 0.1027900146842878
0 0.8065260382333553 0.5293685756240822 0.04812129202373105 0.13362701908957417
0 0.8404746209624259 0.9001468428781204 0.047462096242584045 0.12041116005873716
0 0.8806855636123929 0.4390602055800294 0.04482531311799604 0.1027900146842878
0 0.9067237969676994 0.5433186490455213 0.04812129202373105 0.1027900146842878
0 0.9640738299274885 0.4236417033773862 0.03889255108767304 0.09544787077826726
0 0.986156888595913 0.5881057268722467 0.05009887936717205 0.11894273127753303
0 1.048121292023731 0.5161527165932452 0.04878048780487805 0.11013215859030837
0 1.071852340145023 0.5513950073421439 0.05009887936717205 0.13069016152716592
0 0.983520105471325 0.8920704845814978 0.05273566249176005 0.12187958883994127
