0 0.008064516129032258 0.5058139534883721 0.03225806451612903 0.09883720930232558
0 0.08266129032258064 0.5436046511627907 0.04435483870967742 0.10465116279069768
0 0.1693548387096774 0.559593023255814 0.03225806451612903 0.10174418604651163
0 0.2913306451612903 0.5508720930232558 0.03024193548387097 0.10755813953488372
0 0.3951612903225806 0.5494186046511628 0.028225806451612902 0.09883720930232558
0 0.3392137096774194 0.5421511627906976 0.023185483870967742 0.09593023255813954
0 0.5287298387096774 0.6002906976744186 0.025201612903225805 0.09011627906976744
0 0.6154233870967742 0.6656976744186046 0.03125 0.11627906976744186
0 0.7061491935483871 0.6046511627906976 0.029233870967741934 0.10465116279069768
0 0.889616935483871 0.5930232558139535 0.03125 0.11627906976744186
0 0.9460685483870968 0.5276162790697675 0.02721774193548387 0.10174418604651163
