0 0.04076433121019108 0.43690851735015773 0.03821656050955414 0.12933753943217666
0 0.050955414012738856 0.5725552050473186 0.045859872611464965 0.13564668769716087
0 0.13184713375796178 0.5962145110410094 0.04203821656050955 0.138801261829653
0 0.09363057324840764 0.4305993690851735 0.03949044585987261 0.10410094637223975
0 0.1681528662420382 0.3785488958990536 0.03821656050955414 0.11356466876971609
0 0.21847133757961784 0.44637223974763407 0.04203821656050955 0.13564668769716087
0 0.2605095541401274 0.38958990536277605 0.03694267515923567 0.1167192429022082
0 0.33312101910828024 0.501577287066246 0.044585987261146494 0.12618296529968454
0 0.3178343949044586 0.7949526813880127 0.03949044585987261 0.12618296529968454
0 0.2719745222929936 1.2397476340694007 0.062420382165605096 0.138801261829653
0 0.39299363057324843 0.4589905362776025 0.03184713375796178 0.10410094637223975
0 0.445859872611465 0.42586750788643535 0.035668789808917196 0.10094637223974763
0 0.5184713375796178 0.46214511041009465 0.033121019108280254 0.1167192429022082
0 0.4210191082802548 0.8406940063091483 0.03949044585987261 0.13564668769716087
0 0.4961783439490446 0.8249211356466877 0.044585987261146494 0.14195583596214512
0 0.5847133757961783 0.8280757097791798 0.03821656050955414 0.12302839116719243
0 0.7050955414012738 0.8296529968454258 0.03949044585987261 0.14511041009463724
0 0.7560509554140128 0.8375394321766562 0.044585987261146494 0.13564668769716087
0 0.5949044585987261 0.46529968454258674 0.04076433121019108 0.1167192429022082
0 0.6178343949044586 0.40536277602523657 0.035668789808917196 0.1167192429022082
0 0.6834394904458598 0.4637223974763407 0.034394904458598725 0.10094637223974763
0 0.7707006369426752 0.3990536277602524 0.03821656050955414 0.1167192429022082
0 0.8490445859872612 0.44637223974763407 0.03694267515923567 0.11041009463722397
0 0.8770700636942675 0.5063091482649842 0.044585987261146494 0.13564668769716087
0 0.9579617834394905 0.7823343848580442 0.048407643312101914 0.138801261829653
0 0.9140127388535032 0.36908517350157727 0.03694267515923567 0.11987381703470032
0 1.0012738853503185 0.39589905362776023 0.04076433121019108 0.13564668769716087
