0 0.9328449328449329 0.8546511627906976 0.07081807081807082 0.20930232558139536
0 0.8144078144078144 0.8677325581395349 0.08302808302808302 0.2180232558139535
0 0.6971916971916972 0.9273255813953488 0.08791208791208792 0.20930232558139536
0 0.5683760683760684 0.9883720930232558 0.115995115995116 0.2558139534883721
0 0.3144078144078144 1.0 0.07936507936507936 0.23837209302325582
0 0.2032967032967033 0.8546511627906976 0.07203907203907203 0.20930232558139536
0 0.057997557997558 0.8604651162790697 0.07936507936507936 0.18604651162790697
0 0.06837606837606838 0.623546511627907 0.05372405372405373 0.18895348837209303
0 0.12087912087912088 0.6322674418604651 0.07326007326007326 0.15988372093023256
0 0.22344322344322345 0.6002906976744186 0.06349206349206349 0.2180232558139535
0 0.32112332112332115 0.6061046511627907 0.07814407814407814 0.2180232558139535
0 0.48717948717948717 0.684593023255814 0.09035409035409035 0.2877906976744186
0 0.6477411477411478 0.5813953488372093 0.07692307692307693 0.23837209302325582
0 0.7350427350427351 0.6191860465116279 0.07081807081807082 0.21511627906976744
0 0.8308913308913309 0.6468023255813954 0.0695970695970696 0.17732558139534885
0 0.9212454212454212 0.6322674418604651 0.06471306471306472 0.17151162790697674
0 0.9914529914529915 0.3502906976744186 0.05372405372405373 0.1308139534883721
0 0.873015873015873 0.3066860465116279 0.06105006105006105 0.17732558139534885
0 0.0757020757020757 0.3066860465116279 0.07081807081807082 0.13662790697674418
0 0.13553113553113552 0.2921511627906977 0.05616605616605617 0.15406976744186046
0 0.19047619047619047 0.3372093023255814 0.08547008547008547 0.1511627906976744
0 0.3363858363858364 0.26453488372093026 0.07692307692307693 0.1744186046511628
0 0.42063492063492064 0.2747093023255814 0.0695970695970696 0.18313953488372092
0 0.46886446886446886 0.2238372093023256 0.06593406593406594 0.14534883720930233
0 0.5256410256410257 0.3561046511627907 0.06715506715506715 0.2238372093023256
0 0.5848595848595849 0.2703488372093023 0.06593406593406594 0.20348837209302326
0 0.7203907203907204 0.20784883720930233 0.06349206349206349 0.17732558139534885
0 0.757020757020757 0.34156976744186046 0.06105006105006105 0.18895348837209303
