0 0.058577405857740586 3.1862068965517243 0.022315202231520222 0.13793103448275862
0 0.2377963737796374 2.8344827586206898 0.02092050209205021 0.13793103448275862
0 0.4198047419804742 3.1448275862068966 0.02789400278940028 0.13793103448275862
0 0.48535564853556484 3.286206896551724 0.022315202231520222 0.1310344827586207
0 0.4881450488145049 2.803448275862069 0.022315202231520222 0.1310344827586207
0 0.599721059972106 3.3517241379310345 0.02510460251046025 0.13793103448275862
0 0.602510460251046 3.0965517241379312 0.02510460251046025 0.16551724137931034
0 0.6952580195258019 3.386206896551724 0.023709902370990237 0.15172413793103448
0 0.7126917712691772 3.1241379310344826 0.022315202231520222 0.13793103448275862
0 0.7050209205020921 2.6586206896551725 0.02092050209205021 0.1310344827586207
0 0.799163179916318 2.793103448275862 0.022315202231520222 0.13793103448275862
0 0.8089260808926081 3.382758620689655 0.02789400278940028 0.14482758620689656
0 0.8214783821478382 3.193103448275862 0.022315202231520222 0.12413793103448276
0 0.8919107391910739 2.803448275862069 0.023709902370990237 0.1310344827586207
0 1.0355648535564854 2.8448275862068964 0.023709902370990237 0.15862068965517243
0 0.9114365411436541 3.503448275862069 0.01813110181311018 0.1793103448275862
0 0.9379358437935844 3.206896551724138 0.023709902370990237 0.15172413793103448
