0 0.9310865191146881 0.9912280701754386 0.09959758551307847 0.2850877192982456
0 0.2067404426559356 0.9616228070175439 0.10764587525150905 0.3223684210526316
0 0.71579476861167 0.7105263157894737 0.08551307847082495 0.25
0 0.4612676056338028 0.7236842105263158 0.0875251509054326 0.29385964912280704
0 0.32193158953722334 0.5087719298245614 0.1006036217303823 0.2850877192982456
0 0.43762575452716296 0.2719298245614035 0.07042253521126761 0.20175438596491227
0 0.5538229376257545 0.5515350877192983 0.07746478873239436 0.22149122807017543
0 0.6664989939637826 0.35855263157894735 0.07142857142857142 0.20833333333333334
0 0.8319919517102615 0.24671052631578946 0.07042253521126761 0.22587719298245615
0 1.0030181086519114 0.26973684210526316 0.06639839034205232 0.20175438596491227
0 1.0980885311871227 0.6787280701754386 0.1096579476861167 0.2916666666666667
