0 0.14134078212290502 0.3869209809264305 0.06815642458100558 0.1008174386920981
0 0.08324022346368715 0.4250681198910082 0.07262569832402235 0.08174386920980926
0 0.17374301675977655 0.3446866485013624 0.05027932960893855 0.05994550408719346
0 0.27318435754189946 0.3106267029972752 0.054748603351955305 0.07901907356948229
0 0.5737430167597766 0.39850136239782014 0.06368715083798883 0.09128065395095368
0 0.46145251396648046 0.3446866485013624 0.06480446927374302 0.10899182561307902
0 0.3675977653631285 0.39986376021798364 0.09832402234636871 0.10762942779291552
0 0.29553072625698323 0.45231607629427795 0.07486033519553073 0.12534059945504086
0 0.2005586592178771 0.4673024523160763 0.07486033519553073 0.07901907356948229
0 0.20279329608938548 0.5701634877384196 0.09944134078212291 0.11307901907356949
0 0.04078212290502793 0.694141689373297 0.09720670391061452 0.11035422343324251
0 0.08324022346368715 0.5299727520435967 0.08603351955307263 0.09809264305177112
0 0.21396648044692737 0.37942779291553136 0.05698324022346369 0.055858310626702996
0 0.33519553072625696 0.33651226158038144 0.07374301675977654 0.07629427792915532
0 0.40502793296089384 0.3249318801089918 0.07039106145251396 0.08038147138964577
0 0.41508379888268154 0.2888283378746594 0.048044692737430165 0.07356948228882834
0 0.44692737430167595 0.24659400544959129 0.049162011173184354 0.08174386920980926
0 0.48044692737430167 0.22479564032697547 0.06256983240223464 0.10899182561307902
0 0.38268156424581007 0.22138964577656675 0.05027932960893855 0.0776566757493188
0 0.3324022346368715 0.2574931880108992 0.03910614525139665 0.05994550408719346
0 0.20335195530726258 0.26907356948228883 0.0223463687150838 0.02861035422343324
0 0.2748603351955307 0.3119891008174387 0.05139664804469274 0.07901907356948229
0 0.2748603351955307 0.3119891008174387 0.055865921787709494 0.07901907356948229
0 0.9016759776536313 0.13555858310626703 0.18100558659217877 0.21934604904632152
