0 -0.009394572025052192 0.8643446379468378 0.050521920668058454 0.15032080659945005
0 -0.02546972860125261 0.6429880843263062 0.03507306889352818 0.07057745187901009
0 0.008768267223382045 0.5384967919340055 0.031732776617954074 0.076076993583868
0 0.04551148225469728 0.3281393217231897 0.02755741127348643 0.06232813932172319
0 0.059498956158663886 0.4688359303391384 0.031315240083507306 0.06874427131072411
0 0.0684759916492693 0.4922089825847846 0.037578288100208766 0.06966086159486709
0 0.06597077244258873 0.580659945004583 0.04258872651356994 0.09807516040329972
0 0.12025052192066805 0.6021998166819432 0.03590814196242171 0.09165902841429881
0 0.12087682672233821 0.6544454628780935 0.04384133611691023 0.10999083409715857
0 0.17661795407098121 0.6759853345554537 0.048434237995824636 0.10907424381301559
0 0.16367432150313152 0.8620531622364803 0.0709812108559499 0.13657195233730524
0 0.2678496868475992 0.9839596700274977 0.07473903966597077 0.2080659945004583
0 0.24008350730688935 0.770852428964253 0.05344467640918581 0.13198900091659027
0 0.25970772442588724 0.608615948670944 0.04091858037578288 0.09349220898258478
0 0.23528183716075157 0.5614115490375802 0.02964509394572025 0.08524289642529789
0 0.17244258872651358 0.5384967919340055 0.028392484342379957 0.06874427131072411
0 0.1582463465553236 0.5215398716773603 0.029227557411273485 0.08065994500458296
0 0.1661795407098121 0.4615032080659945 0.033402922755741124 0.05957836846929423
0 0.14133611691022965 0.424839596700275 0.023799582463465554 0.05591200733272227
0 0.07933194154488518 0.3001833180568286 0.02254697286012526 0.05591200733272227
0 0.1883089770354906 0.16315307057745188 0.021711899791231733 0.054995417048579284
0 0.22421711899791233 0.1700274977085243 0.015031315240083507 0.04857928505957837
0 0.21670146137787055 0.48166819431714025 0.02338204592901879 0.04857928505957837
0 0.2348643006263048 0.5252062328139322 0.02881002087682672 0.06966086159486709
0 0.25845511482254696 0.4454628780934922 0.02338204592901879 0.054995417048579284
0 0.29123173277661796 0.47066911090742436 0.02546972860125261 0.05774518790100825
0 0.3125260960334029 0.5504124656278644 0.03632567849686848 0.08340971585701192
0 0.39916492693110645 0.693858845096242 0.05177453027139875 0.12465627864344637
0 0.38705636743215033 0.6076993583868011 0.038413361169102295 0.08615948670944087
0 0.35177453027139877 0.5297891842346472 0.03382045929018789 0.07332722273143905
0 0.34926931106471815 0.4523373052245646 0.022964509394572025 0.054078826764436295
0 0.3068893528183716 0.4486709440879927 0.02254697286012526 0.05774518790100825
0 0.3793319415448852 0.4867094408799267 0.024634655532359082 0.06416131989000917
0 0.4171189979123173 0.5132905591200734 0.026722338204592903 0.06049495875343722
0 0.4384133611691023 0.5545371219065078 0.028392484342379957 0.06966086159486709
0 0.5183716075156576 0.8134738771769019 0.05219206680584551 0.13290559120073328
0 0.5749478079331941 0.73006416131989 0.054279749478079335 0.11824014665444546
0 0.4837160751565762 0.6296975252062328 0.03298538622129436 0.08799266727772685
0 0.5087682672233821 0.5545371219065078 0.037160751565762005 0.09349220898258478
0 0.484133611691023 0.5252062328139322 0.02630480167014614 0.06966086159486709
0 0.46868475991649267 0.4908340971585701 0.024634655532359082 0.05957836846929423
0 0.4323590814196242 0.4674610449129239 0.022964509394572025 0.05316223648029331
0 0.39394572025052194 0.4642529789184235 0.027139874739039668 0.05957836846929423
0 0.5260960334029228 0.4908340971585701 0.02755741127348643 0.06691109074243813
0 0.5444676409185804 0.5219981668194317 0.031732776617954074 0.08157653528872594
0 0.5960334029227558 0.5536205316223648 0.03549060542797495 0.08615948670944087
0 0.575991649269311 0.5022914757103575 0.030480167014613778 0.06782768102658111
0 0.6657620041753654 0.5705774518790101 0.037160751565762005 0.08340971585701192
0 0.6388308977035491 0.4995417048579285 0.024217118997912318 0.05682859761686526
0 0.9277661795407098 0.5536205316223648 0.05845511482254697 0.11732355637030248
0 0.855741127348643 0.4055912007332722 0.05302713987473904 0.11640696608615948
0 0.8321503131524008 0.36709440879926675 0.05344467640918581 0.11090742438130156
0 0.7524008350730689 0.13519706691109074 0.03590814196242171 0.06874427131072411
0 0.705427974947808 0.19752520623281394 0.0162839248434238 0.054078826764436295
0 0.6281837160751566 0.27314390467461047 0.022129436325678497 0.05316223648029331
0 0.6538622129436326 0.1681943171402383 0.01837160751565762 0.054078826764436295
0 0.5563674321503131 0.2768102658111824 0.018789144050104383 0.04949587534372136
0 0.48872651356993735 0.2777268560953254 0.02129436325678497 0.05682859761686526
0 0.4450939457202505 0.2506874427131072 0.01753653444676409 0.04857928505957837
0 0.3196242171189979 0.24243813015582036 0.0162839248434238 0.04674610449129239
0 0.3317327766179541 0.18698441796516957 0.0162839248434238 0.04216315307057745
0 0.40897703549060543 0.22456461961503207 0.012943632567849687 0.03666361136571952
0 0.4820459290187891 0.1686526122823098 0.0162839248434238 0.04949587534372136
0 0.5311064718162839 0.18790100824931255 0.015031315240083507 0.045829514207149404
0 0.5847599164926931 0.1842346471127406 0.015448851774530271 0.04949587534372136
0 0.118580375782881 0.42896425297891844 0.02338204592901879 0.04949587534372136
0 0.20542797494780793 0.44912923923006415 0.026722338204592903 0.06049495875343722
