0 -0.010940919037199124 0.3851063829787234 0.08023340627279359 0.5517730496453901
0 0.0525164113785558 0.16879432624113475 0.027716994894237783 0.062411347517730496
0 0.11889132020423049 0.14397163120567377 0.029175784099197667 0.08368794326241134
0 0.20605397520058352 0.2 0.04886943836615609 0.11914893617021277
0 0.3530269876002918 0.19574468085106383 0.05397520058351568 0.14468085106382977
0 0.26659372720641866 0.19858156028368795 0.021152443471918306 0.05390070921985816
0 0.22538293216630198 0.16312056737588654 0.0262582056892779 0.062411347517730496
0 0.2899343544857768 0.15460992907801419 0.025528811086797956 0.05673758865248227
0 0.43216630196936545 0.19148936170212766 0.029905178701677606 0.07092198581560284
0 0.4985412107950401 0.250354609929078 0.01823486506199854 0.04113475177304964
0 0.4777534646243618 0.1921985815602837 0.020423048869438368 0.0524822695035461
0 0.5576221735959154 0.19929078014184398 0.021152443471918306 0.04964539007092199
0 0.5474106491611962 0.23546099290780143 0.028446389496717725 0.06524822695035461
0 0.6663019693654267 0.1595744680851064 0.05032822757111598 0.1148936170212766
0 0.6998541210795041 0.18156028368794327 0.028446389496717725 0.059574468085106386
0 0.8654266958424508 0.18652482269503545 0.034281546316557256 0.075177304964539
0 0.9318016046681254 0.2078014184397163 0.034281546316557256 0.08368794326241134
0 0.9117432530999271 0.15886524822695036 0.0262582056892779 0.05673758865248227
0 0.8019693654266958 0.17801418439716313 0.034281546316557256 0.06666666666666667
0 0.7308533916849015 0.1950354609929078 0.02188183807439825 0.04964539007092199
0 0.512764405543399 0.15886524822695036 0.020423048869438368 0.04539007092198582
0 0.549963530269876 0.15390070921985816 0.0175054704595186 0.03829787234042553
0 0.6765134938001459 0.2773049645390071 0.02698760029175784 0.05815602836879433
0 0.38584974471188915 0.21560283687943263 0.03792851932895697 0.1049645390070922
0 0.7833698030634574 0.18865248226950354 0.023340627279358133 0.059574468085106386
