0 0.8777777777777778 1.172340425531915 0.10038314176245211 0.2680851063829787
0 0.40881226053639846 0.7585106382978724 0.10191570881226053 0.23617021276595745
0 0.7521072796934866 1.3308510638297872 0.11724137931034483 0.3170212765957447
0 0.30727969348659 1.226595744680851 0.056704980842911874 0.18085106382978725
0 0.3743295019157088 1.3638297872340426 0.05900383141762452 0.19574468085106383
0 0.29195402298850576 1.2819148936170213 0.04291187739463601 0.16382978723404254
0 0.2157088122605364 1.2414893617021276 0.05440613026819923 0.16382978723404254
0 0.1739463601532567 1.2319148936170212 0.04904214559386973 0.1574468085106383
0 0.0421455938697318 1.2425531914893617 0.03984674329501916 0.1148936170212766
0 0.12183908045977011 1.2446808510638299 0.04597701149425287 0.14468085106382977
0 0.571647509578544 1.2106382978723405 0.06896551724137931 0.1702127659574468
0 0.6988505747126437 1.2106382978723405 0.056704980842911874 0.1702127659574468
