0 0.961926091825308 0.7249322493224932 0.0335946248600224 0.08943089430894309
0 0.7010078387458006 0.7154471544715447 0.03583426651735722 0.10298102981029811
0 0.1522956326987682 0.5826558265582655 0.03135498320268757 0.10840108401084012
0 0.12262038073908174 0.8102981029810298 0.023516237402015677 0.07046070460704607
0 0.1517357222844345 0.5813008130081301 0.032474804031354984 0.0948509485094851
0 0.23852183650615902 0.7845528455284553 0.03135498320268757 0.08401084010840108
0 0.31298992161254197 0.7940379403794038 0.030235162374020158 0.10840108401084012
0 0.38465845464725645 0.6178861788617886 0.036954087346024636 0.11924119241192412
0 0.5005599104143337 0.6734417344173442 0.04479283314669653 0.13279132791327913
0 0.6170212765957447 0.4986449864498645 0.051511758118701005 0.16802168021680217
0 0.45464725643896975 0.8130081300813008 0.03135498320268757 0.07588075880758807
