0 0.3257967856169981 1.1772151898734178 0.07191500953418686 0.26441631504922647
0 0.5595205666031055 1.2338255977496484 0.08008716970852629 0.27355836849507736
0 0.7463906292563334 1.1888185654008439 0.07572868428221192 0.2651195499296765
0 0.9554617270498502 1.2324191279887482 0.0743666575864887 0.2580872011251758
0 1.2073004630890765 1.2278481012658229 0.06810133478616182 0.2489451476793249
0 0.27771724325796787 0.6680731364275668 0.07273222555162082 0.20253164556962025
0 0.46104603650231546 0.6040787623066104 0.055298283846363386 0.19268635724331926
0 0.6306183601198584 0.5541490857946554 0.05175701443748298 0.21518987341772153
0 0.7804412966494143 0.4781997187060478 0.06265322800326886 0.21518987341772153
0 0.954099700354127 0.5319971870604782 0.05965676927267775 0.21167369901547117
0 1.1059656769272679 0.5611814345991561 0.06537728139471534 0.20956399437412096
