0 0.37166900420757365 1.9563106796116505 0.06030855539971949 0.3786407766990291
0 0.44424964936886396 1.726537216828479 0.05539971949509116 0.33980582524271846
0 0.5136746143057503 1.8656957928802589 0.061009817671809255 0.39158576051779936
0 0.517531556802244 1.6245954692556634 0.061711079943899017 0.34951456310679613
0 0.5792426367461431 1.7119741100323624 0.05750350631136045 0.31715210355987056
0 0.6174614305750351 1.522653721682848 0.056802244039270686 0.3333333333333333
0 0.6307854137447405 1.8268608414239482 0.0638148667601683 0.3851132686084142
0 0.6914446002805049 1.4870550161812297 0.05750350631136045 0.3268608414239482
0 0.7307152875175316 1.9595469255663431 0.051893408134642355 0.33980582524271846
0 0.7738429172510519 1.3754045307443366 0.052594670406732116 0.2912621359223301
0 0.8246844319775596 1.5469255663430421 0.05329593267882188 0.32362459546925565
0 0.7787517531556802 1.9061488673139158 0.052594670406732116 0.3300970873786408
0 0.8899018232819075 1.4110032362459546 0.05329593267882188 0.2977346278317152
0 0.8692145862552595 1.8478964401294498 0.05539971949509116 0.2977346278317152
0 0.9035764375876578 1.9514563106796117 0.04838709677419355 0.2977346278317152
0 0.9358345021037868 1.6116504854368932 0.05119214586255259 0.3106796116504854
0 0.9502103786816269 1.8737864077669903 0.05750350631136045 0.343042071197411
0 1.009116409537167 1.6537216828478964 0.061711079943899017 0.3365695792880259
0 1.0305049088359046 1.831715210355987 0.05820476858345021 0.34951456310679613
0 1.0862552594670407 1.5776699029126213 0.05750350631136045 0.34627831715210355
0 1.1328892005610098 1.720064724919094 0.06241234221598878 0.3592233009708738
0 1.164796633941094 1.8268608414239482 0.0546984572230014 0.30097087378640774
0 1.2282608695652173 2.046925566343042 0.07223001402524544 0.3592233009708738
0 1.2661290322580645 1.779935275080906 0.0455820476858345 0.2783171521035599
0 1.311360448807854 1.964401294498382 0.06030855539971949 0.34951456310679613
0 1.0848527349228612 2.046925566343042 0.05890603085553997 0.3656957928802589
