0 1.0984174085064293 1.721476510067114 0.05637982195845697 0.5436241610738255
0 1.096439169139466 1.1946308724832215 0.04253214638971316 0.348993288590604
0 0.8491592482690405 1.1543624161073827 0.03857566765578635 0.3221476510067114
0 0.33481701285855586 1.483221476510067 0.01483679525222552 0.10738255033557047
0 0.3526211671612265 1.5939597315436242 0.006923837784371909 0.0738255033557047
0 0.3600395647873393 1.570469798657718 0.005934718100890208 0.053691275167785234
0 0.36251236399604353 1.4932885906040267 0.006923837784371909 0.06040268456375839
0 0.41740850642927796 1.4966442953020134 0.00791295746785361 0.053691275167785234
0 0.45647873392680516 1.4261744966442953 0.010880316518298714 0.06040268456375839
0 0.48318496538081107 1.5100671140939597 0.006923837784371909 0.053691275167785234
0 0.5187932739861523 1.4630872483221478 0.006923837784371909 0.053691275167785234
