0 0.014955134596211365 0.6850490196078431 0.01794616151545364 0.04656862745098039
0 0.023429710867397806 0.7389705882352942 0.01694915254237288 0.04656862745098039
0 0.03738783649052842 0.7193627450980392 0.01296111665004985 0.041666666666666664
0 0.05084745762711865 0.6936274509803921 0.015952143569292122 0.049019607843137254
0 0.07477567298105683 0.7904411764705882 0.013958125623130608 0.03676470588235294
0 0.10767696909272183 0.7879901960784313 0.013958125623130608 0.03676470588235294
0 0.11665004985044865 0.7156862745098039 0.023928215353938187 0.04411764705882353
0 0.09770687936191426 0.7205882352941176 0.011964107676969093 0.03431372549019608
0 0.14057826520438685 0.7034313725490197 0.015952143569292122 0.0392156862745098
0 0.09022931206380858 0.7181372549019608 0.014955134596211365 0.0392156862745098
0 0.211864406779661 0.7303921568627451 0.01694915254237288 0.04411764705882353
0 0.21734795613160518 0.7022058823529411 0.013958125623130608 0.041666666666666664
0 0.25623130608175476 0.7144607843137255 0.015952143569292122 0.041666666666666664
0 0.25373878364905283 0.6568627450980392 0.014955134596211365 0.04411764705882353
0 0.28414755732801594 0.6948529411764706 0.01794616151545364 0.04656862745098039
0 0.31056829511465606 0.7254901960784313 0.01296111665004985 0.0392156862745098
0 0.31954137587238285 0.6985294117647058 0.014955134596211365 0.04411764705882353
0 0.353938185443669 0.7193627450980392 0.015952143569292122 0.041666666666666664
0 0.3693918245264207 0.7254901960784313 0.01296111665004985 0.049019607843137254
0 0.40428713858424725 0.7193627450980392 0.01694915254237288 0.04656862745098039
0 0.42273180458624127 0.7034313725490197 0.013958125623130608 0.0392156862745098
0 0.41824526420737784 0.6519607843137255 0.01296111665004985 0.0392156862745098
0 0.43519441674975073 0.6237745098039216 0.01296111665004985 0.03676470588235294
0 0.43968095712861416 0.5845588235294118 0.013958125623130608 0.041666666666666664
0 0.44666001994017945 0.5171568627450981 0.013958125623130608 0.03431372549019608
0 0.4621136590229312 0.4632352941176471 0.014955134596211365 0.03431372549019608
0 0.4780658025922233 0.48161764705882354 0.01296111665004985 0.03676470588235294
0 0.48404785643070786 0.44730392156862747 0.01296111665004985 0.03676470588235294
0 0.4531405782652044 0.4338235294117647 0.01296111665004985 0.0392156862745098
0 0.44516450648055833 0.45098039215686275 0.014955134596211365 0.0392156862745098
0 0.4137587238285145 0.4693627450980392 0.013958125623130608 0.03676470588235294
0 0.40628115653040875 0.4571078431372549 0.01694915254237288 0.04656862745098039
0 0.3968095712861416 0.4803921568627451 0.011964107676969093 0.03431372549019608
0 0.3863409770687936 0.47794117647058826 0.010967098703888335 0.03431372549019608
0 0.405284147557328 0.571078431372549 0.01296111665004985 0.0392156862745098
0 0.41625124626121635 0.5955882352941176 0.01296111665004985 0.03431372549019608
0 0.405284147557328 0.6176470588235294 0.01296111665004985 0.0392156862745098
0 0.382851445663011 0.6568627450980392 0.015952143569292122 0.0392156862745098
0 0.3594217347956132 0.6556372549019608 0.014955134596211365 0.031862745098039214
0 0.3270189431704885 0.7867647058823529 0.02991026919242273 0.27450980392156865
0 0.3160518444666002 0.6580882352941176 0.013958125623130608 0.03676470588235294
0 0.31455633100697905 0.6274509803921569 0.014955134596211365 0.0392156862745098
0 0.2811565304087737 0.5980392156862745 0.011964107676969093 0.03431372549019608
0 0.3085742771684945 0.5661764705882353 0.01296111665004985 0.04411764705882353
0 0.33150548354935194 0.6225490196078431 0.01296111665004985 0.03431372549019608
0 0.3474576271186441 0.5772058823529411 0.01296111665004985 0.041666666666666664
0 0.3813559322033898 0.5882352941176471 0.01296111665004985 0.03431372549019608
0 0.3614157527417747 0.5049019607843137 0.014955134596211365 0.04411764705882353
0 0.3444666001994018 0.4963235294117647 0.01296111665004985 0.03676470588235294
0 0.3604187437686939 0.5036764705882353 0.01296111665004985 0.041666666666666664
0 0.3778664007976072 0.5477941176470589 0.013958125623130608 0.03676470588235294
0 0.4965104685942173 0.45098039215686275 0.011964107676969093 0.029411764705882353
0 0.5079760717846461 0.4424019607843137 0.010967098703888335 0.031862745098039214
0 0.5154536390827518 0.4362745098039216 0.009970089730807577 0.029411764705882353
0 0.5269192422731804 0.42034313725490197 0.01296111665004985 0.03676470588235294
0 0.5488534396809571 0.42892156862745096 0.014955134596211365 0.0392156862745098
0 0.5667996011964108 0.4387254901960784 0.010967098703888335 0.029411764705882353
0 0.5787637088733799 0.42401960784313725 0.01296111665004985 0.0392156862745098
0 0.598703888334995 0.43504901960784315 0.010967098703888335 0.03676470588235294
0 0.5977068793619142 0.4338235294117647 0.01296111665004985 0.0392156862745098
0 0.6221335992023929 0.4056372549019608 0.011964107676969093 0.031862745098039214
0 0.6600199401794616 0.4007352941176471 0.013958125623130608 0.03676470588235294
0 0.678963110667996 0.39215686274509803 0.013958125623130608 0.0392156862745098
0 0.6784646061814557 0.4387254901960784 0.01296111665004985 0.0392156862745098
0 0.7068793619142573 0.4105392156862745 0.013958125623130608 0.041666666666666664
0 0.6994017946161516 0.40808823529411764 0.01296111665004985 0.041666666666666664
0 0.711864406779661 0.38480392156862747 0.013958125623130608 0.03431372549019608
0 0.732801595214357 0.39705882352941174 0.015952143569292122 0.049019607843137254
0 0.744765702891326 0.40318627450980393 0.013958125623130608 0.03676470588235294
0 0.7522432701894317 0.40318627450980393 0.00897308075772682 0.02696078431372549
0 0.769690927218345 0.40808823529411764 0.015952143569292122 0.041666666666666664
0 0.80259222333001 0.41911764705882354 0.013958125623130608 0.04411764705882353
0 0.7941176470588235 0.36764705882352944 0.01296111665004985 0.0392156862745098
0 0.8334995014955134 0.3737745098039216 0.013958125623130608 0.041666666666666664
0 0.8494516450648056 0.37254901960784315 0.013958125623130608 0.0392156862745098
0 0.882851445663011 0.39705882352941174 0.01296111665004985 0.0392156862745098
0 0.7253240279162513 0.6752450980392157 0.01694915254237288 0.04656862745098039
0 0.7068793619142573 0.6801470588235294 0.015952143569292122 0.03676470588235294
0 0.6669990029910269 0.6703431372549019 0.013958125623130608 0.041666666666666664
0 0.6490528414755733 0.625 0.011964107676969093 0.0392156862745098
0 0.6306081754735793 0.5281862745098039 0.01296111665004985 0.03676470588235294
0 0.5967098703888335 0.5514705882352942 0.010967098703888335 0.029411764705882353
0 0.561814556331007 0.553921568627451 0.01296111665004985 0.03431372549019608
0 0.5363908275174477 0.5514705882352942 0.013958125623130608 0.03431372549019608
0 0.5119641076769691 0.5637254901960784 0.00897308075772682 0.029411764705882353
0 0.5319042871385843 0.6004901960784313 0.01296111665004985 0.0392156862745098
0 0.5129611166500498 0.6556372549019608 0.014955134596211365 0.041666666666666664
0 0.5333998005982054 0.6617647058823529 0.013958125623130608 0.04411764705882353
0 0.5528414755732801 0.7058823529411765 0.026919242273180457 0.10784313725490197
0 0.5613160518444666 0.6605392156862745 0.009970089730807577 0.031862745098039214
0 0.5767696909272183 0.678921568627451 0.01296111665004985 0.03431372549019608
0 0.5887337986041874 0.5759803921568627 0.00897308075772682 0.029411764705882353
0 0.5912263210368893 0.6151960784313726 0.011964107676969093 0.03431372549019608
0 0.5917248255234298 0.6556372549019608 0.01296111665004985 0.03676470588235294
0 0.6056829511465603 0.5919117647058824 0.00897308075772682 0.031862745098039214
0 0.6251246261216351 0.6017156862745098 0.013958125623130608 0.04656862745098039
0 0.5902293120638086 0.7144607843137255 0.013958125623130608 0.041666666666666664
0 0.6061814556331007 0.7622549019607843 0.015952143569292122 0.04411764705882353
0 0.6326021934197408 0.8125 0.01296111665004985 0.041666666666666664
0 0.6535393818544367 0.7757352941176471 0.01694915254237288 0.04656862745098039
0 0.656530408773679 0.7365196078431373 0.01694915254237288 0.04656862745098039
0 0.6455633100697906 0.6948529411764706 0.01296111665004985 0.03676470588235294
0 0.6111665004985045 0.7156862745098039 0.013958125623130608 0.0392156862745098
0 0.6116650049850448 0.7169117647058824 0.01296111665004985 0.041666666666666664
0 0.7796610169491526 0.6568627450980392 0.013958125623130608 0.0392156862745098
0 0.8020937188434696 0.7058823529411765 0.01296111665004985 0.0392156862745098
0 0.8085742771684945 0.7696078431372549 0.013958125623130608 0.04411764705882353
0 0.8285144566301097 0.6825980392156863 0.01794616151545364 0.051470588235294115
0 0.8529411764705882 0.6936274509803921 0.014955134596211365 0.04411764705882353
0 0.8803589232303091 0.7218137254901961 0.015952143569292122 0.04656862745098039
0 0.806580259222333 0.5857843137254902 0.01794616151545364 0.04411764705882353
0 0.843469591226321 0.5674019607843137 0.013958125623130608 0.03676470588235294
0 0.8414755732801595 0.5441176470588235 0.013958125623130608 0.0392156862745098
0 0.882851445663011 0.6139705882352942 0.01296111665004985 0.03676470588235294
0 0.9172482552342971 0.7377450980392157 0.015952143569292122 0.049019607843137254
0 0.9436689930209372 0.7169117647058824 0.01694915254237288 0.051470588235294115
0 0.9685942173479561 0.7071078431372549 0.018943170488534396 0.056372549019607844
0 0.9376869391824526 0.6433823529411765 0.01296111665004985 0.03676470588235294
0 0.959122632103689 0.6078431372549019 0.013958125623130608 0.0392156862745098
0 0.9785643070787637 0.5882352941176471 0.018943170488534396 0.058823529411764705
0 0.9107676969092722 0.6053921568627451 0.01694915254237288 0.04411764705882353
0 0.9466600199401795 0.5232843137254902 0.01694915254237288 0.04656862745098039
0 0.9351944167497508 0.4987745098039216 0.015952143569292122 0.041666666666666664
0 0.9067796610169492 0.5036764705882353 0.014955134596211365 0.041666666666666664
0 0.9820538384845464 0.5049019607843137 0.015952143569292122 0.05392156862745098
0 1.0 0.3602941176470588 0.011964107676969093 0.03431372549019608
0 0.9845463609172482 0.36519607843137253 0.01694915254237288 0.0392156862745098
0 0.9561316051844466 0.37745098039215685 0.013958125623130608 0.04411764705882353
0 0.9302093718843469 0.38480392156862747 0.013958125623130608 0.0392156862745098
0 0.7607178464606181 0.7205882352941176 0.027916251246261216 0.08333333333333333
0 0.47308075772681957 0.6115196078431373 0.0448654037886341 0.125
0 0.17397806580259223 0.6617647058823529 0.026919242273180457 0.0784313725490196
0 0.7632103688933201 0.553921568627451 0.014955134596211365 0.04411764705882353
