0 0.05029296875 1.4618138424821003 0.0126953125 0.031026252983293555
0 0.0498046875 1.39618138424821 0.015625 0.04295942720763723
0 0.0810546875 2.032219570405728 0.064453125 0.17899761336515513
0 0.734375 1.227923627684964 0.005859375 0.026252983293556086
0 0.75341796875 1.2195704057279235 0.0068359375 0.04295942720763723
0 0.759765625 1.2183770883054892 0.005859375 0.0405727923627685
0 0.89990234375 1.2136038186157518 0.0029296875 0.007159904534606206
0 0.90966796875 1.2136038186157518 0.0029296875 0.007159904534606206
0 0.91162109375 1.256563245823389 0.0048828125 0.011933174224343675
0 0.9052734375 1.2673031026252983 0.005859375 0.014319809069212411
0 0.86328125 1.2708830548926013 0.0078125 0.03579952267303103
0 0.9287109375 1.2386634844868736 0.00390625 0.00954653937947494
0 0.93212890625 1.2362768496420047 0.0029296875 0.00954653937947494
0 0.9462890625 1.239856801909308 0.00390625 0.007159904534606206
0 0.951171875 1.2171837708830548 0.00390625 0.00954653937947494
0 0.9423828125 1.2780429594272076 0.0078125 0.016706443914081145
0 0.9560546875 1.2649164677804297 0.0078125 0.01909307875894988
0 0.96923828125 1.266109785202864 0.0068359375 0.016706443914081145
0 0.978515625 1.2458233890214798 0.005859375 0.014319809069212411
0 0.99951171875 1.239856801909308 0.0068359375 0.016706443914081145
0 1.01708984375 1.2446300715990453 0.0224609375 0.03579952267303103
0 1.0361328125 1.2589498806682577 0.009765625 0.08353221957040573
0 1.0400390625 1.1837708830548925 0.00390625 0.00954653937947494
0 0.83154296875 1.2410501193317423 0.0068359375 0.01909307875894988
0 0.814453125 1.2470167064439142 0.013671875 0.0405727923627685
0 0.77978515625 1.2386634844868736 0.0126953125 0.04295942720763723
0 0.74951171875 1.2446300715990453 0.0068359375 0.016706443914081145
0 0.75537109375 1.266109785202864 0.0126953125 0.031026252983293555
0 0.673828125 1.2768496420047732 0.00390625 0.014319809069212411
0 0.6845703125 1.2768496420047732 0.00390625 0.00954653937947494
0 0.73583984375 1.279236276849642 0.0322265625 0.0954653937947494
0 0.69482421875 1.369928400954654 0.0107421875 0.03341288782816229
0 0.6943359375 1.4176610978520285 0.0234375 0.05250596658711217
0 0.67041015625 1.4534606205250598 0.0205078125 0.07159904534606205
0 0.638671875 1.3460620525059666 0.01171875 0.03818615751789976
0 0.49560546875 1.3866348448687351 0.0126953125 0.028639618138424822
0 0.47119140625 1.3890214797136038 0.0126953125 0.028639618138424822
0 0.44970703125 1.2899761336515514 0.0107421875 0.031026252983293555
0 0.3798828125 1.3687350835322196 0.017578125 0.050119331742243436
0 0.322265625 1.2971360381861574 0.01953125 0.050119331742243436
0 0.33056640625 1.3233890214797137 0.0322265625 0.0883054892601432
