0 0.005729564553093965 4.604347826086957 0.02215431627196333 0.25217391304347825
0 0.07142857142857142 4.734782608695652 0.012987012987012988 0.1826086956521739
0 0.11497326203208556 4.439130434782609 0.04354469060351413 0.4260869565217391
0 0.20053475935828877 4.530434782608696 0.025210084033613446 0.3130434782608696
0 0.20282658517952637 4.826086956521739 0.04048892284186402 0.5565217391304348
0 0.43315508021390375 4.860869565217391 0.06569900687547746 0.7304347826086957
0 0.5099312452253628 4.778260869565218 0.02215431627196333 0.28695652173913044
0 0.6023682200152788 4.8304347826086955 0.026737967914438502 0.3217391304347826
0 0.7769289533995416 4.908695652173913 0.01680672268907563 0.28695652173913044
0 0.8571428571428571 4.8826086956521735 0.02291825821237586 0.28695652173913044
0 0.9025974025974026 4.7043478260869565 0.05118411000763942 0.5565217391304348
0 0.9877769289533995 4.6173913043478265 0.013750954927425516 0.1565217391304348
