0 0.983371126228269 0.5251396648044693 0.03325774754346183 0.0856610800744879
0 0.8987150415721844 0.547486033519553 0.03476946334089191 0.0931098696461825
0 0.8261526832955405 0.6918063314711359 0.02418745275888133 0.06517690875232775
0 0.7430083144368859 0.5865921787709497 0.02418745275888133 0.0782122905027933
0 0.656084656084656 0.5940409683426443 0.022675736961451247 0.0595903165735568
0 0.7229780801209372 0.6052141527001862 0.01889644746787604 0.055865921787709494
0 0.6046863189720333 0.7225325884543762 0.015117157974300832 0.048417132216014895
0 0.5884353741496599 0.707635009310987 0.017384731670445956 0.055865921787709494
0 0.5049130763416477 0.5418994413407822 0.027210884353741496 0.0893854748603352
0 0.4342403628117914 0.6005586592178771 0.034013605442176874 0.08752327746741155
0 0.30839002267573695 0.6322160148975792 0.022675736961451247 0.061452513966480445
0 0.3235071806500378 0.6145251396648045 0.019652305366591082 0.0595903165735568
0 0.2698412698412698 0.660148975791434 0.018140589569160998 0.05772811918063315
0 0.21352985638699926 0.6368715083798883 0.012849584278155708 0.037243947858473
0 0.13378684807256236 0.6368715083798883 0.021164021164021163 0.048417132216014895
0 0.10015117157974301 0.5856610800744879 0.021919879062736205 0.05772811918063315
0 0.06651549508692366 0.6964618249534451 0.015117157974300832 0.0521415270018622
0 0.2471655328798186 0.6536312849162011 0.013605442176870748 0.0335195530726257
0 0.2758881330309902 0.6163873370577281 0.010582010582010581 0.0260707635009311
0 0.1693121693121693 0.5884543761638734 0.019652305366591082 0.055865921787709494
0 0.11753590325018896 0.5716945996275605 0.017384731670445956 0.0521415270018622
0 0.03892668178382464 0.6471135940409684 0.011337868480725623 0.035381750465549346
0 0.0200302343159486 0.648975791433892 0.011337868480725623 0.03165735567970205
0 0.040438397581254726 0.6433891992551211 0.011337868480725623 0.035381750465549346
0 0.05782312925170068 0.6312849162011173 0.011337868480725623 0.0335195530726257
0 0.0045351473922902496 0.6303538175046555 0.009070294784580499 0.024208566108007448
0 0.3888888888888889 0.5810055865921788 0.012849584278155708 0.0297951582867784
0 0.3922902494331066 0.6052141527001862 0.010582010582010581 0.0260707635009311
0 0.41194255479969766 0.6452513966480447 0.018140589569160998 0.04655493482309125
0 0.5381708238851096 0.4720670391061452 0.009070294784580499 0.027932960893854747
0 0.6061980347694633 0.45996275605214154 0.010582010582010581 0.0260707635009311
0 0.6473922902494331 0.48044692737430167 0.008314436885865457 0.0260707635009311
0 0.5162509448223734 0.4767225325884544 0.009070294784580499 0.0297951582867784
0 0.4935752078609221 0.462756052141527 0.009070294784580499 0.03165735567970205
0 0.43386243386243384 0.4301675977653631 0.007558578987150416 0.0186219739292365
0 0.4074074074074074 0.4301675977653631 0.007558578987150416 0.0223463687150838
0 0.5952380952380952 0.3612662942271881 0.006802721088435374 0.0186219739292365
0 0.6496598639455783 0.3361266294227188 0.009826152683295541 0.020484171322160148
0 0.5132275132275133 0.3808193668528864 0.006046863189720333 0.01675977653631285
0 0.4965986394557823 0.3789571694599628 0.007558578987150416 0.01675977653631285
0 0.45162509448223737 0.4059590316573557 0.005291005291005291 0.0148975791433892
0 0.7501889644746788 0.5223463687150838 0.009826152683295541 0.03165735567970205
0 0.9444444444444444 0.22253258845437615 0.009826152683295541 0.024208566108007448
0 0.9191232048374905 0.2206703910614525 0.009070294784580499 0.024208566108007448
0 0.9040060468631897 0.21973929236499068 0.007558578987150416 0.0223463687150838
0 0.7671957671957672 0.3054003724394786 0.007558578987150416 0.0223463687150838
0 0.746031746031746 0.2942271880819367 0.007558578987150416 0.0186219739292365
0 0.7142857142857143 0.30353817504655495 0.006046863189720333 0.0148975791433892
0 0.6934996220710506 0.3258845437616387 0.006802721088435374 0.0186219739292365
0 0.8261526832955405 0.5130353817504656 0.010582010582010581 0.027932960893854747
0 0.8503401360544217 0.5521415270018621 0.009070294784580499 0.024208566108007448
0 0.6965230536659108 0.6815642458100558 0.021919879062736205 0.0670391061452514
0 0.7962962962962963 0.7188081936685289 0.015873015873015872 0.048417132216014895
0 0.7842025699168557 0.7122905027932961 0.01889644746787604 0.054003724394785846
0 0.7834467120181405 0.7132216014897579 0.017384731670445956 0.055865921787709494
0 0.7966742252456538 0.7188081936685289 0.018140589569160998 0.0521415270018622
0 0.891912320483749 0.5418994413407822 0.021164021164021163 0.0670391061452514
0 0.926681783824641 0.2467411545623836 0.016628873771730914 0.06890130353817504
