0 0.045365853658536584 2.127483443708609 0.06536585365853659 0.26158940397350994
0 0.06195121951219512 1.8311258278145695 0.03219512195121951 0.09271523178807947
0 0.2302439024390244 2.0811258278145695 0.08390243902439025 0.3741721854304636
0 0.20829268292682926 1.8874172185430464 0.06341463414634146 0.23841059602649006
0 0.19902439024390245 1.7119205298013245 0.02926829268292683 0.10596026490066225
0 0.24878048780487805 1.8278145695364238 0.037073170731707315 0.1390728476821192
0 0.2941463414634146 1.7350993377483444 0.03219512195121951 0.12582781456953643
0 0.3048780487804878 1.7963576158940397 0.03024390243902439 0.11589403973509933
0 0.36097560975609755 2.019867549668874 0.06829268292682927 0.2847682119205298
0 0.38341463414634147 1.8427152317880795 0.06048780487804878 0.20860927152317882
0 0.4278048780487805 1.8476821192052981 0.04390243902439024 0.2119205298013245
0 0.3234146341463415 1.6423841059602649 0.018536585365853658 0.06622516556291391
0 0.3307317073170732 1.705298013245033 0.0175609756097561 0.06622516556291391
0 0.3624390243902439 1.6705298013245033 0.0224390243902439 0.08278145695364239
0 0.3960975609756098 1.705298013245033 0.03121951219512195 0.11920529801324503
0 0.45414634146341465 1.8294701986754967 0.0224390243902439 0.076158940397351
0 0.4682926829268293 1.759933774834437 0.03121951219512195 0.11589403973509933
0 0.45170731707317074 1.7218543046357615 0.015609756097560976 0.06622516556291391
0 0.4692682926829268 1.6026490066225165 0.0175609756097561 0.0728476821192053
0 0.526829268292683 1.6870860927152318 0.023414634146341463 0.08278145695364239
0 0.5370731707317074 1.6655629139072847 0.0224390243902439 0.07947019867549669
0 0.555609756097561 1.6556291390728477 0.016585365853658537 0.059602649006622516
0 0.5726829268292682 1.6374172185430464 0.015609756097560976 0.0695364238410596
0 0.608780487804878 1.6341059602649006 0.01951219512195122 0.06291390728476821
0 0.631219512195122 1.6274834437086092 0.015609756097560976 0.06291390728476821
0 0.6614634146341464 1.6208609271523178 0.015609756097560976 0.056291390728476824
0 0.6834146341463415 1.6423841059602649 0.016585365853658537 0.06622516556291391
0 0.7097560975609756 1.6688741721854305 0.016585365853658537 0.059602649006622516
0 0.7029268292682926 1.6589403973509933 0.018536585365853658 0.0728476821192053
0 0.7365853658536585 1.6754966887417218 0.0175609756097561 0.06622516556291391
0 0.7473170731707317 1.6274834437086092 0.015609756097560976 0.06291390728476821
0 0.7936585365853659 1.6655629139072847 0.024390243902439025 0.09933774834437085
0 0.7307317073170732 1.8394039735099337 0.05268292682926829 0.20860927152317882
0 0.7653658536585366 1.8741721854304636 0.04780487804878049 0.18543046357615894
0 0.813170731707317 1.7649006622516556 0.03024390243902439 0.11920529801324503
0 0.875609756097561 1.7698675496688743 0.024390243902439025 0.10264900662251655
0 0.8468292682926829 1.6903973509933774 0.025365853658536587 0.09602649006622517
0 0.8873170731707317 1.7036423841059603 0.026341463414634145 0.09602649006622517
0 0.9365853658536586 1.6887417218543046 0.021463414634146343 0.07947019867549669
0 0.9834146341463414 1.7086092715231789 0.0351219512195122 0.12582781456953643
