0 0.7754452926208651 3.5866666666666664 0.039440203562340966 0.48
0 0.6908396946564885 3.8466666666666667 0.03816793893129771 0.41333333333333333
0 0.549618320610687 3.84 0.04071246819338423 0.4266666666666667
0 0.07251908396946564 3.8733333333333335 0.007633587786259542 0.06666666666666667
0 0.13231552162849872 3.9466666666666668 0.007633587786259542 0.08
0 0.14440203562340967 3.966666666666667 0.006361323155216285 0.06666666666666667
0 0.16475826972010177 3.9266666666666667 0.008905852417302799 0.09333333333333334
0 0.26653944020356235 3.92 0.006361323155216285 0.08
0 0.27989821882951654 3.92 0.005089058524173028 0.08
0 0.3256997455470738 4.1 0.005089058524173028 0.06666666666666667
0 0.34033078880407125 3.9133333333333336 0.006361323155216285 0.06666666666666667
0 0.3524173027989822 4.033333333333333 0.005089058524173028 0.06666666666666667
0 0.3594147582697201 3.9133333333333336 0.006361323155216285 0.06666666666666667
0 0.37340966921119595 3.9266666666666667 0.006361323155216285 0.06666666666666667
0 0.3975826972010178 3.9 0.006361323155216285 0.06666666666666667
0 0.4217557251908397 4.08 0.003816793893129771 0.05333333333333334
0 0.4548346055979644 3.8866666666666667 0.006361323155216285 0.06666666666666667
0 0.4917302798982188 4.193333333333333 0.013994910941475827 0.30666666666666664
0 0.5 4.093333333333334 0.005089058524173028 0.05333333333333334
0 0.5706106870229007 3.9 0.006361323155216285 0.09333333333333334
0 0.5769720101781171 3.96 0.006361323155216285 0.08
0 0.5960559796437659 3.8933333333333335 0.006361323155216285 0.08
0 0.621501272264631 3.9266666666666667 0.006361323155216285 0.06666666666666667
0 0.6342239185750637 3.9266666666666667 0.006361323155216285 0.06666666666666667
0 0.38295165394402036 4.14 0.01272264631043257 0.36
0 0.40458015267175573 4.026666666666666 0.005089058524173028 0.05333333333333334
0 0.3880407124681934 3.8866666666666667 0.005089058524173028 0.06666666666666667
