0 0.3822992700729927 1.7236180904522613 0.09306569343065693 0.2814070351758794
0 0.7974452554744526 1.0 0.0948905109489051 0.271356783919598
0 1.3065693430656935 0.9899497487437185 0.058394160583941604 0.18592964824120603
0 0.9872262773722628 0.9811557788944724 0.03102189781021898 0.09798994974874371
0 0.906934306569343 0.9899497487437185 0.025547445255474453 0.09045226130653267
0 0.6925182481751825 1.229899497487437 0.009124087591240875 0.03768844221105527
0 0.6528284671532847 1.1092964824120604 0.011861313868613138 0.03768844221105527
0 0.6177007299270073 1.1180904522613064 0.012773722627737226 0.04020100502512563
0 0.5707116788321168 1.1256281407035176 0.011861313868613138 0.03015075376884422
0 0.5063868613138686 1.1469849246231156 0.009124087591240875 0.032663316582914576
0 0.5328467153284672 1.1331658291457287 0.009124087591240875 0.03015075376884422
0 0.6733576642335767 1.0942211055276383 0.010948905109489052 0.032663316582914576
0 0.6400547445255474 1.0954773869346734 0.008211678832116789 0.02512562814070352
0 0.6291058394160584 1.0967336683417086 0.006386861313868613 0.017587939698492462
