0 0.024319066147859923 0.13841201716738197 0.011673151750972763 0.027896995708154508
0 0.13667315175097275 0.19527896995708155 0.006809338521400778 0.02145922746781116
0 0.20330739299610895 0.15987124463519314 0.0311284046692607 0.07510729613733906
0 0.24367704280155641 0.14914163090128754 0.01848249027237354 0.04935622317596566
0 0.3107976653696498 0.1427038626609442 0.01848249027237354 0.04935622317596566
0 0.38278210116731515 0.15450643776824036 0.04961089494163424 0.14163090128755365
0 0.3852140077821012 0.1781115879828326 0.029182879377431907 0.055793991416309016
0 0.36284046692607 0.15343347639484978 0.021400778210116732 0.04935622317596566
0 0.4479571984435798 0.16738197424892703 0.020428015564202335 0.04721030042918455
0 0.4776264591439689 0.26609442060085836 0.05252918287937743 0.1759656652360515
0 0.5680933852140078 0.19527896995708155 0.04085603112840467 0.1072961373390558
0 0.7772373540856031 0.21566523605150215 0.038910505836575876 0.10944206008583691
0 0.7465953307392996 0.8261802575107297 0.0651750972762646 0.15879828326180256
0 0.7422178988326849 0.5976394849785408 0.02529182879377432 0.0536480686695279
0 0.8317120622568094 0.19957081545064378 0.01556420233463035 0.05150214592274678
