0 0.026143790849673203 1.5169172932330828 0.05228758169934641 0.16165413533834586
0 0.0718954248366013 1.6390977443609023 0.06209150326797386 0.18045112781954886
0 0.15522875816993464 1.5845864661654134 0.026143790849673203 0.07142857142857142
0 0.18790849673202614 1.644736842105263 0.049019607843137254 0.14661654135338345
0 0.23366013071895425 1.6748120300751879 0.06209150326797386 0.19924812030075187
0 0.2777777777777778 1.731203007518797 0.08496732026143791 0.2518796992481203
0 0.49673202614379086 1.669172932330827 0.049019607843137254 0.13533834586466165
0 0.5130718954248366 1.6672932330827068 0.06862745098039216 0.14661654135338345
0 0.6356209150326797 1.5977443609022557 0.05555555555555555 0.16541353383458646
0 0.7254901960784313 1.6484962406015038 0.0457516339869281 0.10902255639097744
0 0.7549019607843137 1.6109022556390977 0.03594771241830065 0.10150375939849623
0 0.7696078431372549 1.6597744360902256 0.0392156862745098 0.10150375939849623
0 0.7990196078431373 1.6597744360902256 0.032679738562091505 0.07894736842105263
0 0.821078431372549 1.6259398496240602 0.027777777777777776 0.08646616541353383
0 0.8447712418300654 1.6860902255639099 0.02287581699346405 0.07894736842105263
0 0.9240196078431373 1.6898496240601504 0.027777777777777776 0.07894736842105263
0 0.9681372549019608 1.7481203007518797 0.06045751633986928 0.18045112781954886
0 0.3300653594771242 1.4661654135338347 0.00980392156862745 0.022556390977443608
0 0.3341503267973856 1.4849624060150375 0.011437908496732025 0.022556390977443608
0 0.35784313725490197 1.449248120300752 0.00980392156862745 0.02631578947368421
0 0.3741830065359477 1.4511278195488722 0.00980392156862745 0.022556390977443608
0 0.40522875816993464 1.387218045112782 0.006535947712418301 0.022556390977443608
0 0.41748366013071897 1.3984962406015038 0.011437908496732025 0.022556390977443608
0 0.41748366013071897 1.3045112781954886 0.008169934640522876 0.022556390977443608
0 0.4395424836601307 1.4342105263157894 0.026143790849673203 0.16917293233082706
0 0.4264705882352941 1.2857142857142858 0.006535947712418301 0.015037593984962405
