0 1.0702775290957922 1.6644951140065147 0.03312444046553268 0.13029315960912052
0 0.567591763652641 1.6156351791530945 0.03043867502238138 0.13029315960912052
0 0.4973142345568487 1.5765472312703583 0.02954341987466428 0.1498371335504886
0 0.2739480752014324 1.5749185667752443 0.04118173679498657 0.15309446254071662
0 0.4521038495971352 1.5325732899022801 0.01432408236347359 0.05537459283387622
0 0.43196060877350045 1.5472312703583062 0.01521933751119069 0.05863192182410423
0 0.42569382273948075 1.5439739413680782 0.01342882721575649 0.05863192182410423
0 0.39749328558639213 1.5407166123778502 0.012533572068039392 0.05211726384364821
0 0.3719785138764548 1.5846905537459284 0.01521933751119069 0.06188925081433225
0 0.3334825425246195 1.5504885993485342 0.01342882721575649 0.05863192182410423
0 0.23903312444046554 1.6091205211726385 0.01611459265890779 0.06514657980456026
0 0.20501342882721577 1.5798045602605864 0.017905102954341987 0.0781758957654723
0 0.12757385854968667 1.6563517915309447 0.01521933751119069 0.05537459283387622
0 0.09534467323187108 1.6807817589576548 0.017009847806624886 0.05211726384364821
0 0.5474485228290062 1.5537459283387622 0.004476275738585497 0.019543973941368076
0 0.6665174574753805 1.5863192182410424 0.011638316920322292 0.05211726384364821
0 0.6902417188898836 1.5765472312703583 0.017905102954341987 0.05863192182410423
