0 0.215625 1.46028880866426 0.03125 0.18411552346570398
0 0.38875 1.4512635379061372 0.0075 0.021660649819494584
0 0.456875 1.532490974729242 0.07625 0.19855595667870035
0 0.63875 1.0902527075812274 0.0525 0.20938628158844766
0 0.668125 1.1534296028880866 0.03625 0.11913357400722022
0 0.735 1.0848375451263539 0.0625 0.2490974729241877
0 0.846875 0.8032490974729242 0.05875 0.20577617328519857
0 0.938125 1.203971119133574 0.13625 0.9133574007220217
0 0.884375 1.032490974729242 0.08125 0.2815884476534296
0 1.03125 1.0866425992779782 0.0725 0.259927797833935
0 1.149375 0.8303249097472925 0.10125 0.33935018050541516
