0 0.7322834645669292 6.62621359223301 0.07874015748031496 0.33980582524271846
0 0.9711286089238845 6.713592233009709 0.10498687664041995 0.5145631067961165
0 0.863517060367454 6.941747572815534 0.12073490813648294 0.6213592233009708
0 1.0695538057742782 6.79126213592233 0.14960629921259844 0.7281553398058253
0 1.288713910761155 7.135922330097087 0.08923884514435695 0.42718446601941745
0 1.2020997375328084 6.660194174757281 0.08398950131233596 0.4077669902912621
0 1.3858267716535433 6.907766990291262 0.09448818897637795 0.4368932038834951
0 1.6456692913385826 6.815533980582524 0.09448818897637795 0.3300970873786408
0 1.4409448818897639 6.58252427184466 0.05249343832020997 0.21359223300970873
0 1.405511811023622 6.548543689320389 0.06561679790026247 0.22330097087378642
