0 0.9931011826544021 0.7342342342342343 0.008541392904073587 0.013013013013013013
0 0.9753613666228647 0.6946946946946947 0.011169513797634692 0.018018018018018018
0 0.921484888304862 0.7042042042042042 0.00985545335085414 0.015015015015015015
0 0.8751642575558476 0.6771771771771772 0.013140604467805518 0.021021021021021023
0 0.7624835742444153 0.6551551551551551 0.012483574244415242 0.021021021021021023
0 0.7437582128777924 0.7632632632632632 0.011826544021024968 0.01901901901901902
0 0.842969776609724 0.7567567567567568 0.010512483574244415 0.02002002002002002
0 0.8646517739816032 0.7977977977977978 0.011826544021024968 0.022022022022022022
0 0.8232588699080158 0.7867867867867868 0.011826544021024968 0.022022022022022022
0 0.8061760840998686 0.8018018018018018 0.011826544021024968 0.022022022022022022
0 0.7963206307490145 0.8003003003003003 0.011826544021024968 0.01901901901901902
0 0.8318002628120894 0.8308308308308309 0.013140604467805518 0.02002002002002002
0 0.8199737187910644 0.8623623623623624 0.01445466491458607 0.02702702702702703
0 0.8045335085413929 0.8723723723723724 0.012483574244415242 0.01901901901901902
0 0.7874507227332457 0.8618618618618619 0.012483574244415242 0.024024024024024024
0 0.7335742444152431 0.9354354354354354 0.013797634691195795 0.023023023023023025
0 0.6162943495400789 0.8748748748748749 0.013140604467805518 0.018018018018018018
0 0.6606438896189225 0.8223223223223223 0.012483574244415242 0.01901901901901902
0 0.6218791064388962 0.8338338338338338 0.012483574244415242 0.022022022022022022
0 0.6360052562417872 0.8298298298298298 0.011826544021024968 0.02002002002002002
0 0.6001971090670171 0.7987987987987988 0.00985545335085414 0.02002002002002002
0 0.6517739816031537 0.7522522522522522 0.011826544021024968 0.01901901901901902
0 0.6277923784494087 0.7232232232232232 0.00985545335085414 0.01901901901901902
0 0.6044678055190539 0.6971971971971972 0.011826544021024968 0.01901901901901902
0 0.6054533508541393 0.6951951951951952 0.00985545335085414 0.01701701701701702
0 0.6110381077529566 0.6676676676676677 0.011826544021024968 0.02002002002002002
0 0.5673455978975033 0.6541541541541541 0.008541392904073587 0.015015015015015015
0 0.5624178712220762 0.7862862862862863 0.010512483574244415 0.01901901901901902
0 0.5489487516425755 0.7897897897897898 0.011169513797634692 0.024024024024024024
0 0.4973718791064389 0.8453453453453453 0.011826544021024968 0.01901901901901902
0 0.47963206307490147 0.8468468468468469 0.011826544021024968 0.022022022022022022
0 0.45827858081471745 0.8168168168168168 0.011169513797634692 0.022022022022022022
0 0.3892904073587385 0.8623623623623624 0.011169513797634692 0.023023023023023025
0 0.4014454664914586 0.7032032032032032 0.011826544021024968 0.01901901901901902
0 0.4136005256241787 0.6926926926926927 0.00985545335085414 0.018018018018018018
0 0.41984231274638634 0.6876876876876877 0.010512483574244415 0.02002002002002002
0 0.4707621550591327 0.6971971971971972 0.011169513797634692 0.021021021021021023
0 0.5315374507227333 0.6671671671671672 0.00788436268068331 0.011011011011011011
0 0.5417214191852825 0.6651651651651652 0.008541392904073587 0.015015015015015015
0 0.3383705650459921 0.7307307307307307 0.010512483574244415 0.018018018018018018
0 0.3209592641261498 0.7337337337337337 0.011169513797634692 0.018018018018018018
0 0.3160315374507227 0.7517517517517518 0.010512483574244415 0.016016016016016016
0 0.30420499342969776 0.7282282282282282 0.009198423127463863 0.01701701701701702
0 0.29467805519053875 0.7347347347347347 0.012483574244415242 0.02002002002002002
0 0.27135348226018396 0.7342342342342343 0.010512483574244415 0.01901901901901902
0 0.2844940867279895 0.7247247247247247 0.009198423127463863 0.022022022022022022
0 0.29533508541392905 0.8218218218218218 0.011169513797634692 0.02002002002002002
0 0.2887647831800263 0.7987987987987988 0.012483574244415242 0.02002002002002002
0 0.22831800262812088 0.8003003003003003 0.012483574244415242 0.021021021021021023
0 0.21222076215505914 0.9504504504504504 0.01445466491458607 0.02702702702702703
0 0.1304204993429698 0.913913913913914 0.012483574244415242 0.02002002002002002
0 0.1504599211563732 0.8103103103103103 0.011826544021024968 0.021021021021021023
0 0.24145860709592643 0.6826826826826827 0.008541392904073587 0.014014014014014014
0 0.2266754270696452 0.6731731731731732 0.010512483574244415 0.01901901901901902
0 0.18922470433639949 0.6991991991991992 0.009198423127463863 0.01701701701701702
0 0.18626806833114323 0.6811811811811812 0.00985545335085414 0.01701701701701702
0 0.1583442838370565 0.6741741741741741 0.011826544021024968 0.01901901901901902
0 0.15407358738501972 0.6506506506506506 0.00985545335085414 0.018018018018018018
0 0.1498028909329829 0.6436436436436437 0.010512483574244415 0.02002002002002002
0 0.13107752956636004 0.6861861861861862 0.00985545335085414 0.01701701701701702
0 0.15078843626806834 0.7557557557557557 0.011169513797634692 0.016016016016016016
0 0.1304204993429698 0.7432432432432432 0.011169513797634692 0.01701701701701702
0 0.08804204993429698 0.7427427427427428 0.010512483574244415 0.016016016016016016
0 0.04730617608409987 0.7747747747747747 0.011826544021024968 0.022022022022022022
0 0.05223390275952694 0.7707707707707707 0.011169513797634692 0.022022022022022022
0 0.009526938239159002 0.7792792792792793 0.011169513797634692 0.01901901901901902
0 0.09067017082785808 0.7017017017017017 0.011826544021024968 0.02002002002002002
0 0.10545335085413929 0.6726726726726727 0.00985545335085414 0.02002002002002002
0 0.10906701708278581 0.6501501501501501 0.009198423127463863 0.01701701701701702
0 0.10972404730617609 0.6496496496496497 0.011826544021024968 0.018018018018018018
0 0.0942838370565046 0.6491491491491491 0.011169513797634692 0.015015015015015015
0 0.0969119579500657 0.6431431431431431 0.00985545335085414 0.01701701701701702
0 0.09165571616294349 0.6696696696696697 0.00985545335085414 0.018018018018018018
0 0.08541392904073587 0.6821821821821822 0.00788436268068331 0.015015015015015015
0 0.08278580814717477 0.6911911911911912 0.009198423127463863 0.01701701701701702
0 0.09296977660972405 0.6876876876876877 0.00985545335085414 0.014014014014014014
0 0.03416557161629435 0.7347347347347347 0.011826544021024968 0.02002002002002002
0 0.046320630749014456 0.7347347347347347 0.011169513797634692 0.02002002002002002
0 0.05519053876478318 0.6971971971971972 0.011826544021024968 0.01701701701701702
0 0.054533508541392904 0.6971971971971972 0.011826544021024968 0.01901901901901902
0 0.033837056504599214 0.7107107107107107 0.00985545335085414 0.016016016016016016
0 0.002956636005256242 0.7047047047047047 0.00985545335085414 0.018018018018018018
0 0.023981603153745073 0.6996996996996997 0.012483574244415242 0.02002002002002002
0 0.0614323258869908 0.6386386386386387 0.00985545335085414 0.018018018018018018
0 0.06307490144546649 0.6316316316316316 0.010512483574244415 0.018018018018018018
0 0.03449408672798949 0.6201201201201201 0.011169513797634692 0.01701701701701702
0 0.011498028909329829 0.6276276276276276 0.011169513797634692 0.016016016016016016
0 0.054862023653088045 0.6246246246246246 0.008541392904073587 0.012012012012012012
0 0.01806833114323259 0.5780780780780781 0.011169513797634692 0.01701701701701702
0 0.02102496714848883 0.5785785785785785 0.011826544021024968 0.018018018018018018
0 0.008541392904073587 0.539039039039039 0.009198423127463863 0.015015015015015015
0 0.03252299605781866 0.5495495495495496 0.00985545335085414 0.016016016016016016
0 0.0657030223390276 0.5380380380380381 0.009198423127463863 0.015015015015015015
0 0.07621550591327202 0.5670670670670671 0.009198423127463863 0.015015015015015015
0 0.0863994743758213 0.5580580580580581 0.008541392904073587 0.01701701701701702
0 0.10216819973718791 0.531031031031031 0.00985545335085414 0.015015015015015015
0 0.0019710906701708277 0.4389389389389389 0.009198423127463863 0.015015015015015015
0 0.017082785808147174 0.4199199199199199 0.00788436268068331 0.013013013013013013
0 0.0164257555847569 0.42292292292292294 0.006570302233902759 0.015015015015015015
0 0.023324572930354795 0.4219219219219219 0.007227332457293035 0.013013013013013013
0 0.1185939553219448 0.5415415415415415 0.00985545335085414 0.014014014014014014
0 0.1307490144546649 0.5355355355355356 0.00788436268068331 0.012012012012012012
0 0.15013140604467806 0.5245245245245245 0.00985545335085414 0.014014014014014014
0 0.12647831800262813 0.4674674674674675 0.011169513797634692 0.016016016016016016
0 0.14487516425755584 0.471971971971972 0.008541392904073587 0.013013013013013013
0 0.1488173455978975 0.4319319319319319 0.00985545335085414 0.015015015015015015
0 0.1340341655716163 0.40540540540540543 0.00788436268068331 0.016016016016016016
0 0.14816031537450722 0.4084084084084084 0.005913272010512484 0.012012012012012012
0 0.15703022339027595 0.4084084084084084 0.00788436268068331 0.014014014014014014
0 0.17674113009198422 0.46546546546546547 0.006570302233902759 0.012012012012012012
0 0.1773981603153745 0.456956956956957 0.00788436268068331 0.015015015015015015
0 0.19448094612352168 0.4544544544544545 0.00788436268068331 0.014014014014014014
0 0.2033508541392904 0.44294294294294295 0.00985545335085414 0.01701701701701702
0 0.22174770039421812 0.4369369369369369 0.008541392904073587 0.015015015015015015
0 0.1902102496714849 0.3608608608608609 0.007227332457293035 0.011011011011011011
0 0.20137976346911957 0.38238238238238237 0.005913272010512484 0.01001001001001001
0 0.2171484888304862 0.36986986986986986 0.008541392904073587 0.013013013013013013
0 0.23587385019710908 0.38738738738738737 0.009198423127463863 0.014014014014014014
0 0.24211563731931668 0.38488488488488487 0.007227332457293035 0.013013013013013013
0 0.2552562417871222 0.28928928928928926 0.008541392904073587 0.012012012012012012
0 0.17608409986859397 0.5255255255255256 0.009198423127463863 0.014014014014014014
0 0.1948094612352168 0.5245245245245245 0.008541392904073587 0.014014014014014014
0 0.22207621550591328 0.514014014014014 0.00788436268068331 0.013013013013013013
0 0.2378449408672799 0.5115115115115115 0.009198423127463863 0.016016016016016016
0 0.2608409986859396 0.47597597597597596 0.009198423127463863 0.01701701701701702
0 0.25985545335085414 0.44494494494494496 0.008541392904073587 0.015015015015015015
0 0.27036793692509853 0.4364364364364364 0.00985545335085414 0.014014014014014014
0 0.2644546649145861 0.4269269269269269 0.008541392904073587 0.015015015015015015
0 0.2779237844940867 0.4244244244244244 0.009198423127463863 0.016016016016016016
0 0.29632063074901444 0.504004004004004 0.00788436268068331 0.015015015015015015
0 0.3147174770039422 0.46896896896896895 0.00788436268068331 0.01701701701701702
0 0.32293035479632065 0.507007007007007 0.007227332457293035 0.013013013013013013
0 0.36366622864651776 0.501001001001001 0.007227332457293035 0.011011011011011011
0 0.18068331143232588 0.6661661661661662 0.010512483574244415 0.015015015015015015
0 0.221419185282523 0.6586586586586587 0.009198423127463863 0.014014014014014014
0 0.24868593955321944 0.6651651651651652 0.008541392904073587 0.015015015015015015
0 0.27660972404730616 0.6666666666666666 0.009198423127463863 0.014014014014014014
0 0.290407358738502 0.6801801801801802 0.00788436268068331 0.01701701701701702
0 0.30650459921156376 0.6846846846846847 0.008541392904073587 0.018018018018018018
0 0.3199737187910644 0.6816816816816816 0.009198423127463863 0.016016016016016016
0 0.2992772667542707 0.6611611611611612 0.00985545335085414 0.015015015015015015
0 0.3432982917214192 0.6726726726726727 0.00985545335085414 0.018018018018018018
0 0.35578186596583444 0.6736736736736737 0.00985545335085414 0.016016016016016016
0 0.37614980289093297 0.6721721721721722 0.008541392904073587 0.013013013013013013
0 0.39388961892247043 0.6786786786786787 0.008541392904073587 0.014014014014014014
0 0.46419185282522996 0.6746746746746747 0.00985545335085414 0.014014014014014014
0 0.5206964520367937 0.6776776776776777 0.011169513797634692 0.016016016016016016
0 0.5351511169513797 0.5930930930930931 0.008541392904073587 0.013013013013013013
0 0.5686596583442839 0.5670670670670671 0.00985545335085414 0.015015015015015015
0 0.5712877792378449 0.5520520520520521 0.007227332457293035 0.011011011011011011
0 0.6672141918528253 0.6646646646646647 0.00985545335085414 0.014014014014014014
0 0.687910643889619 0.6546546546546547 0.010512483574244415 0.016016016016016016
0 0.71419185282523 0.6621621621621622 0.009198423127463863 0.013013013013013013
0 0.7385019710906702 0.6611611611611612 0.010512483574244415 0.01701701701701702
0 0.7473718791064389 0.6591591591591591 0.008541392904073587 0.015015015015015015
0 0.7739816031537451 0.6566566566566566 0.00788436268068331 0.014014014014014014
0 0.8143889618922471 0.6461461461461462 0.00985545335085414 0.015015015015015015
0 0.8226018396846255 0.6441441441441441 0.006570302233902759 0.013013013013013013
0 0.828515111695138 0.6421421421421422 0.00788436268068331 0.013013013013013013
0 0.8442838370565046 0.6421421421421422 0.00788436268068331 0.013013013013013013
0 0.8564388961892248 0.6351351351351351 0.011169513797634692 0.013013013013013013
0 0.8718791064388962 0.6346346346346347 0.010512483574244415 0.016016016016016016
0 0.8771353482260184 0.6286286286286287 0.009198423127463863 0.016016016016016016
0 0.9040735873850198 0.6376376376376376 0.011826544021024968 0.018018018018018018
0 0.9139290407358739 0.6266266266266266 0.010512483574244415 0.016016016016016016
0 0.9569645203679369 0.6241241241241241 0.00985545335085414 0.015015015015015015
0 0.9645203679369251 0.6306306306306306 0.009198423127463863 0.016016016016016016
0 0.9106438896189225 0.512012012012012 0.009198423127463863 0.013013013013013013
0 0.933311432325887 0.515015015015015 0.00985545335085414 0.015015015015015015
0 0.966491458607096 0.4644644644644645 0.009198423127463863 0.012012012012012012
0 0.9622207621550591 0.46096096096096095 0.008541392904073587 0.013013013013013013
0 0.8659658344283837 0.5365365365365365 0.010512483574244415 0.016016016016016016
0 0.864323258869908 0.535035035035035 0.011169513797634692 0.01701701701701702
0 0.8478975032851511 0.5285285285285285 0.008541392904073587 0.014014014014014014
0 0.8295006570302234 0.5765765765765766 0.00985545335085414 0.016016016016016016
0 0.8045335085413929 0.5795795795795796 0.00985545335085414 0.016016016016016016
0 0.8035479632063075 0.5565565565565566 0.010512483574244415 0.02002002002002002
0 0.761826544021025 0.576076076076076 0.00985545335085414 0.01701701701701702
0 0.7798948751642576 0.5505505505505506 0.00788436268068331 0.018018018018018018
0 0.783180026281209 0.53003003003003 0.010512483574244415 0.01701701701701702
0 0.7739816031537451 0.5295295295295295 0.00788436268068331 0.014014014014014014
0 0.7634691195795007 0.5245245245245245 0.009198423127463863 0.014014014014014014
0 0.723718791064389 0.5255255255255256 0.008541392904073587 0.014014014014014014
0 0.7151773981603153 0.5225225225225225 0.00985545335085414 0.016016016016016016
0 0.6921813403416557 0.5180180180180181 0.007227332457293035 0.013013013013013013
0 0.6806833114323259 0.493993993993994 0.00788436268068331 0.013013013013013013
0 0.661957950065703 0.5235235235235235 0.00985545335085414 0.018018018018018018
0 0.6540735873850198 0.517017017017017 0.00985545335085414 0.01701701701701702
0 0.6373193166885677 0.5135135135135135 0.00788436268068331 0.012012012012012012
0 0.6136662286465178 0.504004004004004 0.009198423127463863 0.011011011011011011
0 0.5788436268068331 0.5380380380380381 0.022339027595269383 0.06706706706706707
0 0.6074244415243101 0.4209209209209209 0.008541392904073587 0.013013013013013013
0 0.6323915900131406 0.4124124124124124 0.008541392904073587 0.014014014014014014
0 0.607095926412615 0.3278278278278278 0.006570302233902759 0.013013013013013013
0 0.6274638633377135 0.32182182182182184 0.00788436268068331 0.015015015015015015
0 0.6202365308804205 0.3048048048048048 0.00788436268068331 0.013013013013013013
0 0.6530880420499343 0.34784784784784784 0.009198423127463863 0.013013013013013013
0 0.6573587385019711 0.33133133133133136 0.007227332457293035 0.01001001001001001
0 0.6659001314060446 0.2902902902902903 0.007227332457293035 0.012012012012012012
0 0.6780551905387647 0.2912912912912913 0.00788436268068331 0.014014014014014014
0 0.7181340341655716 0.27877877877877877 0.00788436268068331 0.013013013013013013
0 0.7362023653088042 0.2757757757757758 0.005913272010512484 0.011011011011011011
0 0.7293035479632063 0.24574574574574576 0.00788436268068331 0.011011011011011011
0 0.7339027595269383 0.24074074074074073 0.005256241787122208 0.009009009009009009
0 0.6432325886990802 0.22272272272272273 0.006570302233902759 0.009009009009009009
0 0.5683311432325887 0.25625625625625625 0.006570302233902759 0.012012012012012012
0 0.6971090670170828 0.3408408408408408 0.00788436268068331 0.015015015015015015
0 0.6872536136662286 0.38288288288288286 0.006570302233902759 0.013013013013013013
0 0.6392904073587385 0.45795795795795796 0.009198423127463863 0.015015015015015015
0 0.6465177398160316 0.45395395395395394 0.009198423127463863 0.015015015015015015
0 0.6415900131406045 0.4419419419419419 0.008541392904073587 0.015015015015015015
0 0.6576872536136662 0.44144144144144143 0.00788436268068331 0.014014014014014014
0 0.6708278580814717 0.44744744744744747 0.009198423127463863 0.016016016016016016
0 0.6852825229960579 0.46896896896896895 0.009198423127463863 0.015015015015015015
0 0.6902102496714849 0.45295295295295296 0.00985545335085414 0.01701701701701702
0 0.7614980289093298 0.4744744744744745 0.00788436268068331 0.012012012012012012
0 0.7634691195795007 0.42992992992992995 0.009198423127463863 0.013013013013013013
0 0.8028909329829172 0.43243243243243246 0.009198423127463863 0.014014014014014014
0 0.8199737187910644 0.488988988988989 0.009198423127463863 0.015015015015015015
0 0.8334428383705651 0.5005005005005005 0.00985545335085414 0.016016016016016016
0 0.8321287779237845 0.4574574574574575 0.00985545335085414 0.014014014014014014
0 0.8219448094612353 0.44594594594594594 0.009198423127463863 0.015015015015015015
0 0.7969776609724047 0.4134134134134134 0.00788436268068331 0.014014014014014014
0 0.8028909329829172 0.4214214214214214 0.009198423127463863 0.016016016016016016
0 0.8170170827858082 0.42242242242242245 0.008541392904073587 0.016016016016016016
0 0.8163600525624178 0.4149149149149149 0.007227332457293035 0.013013013013013013
0 0.8281865965834428 0.4074074074074074 0.008541392904073587 0.014014014014014014
0 0.8363994743758213 0.42042042042042044 0.010512483574244415 0.018018018018018018
0 0.8501971090670171 0.41541541541541543 0.009198423127463863 0.016016016016016016
0 0.8620236530880421 0.4049049049049049 0.00788436268068331 0.015015015015015015
0 0.8682654402102497 0.4069069069069069 0.00985545335085414 0.015015015015015015
0 0.8804204993429697 0.4124124124124124 0.00788436268068331 0.014014014014014014
0 0.90473061760841 0.3948948948948949 0.00788436268068331 0.013013013013013013
0 0.9283837056504599 0.3893893893893894 0.009198423127463863 0.016016016016016016
0 0.9513797634691196 0.4089089089089089 0.00788436268068331 0.015015015015015015
0 0.9645203679369251 0.4149149149149149 0.00788436268068331 0.015015015015015015
0 0.9730617608409987 0.3433433433433433 0.009198423127463863 0.014014014014014014
0 0.9490801576872536 0.34534534534534533 0.007227332457293035 0.014014014014014014
0 0.9086727989487516 0.35485485485485485 0.00788436268068331 0.015015015015015015
0 0.8873193166885677 0.33783783783783783 0.007227332457293035 0.013013013013013013
0 0.8777923784494087 0.3358358358358358 0.009198423127463863 0.013013013013013013
0 0.8889618922470434 0.3113113113113113 0.00788436268068331 0.014014014014014014
0 0.9034165571616294 0.3083083083083083 0.00788436268068331 0.014014014014014014
0 0.8699080157687253 0.25725725725725723 0.00788436268068331 0.014014014014014014
0 0.9300262812089356 0.23123123123123124 0.007227332457293035 0.01001001001001001
0 0.9845597897503285 0.16616616616616617 0.005913272010512484 0.01001001001001001
0 0.9812746386333772 0.15115115115115116 0.007227332457293035 0.012012012012012012
0 0.96419185282523 0.17067067067067068 0.005913272010512484 0.009009009009009009
0 0.9612352168199737 0.15115115115115116 0.006570302233902759 0.012012012012012012
0 0.9280551905387647 0.17667667667667666 0.007227332457293035 0.011011011011011011
0 0.9099868593955321 0.17067067067067068 0.006570302233902759 0.009009009009009009
0 0.9211563731931669 0.15465465465465467 0.005256241787122208 0.011011011011011011
0 0.9579500657030223 0.12012012012012012 0.006570302233902759 0.01001001001001001
0 0.9763469119579501 0.1001001001001001 0.005256241787122208 0.012012012012012012
0 0.9678055190538765 0.08008008008008008 0.006570302233902759 0.01001001001001001
0 0.9434954007884363 0.08158158158158157 0.005256241787122208 0.009009009009009009
0 0.9487516425755584 0.012512512512512513 0.005256241787122208 0.009009009009009009
0 0.9372536136662286 0.00950950950950951 0.0045992115637319315 0.007007007007007007
0 0.9290407358738502 0.022022022022022022 0.005256241787122208 0.01001001001001001
0 0.8396846254927727 0.053553553553553554 0.005256241787122208 0.009009009009009009
0 0.8327858081471747 0.05055055055055055 0.0045992115637319315 0.009009009009009009
0 0.8301576872536137 0.08408408408408409 0.005913272010512484 0.01001001001001001
0 0.8107752956636005 0.04854854854854855 0.005256241787122208 0.009009009009009009
0 0.7894218134034166 0.04704704704704705 0.005913272010512484 0.01001001001001001
0 0.7910643889618922 0.03453453453453453 0.005256241787122208 0.009009009009009009
0 0.7703679369250985 0.03153153153153153 0.0045992115637319315 0.009009009009009009
0 0.8032194480946123 0.11011011011011011 0.005913272010512484 0.012012012012012012
0 0.828515111695138 0.16066066066066065 0.006570302233902759 0.009009009009009009
0 0.818988173455979 0.15315315315315314 0.005913272010512484 0.01001001001001001
0 0.7982917214191853 0.14764764764764765 0.005256241787122208 0.009009009009009009
0 0.7687253613666228 0.17617617617617617 0.006570302233902759 0.01001001001001001
0 0.7398160315374507 0.12612612612612611 0.003942181340341655 0.008008008008008008
0 0.7454007884362681 0.17967967967967968 0.005913272010512484 0.011011011011011011
0 0.7411300919842313 0.17067067067067068 0.006570302233902759 0.011011011011011011
0 0.7109067017082786 0.2032032032032032 0.01576872536136662 0.07407407407407407
0 0.7132063074901446 0.16966966966966968 0.007227332457293035 0.011011011011011011
0 0.6987516425755584 0.17517517517517517 0.005913272010512484 0.01001001001001001
0 0.702365308804205 0.13363363363363365 0.005256241787122208 0.009009009009009009
0 0.6925098554533509 0.12862862862862862 0.005256241787122208 0.011011011011011011
0 0.6652431011826544 0.11611611611611612 0.005913272010512484 0.01001001001001001
0 0.6392904073587385 0.1111111111111111 0.005256241787122208 0.01001001001001001
0 0.6373193166885677 0.14064064064064064 0.005256241787122208 0.009009009009009009
0 0.6254927726675427 0.15015015015015015 0.005256241787122208 0.01001001001001001
0 0.6067674113009198 0.14514514514514515 0.005913272010512484 0.01001001001001001
0 0.5972404730617609 0.14564564564564564 0.005256241787122208 0.009009009009009009
0 0.6182654402102497 0.08858858858858859 0.005256241787122208 0.009009009009009009
0 0.6018396846254928 0.07907907907907907 0.005256241787122208 0.01001001001001001
0 0.6123521681997371 0.11261261261261261 0.005256241787122208 0.009009009009009009
0 0.6172798948751642 0.1006006006006006 0.0045992115637319315 0.011011011011011011
0 0.5709592641261498 0.11011011011011011 0.00788436268068331 0.01001001001001001
0 0.5604467805519053 0.17767767767767767 0.006570302233902759 0.009009009009009009
0 0.421484888304862 0.1971971971971972 0.007227332457293035 0.012012012012012012
0 0.39421813403416556 0.1896896896896897 0.006570302233902759 0.013013013013013013
0 0.34132720105124836 0.2072072072072072 0.005913272010512484 0.01001001001001001
0 0.3511826544021025 0.19119119119119118 0.0045992115637319315 0.01001001001001001
0 0.35151116951379763 0.23173173173173173 0.006570302233902759 0.011011011011011011
0 0.3324572930354796 0.21171171171171171 0.006570302233902759 0.013013013013013013
0 0.3232588699080158 0.22672672672672672 0.005256241787122208 0.009009009009009009
0 0.42017082785808146 0.14414414414414414 0.005913272010512484 0.01001001001001001
0 0.39388961892247043 0.0945945945945946 0.005913272010512484 0.011011011011011011
0 0.39586070959264125 0.0990990990990991 0.0045992115637319315 0.008008008008008008
0 0.34461235216819974 0.06606606606606606 0.0045992115637319315 0.008008008008008008
0 0.30978975032851513 0.08608608608608609 0.0045992115637319315 0.01001001001001001
0 0.26544021024967146 0.059559559559559556 0.006570302233902759 0.011011011011011011
0 0.24277266754270696 0.06056056056056056 0.0045992115637319315 0.007007007007007007
0 0.23324572930354795 0.0940940940940941 0.005256241787122208 0.008008008008008008
0 0.21320630749014455 0.23573573573573572 0.005913272010512484 0.011011011011011011
0 0.20795006570302235 0.22772772772772773 0.007227332457293035 0.011011011011011011
0 0.21649145860709593 0.22772772772772773 0.007227332457293035 0.013013013013013013
0 0.16064388961892248 0.28178178178178176 0.005913272010512484 0.011011011011011011
0 0.14224704336399474 0.2872872872872873 0.007227332457293035 0.012012012012012012
0 0.10479632063074902 0.2877877877877878 0.005913272010512484 0.011011011011011011
0 0.09067017082785808 0.2862862862862863 0.00788436268068331 0.012012012012012012
0 0.05584756898817345 0.2887887887887888 0.00788436268068331 0.013013013013013013
0 0.04566360052562418 0.2982982982982983 0.007227332457293035 0.012012012012012012
0 0.009198423127463863 0.2922922922922923 0.00788436268068331 0.014014014014014014
0 0.0036136662286465177 0.22272272272272273 0.005913272010512484 0.011011011011011011
0 0.016097240473061762 0.22422422422422422 0.005913272010512484 0.012012012012012012
0 0.012155059132720105 0.21521521521521522 0.005913272010512484 0.012012012012012012
0 0.15505913272010513 0.23323323323323322 0.00788436268068331 0.012012012012012012
0 0.14224704336399474 0.22872872872872874 0.008541392904073587 0.011011011011011011
0 0.11530880420499343 0.23723723723723725 0.007227332457293035 0.01001001001001001
0 0.2848226018396846 0.1866866866866867 0.008541392904073587 0.013013013013013013
0 0.29369250985545337 0.1971971971971972 0.006570302233902759 0.012012012012012012
0 0.26872536136662284 0.18218218218218218 0.006570302233902759 0.012012012012012012
0 0.24014454664914586 0.17917917917917917 0.007227332457293035 0.012012012012012012
0 0.19579500657030224 0.17267267267267267 0.006570302233902759 0.011011011011011011
0 0.22306176084099869 0.18218218218218218 0.005913272010512484 0.01001001001001001
0 0.6534165571616294 0.16916916916916916 0.005913272010512484 0.012012012012012012
0 0.9638633377135348 0.46096096096096095 0.00788436268068331 0.013013013013013013
