0 0.020816967792615867 2.087037037037037 0.021209740769835034 0.10740740740740741
0 0.040455616653574236 2.1222222222222222 0.019638648860958365 0.1111111111111111
0 0.03731343283582089 2.227777777777778 0.018067556952081697 0.08518518518518518
0 0.07305577376276512 2.0055555555555555 0.02513747054202671 0.11481481481481481
0 0.10604870384917518 2.0185185185185186 0.032992930086410056 0.15555555555555556
0 0.19638648860958366 2.051851851851852 0.015710919088766692 0.08888888888888889
0 0.2317360565593087 2.0814814814814815 0.018853102906520033 0.08888888888888889
0 0.2572663000785546 2.1481481481481484 0.024351924587588374 0.13333333333333333
0 0.2623723487824038 2.077777777777778 0.02356637863315004 0.11851851851851852
0 0.26983503534956793 2.0074074074074075 0.021209740769835034 0.1111111111111111
0 0.29850746268656714 2.1185185185185187 0.015710919088766692 0.0962962962962963
0 0.3244304791830322 2.0703703703703704 0.01728201099764336 0.08888888888888889
0 0.3413197172034564 2.022222222222222 0.016496465043205028 0.08888888888888889
0 0.3982717989002357 2.0925925925925926 0.018853102906520033 0.0962962962962963
0 0.36959937156323647 2.0148148148148146 0.02749410840534171 0.13333333333333333
0 0.5636292223095051 2.188888888888889 0.016496465043205028 0.08148148148148149
0 0.5357423409269442 2.1796296296296296 0.01728201099764336 0.09259259259259259
0 0.6347211311861743 2.1666666666666665 0.012568735271013355 0.06666666666666667
0 0.7007069913589945 2.1166666666666667 0.02513747054202671 0.12962962962962962
0 0.7172034564021995 2.214814814814815 0.0204241948153967 0.1111111111111111
0 0.7824037706205813 2.0388888888888888 0.02199528672427337 0.12962962962962962
0 0.8102906520031422 2.2648148148148146 0.018067556952081697 0.11481481481481481
0 0.7953652788688138 2.0555555555555554 0.019638648860958365 0.1111111111111111
0 0.868421052631579 2.0185185185185186 0.02749410840534171 0.11851851851851852
0 0.9603299293008641 1.987037037037037 0.018067556952081697 0.08518518518518518
0 1.002356637863315 2.0388888888888888 0.015710919088766692 0.07777777777777778
0 0.27808326787117044 2.088888888888889 0.014139827179890024 0.0962962962962963
0 0.9422623723487824 1.9722222222222223 0.00864100549882168 0.04814814814814815
