0 0.017668776371308016 0.9598130841121495 0.014240506329113924 0.05794392523364486
0 0.027953586497890294 0.8897196261682243 0.03164556962025317 0.12710280373831775
0 0.058808016877637134 0.9841121495327103 0.010021097046413503 0.03925233644859813
0 0.08887130801687763 0.9869158878504672 0.012130801687763712 0.041121495327102804
0 0.12078059071729957 1.0252336448598132 0.012658227848101266 0.04672897196261682
0 0.15453586497890295 1.0233644859813085 0.007383966244725738 0.028037383177570093
0 0.1940928270042194 0.9813084112149533 0.011603375527426161 0.041121495327102804
0 0.20279535864978904 0.994392523364486 0.011075949367088608 0.041121495327102804
0 0.23575949367088608 1.0205607476635514 0.012658227848101266 0.048598130841121495
0 0.27531645569620256 0.985981308411215 0.010548523206751054 0.03925233644859813
0 0.2950949367088608 0.9757009345794393 0.025843881856540084 0.10093457943925234
0 0.3483649789029536 0.9457943925233645 0.012130801687763712 0.048598130841121495
0 0.4282700421940928 0.9607476635514018 0.012658227848101266 0.056074766355140186
0 0.47020042194092826 0.9654205607476636 0.030063291139240507 0.1102803738317757
0 0.5287447257383966 0.9588785046728971 0.01529535864978903 0.056074766355140186
0 0.627373417721519 0.9579439252336449 0.01740506329113924 0.0691588785046729
0 0.5432489451476793 0.9934579439252337 0.03481012658227848 0.12897196261682242
0 0.7681962025316456 0.9990654205607477 0.024789029535864978 0.10654205607476636
0 0.8995253164556962 0.9635514018691589 0.021624472573839662 0.08411214953271028
0 0.8937236286919831 1.005607476635514 0.0290084388185654 0.10093457943925234
0 0.9253691983122363 1.0093457943925233 0.0058016877637130804 0.018691588785046728
0 0.1395042194092827 0.974766355140187 0.011075949367088608 0.03925233644859813
