0 0.09004024144869216 0.6189655172413793 0.18008048289738432 0.6827586206896552
0 0.10865191146881288 0.2982758620689655 0.06237424547283702 0.1206896551724138
0 0.1846076458752515 0.3887931034482759 0.05533199195171026 0.12241379310344827
0 0.31237424547283704 0.2672413793103448 0.09154929577464789 0.2103448275862069
0 0.40191146881287726 0.3275862068965517 0.05331991951710262 0.1310344827586207
0 0.4200201207243461 0.24655172413793103 0.04929577464788732 0.1206896551724138
0 0.49899396378269617 0.34051724137931033 0.05432595573440644 0.09827586206896552
0 0.6398390342052314 0.2896551724137931 0.07847082494969819 0.1413793103448276
0 0.7308853118712274 0.3603448275862069 0.1317907444668008 0.24482758620689654
0 0.8838028169014085 0.16034482758620688 0.2323943661971831 0.4
