0 0.8532934131736527 5.099009900990099 0.015968063872255488 0.1782178217821782
0 0.9730538922155688 5.237623762376238 0.005988023952095809 0.0594059405940594
0 0.9630738522954092 5.267326732673268 0.005988023952095809 0.0594059405940594
0 0.9530938123752495 5.257425742574258 0.005988023952095809 0.0594059405940594
0 0.8912175648702595 5.336633663366337 0.005988023952095809 0.0594059405940594
0 0.874750499001996 5.287128712871287 0.006986027944111776 0.07920792079207921
0 0.8832335329341318 5.48019801980198 0.017964071856287425 0.40594059405940597
0 0.8423153692614771 5.5049504950495045 0.013972055888223553 0.49504950495049505
0 0.562375249500998 5.108910891089109 0.016966067864271458 0.1782178217821782
0 0.5284431137724551 5.366336633663367 0.010978043912175649 0.09900990099009901
0 0.5543912175648703 5.658415841584159 0.008982035928143712 0.0891089108910891
0 0.562874251497006 5.410891089108911 0.007984031936127744 0.0891089108910891
0 0.5269461077844312 5.396039603960396 0.011976047904191617 0.1188118811881188
0 0.46706586826347307 5.247524752475248 0.007984031936127744 0.09900990099009901
0 0.49600798403193613 5.50990099009901 0.017964071856287425 0.26732673267326734
0 0.3972055888223553 5.415841584158416 0.007984031936127744 0.09900990099009901
0 0.3597804391217565 5.48019801980198 0.008982035928143712 0.10891089108910891
0 0.3847305389221557 5.4504950495049505 0.00499001996007984 0.06930693069306931
0 0.3408183632734531 5.425742574257426 0.012974051896207584 0.1188118811881188
0 0.32435129740518964 5.425742574257426 0.005988023952095809 0.07920792079207921
0 0.2934131736526946 5.341584158415841 0.013972055888223553 0.1485148514851485
0 0.21656686626746507 5.420792079207921 0.005988023952095809 0.06930693069306931
0 0.26696606786427146 5.425742574257426 0.00499001996007984 0.039603960396039604
0 0.19710578842315368 5.569306930693069 0.018962075848303395 0.32673267326732675
0 0.16816367265469062 5.475247524752476 0.006986027944111776 0.07920792079207921
0 0.1536926147704591 5.51980198019802 0.005988023952095809 0.06930693069306931
0 0.12624750499001997 5.49009900990099 0.00499001996007984 0.06930693069306931
0 0.09780439121756487 5.430693069306931 0.005988023952095809 0.06930693069306931
0 0.04291417165668663 5.282178217821782 0.013972055888223553 0.1485148514851485
0 0.03093812375249501 5.935643564356436 0.013972055888223553 0.1485148514851485
0 0.021956087824351298 5.688118811881188 0.005988023952095809 0.06930693069306931
0 0.6901197604790419 5.381188118811881 0.00499001996007984 0.04950495049504951
0 0.5973053892215568 5.53960396039604 0.008982035928143712 0.10891089108910891
