0 0.03538283062645012 0.5824175824175825 0.04756380510440835 0.1010989010989011
0 0.17865429234338748 0.9516483516483516 0.0765661252900232 0.18021978021978022
0 0.2743619489559165 0.9703296703296703 0.09164733178654293 0.2175824175824176
0 0.26450116009280744 0.6978021978021978 0.06496519721577726 0.14725274725274726
0 0.24303944315545242 0.4758241758241758 0.03596287703016241 0.07252747252747253
0 0.388631090487239 0.6637362637362637 0.05568445475638051 0.14945054945054945
0 0.3845707656612529 0.5571428571428572 0.04060324825986079 0.0989010989010989
0 0.5516241299303944 0.9714285714285714 0.0777262180974478 0.210989010989011
0 0.5005800464037123 0.7846153846153846 0.06148491879350348 0.12747252747252746
0 0.6479118329466357 0.8340659340659341 0.07308584686774942 0.18681318681318682
0 0.9738979118329466 0.8615384615384616 0.054524361948955914 0.11868131868131868
0 0.681554524361949 0.6142857142857143 0.052204176334106726 0.11208791208791209
0 0.8010440835266821 0.7076923076923077 0.042923433874709975 0.0967032967032967
0 0.6589327146171694 0.5406593406593406 0.03944315545243619 0.09230769230769231
0 0.580046403712297 0.5010989010989011 0.04176334106728538 0.06153846153846154
0 0.5580046403712297 0.4758241758241758 0.04176334106728538 0.0945054945054945
0 0.4872389791183295 0.4978021978021978 0.048723897911832945 0.11648351648351649
0 0.41647331786542924 0.3648351648351648 0.03944315545243619 0.08351648351648351
0 0.48549883990719256 0.4318681318681319 0.033642691415313224 0.06813186813186813
0 0.5208816705336426 0.3945054945054945 0.025522041763341066 0.05934065934065934
0 0.5974477958236659 0.3791208791208791 0.027842227378190254 0.05934065934065934
0 0.6763341067285383 0.38571428571428573 0.030162412993039442 0.06373626373626373
0 0.7529002320185615 0.5230769230769231 0.030162412993039442 0.07912087912087912
0 0.7233178654292344 0.421978021978022 0.029002320185614848 0.06153846153846154
