0 0.10239234449760766 0.4636752136752137 0.011483253588516746 0.029914529914529916
0 0.044976076555023926 0.33226495726495725 0.03636363636363636 0.09615384615384616
0 0.009569377990430622 0.45726495726495725 0.03827751196172249 0.1111111111111111
0 0.22583732057416267 0.31303418803418803 0.045933014354066985 0.11324786324786325
0 0.29473684210526313 0.3141025641025641 0.05741626794258373 0.15384615384615385
0 0.3229665071770335 0.3301282051282051 0.0430622009569378 0.13034188034188035
0 0.37607655502392345 0.4326923076923077 0.05550239234449761 0.13034188034188035
0 0.49904306220095696 0.41346153846153844 0.044976076555023926 0.11324786324786325
0 0.5468899521531101 0.4081196581196581 0.027751196172248804 0.08547008547008547
0 0.5401913875598087 0.5074786324786325 0.0354066985645933 0.06196581196581197
0 0.6004784688995215 0.3557692307692308 0.05454545454545454 0.14743589743589744
0 0.8196172248803828 0.38461538461538464 0.010526315789473684 0.029914529914529916
0 0.6875598086124401 0.4583333333333333 0.06794258373205742 0.19017094017094016
0 0.74688995215311 0.4198717948717949 0.06028708133971292 0.1388888888888889
0 0.7722488038277512 0.41239316239316237 0.0708133971291866 0.20085470085470086
0 0.9320574162679426 0.4166666666666667 0.007655502392344498 0.017094017094017096
0 0.9574162679425837 0.4188034188034188 0.0066985645933014355 0.017094017094017096
0 0.9779904306220095 0.4358974358974359 0.024880382775119617 0.0641025641025641
