0 0.8988188976377953 0.7372262773722628 0.04015748031496063 0.13138686131386862
0 0.8248031496062992 0.7983576642335767 0.05905511811023622 0.1478102189781022
0 0.775984251968504 1.0 0.05748031496062992 0.13138686131386862
0 0.6236220472440945 0.8923357664233577 0.050393700787401574 0.12043795620437957
0 0.5452755905511811 0.8038321167883211 0.02125984251968504 0.05291970802919708
0 0.46811023622047243 0.7791970802919708 0.010236220472440945 0.029197080291970802
0 0.4637795275590551 0.801094890510949 0.009448818897637795 0.021897810218978103
0 0.4346456692913386 0.8120437956204379 0.012598425196850394 0.0364963503649635
0 0.4082677165354331 0.781934306569343 0.010236220472440945 0.020072992700729927
0 0.39291338582677166 0.8184306569343066 0.012598425196850394 0.03102189781021898
0 0.37598425196850394 0.8083941605839416 0.014960629921259842 0.040145985401459854
0 0.3291338582677165 0.9215328467153284 0.050393700787401574 0.13138686131386862
0 0.31929133858267716 0.8102189781021898 0.024409448818897637 0.058394160583941604
0 0.27283464566929133 0.791970802919708 0.01811023622047244 0.040145985401459854
0 0.10590551181102362 0.7408759124087592 0.03385826771653543 0.06204379562043796
0 0.024409448818897637 0.7290145985401459 0.03464566929133858 0.07846715328467153
0 0.19291338582677164 0.7627737226277372 0.01732283464566929 0.040145985401459854
0 0.22992125984251968 0.801094890510949 0.011023622047244094 0.029197080291970802
0 0.36811023622047245 0.7947080291970803 0.008661417322834646 0.023722627737226276
0 0.7901574803149606 0.7682481751824818 0.007086614173228346 0.01824817518248175
0 0.6460629921259843 0.8841240875912408 0.029133858267716535 0.08576642335766424
0 0.775984251968504 0.7801094890510949 0.007086614173228346 0.012773722627737226
