0 0.7719950433705081 1.2895569620253164 0.042131350681536554 0.12974683544303797
0 0.9442379182156134 1.2104430379746836 0.042131350681536554 0.12341772151898735
0 1.1356877323420074 1.3639240506329113 0.040892193308550186 0.10759493670886076
0 1.2094175960346965 1.3338607594936709 0.03717472118959108 0.0981012658227848
0 1.2627013630731103 1.3591772151898733 0.02973977695167286 0.09177215189873418
0 1.4107806691449813 1.4541139240506329 0.0161090458488228 0.04113924050632911
0 1.4739776951672863 1.4683544303797469 0.013630731102850062 0.0379746835443038
0 1.537174721189591 1.4367088607594938 0.013630731102850062 0.04430379746835443
0 1.5576208178438662 1.4272151898734178 0.01486988847583643 0.03164556962025317
0 1.5731102850061958 1.4161392405063291 0.01858736059479554 0.04746835443037975
