0 0.06949569495694957 0.2967914438502674 0.01845018450184502 0.09090909090909091
0 0.11931119311193111 0.4090909090909091 0.01968019680196802 0.10160427807486631
0 0.17589175891758918 0.39572192513368987 0.01968019680196802 0.0962566844919786
0 0.23554735547355474 0.38235294117647056 0.015990159901599015 0.09090909090909091
0 0.2988929889298893 0.5187165775401069 0.01968019680196802 0.10695187165775401
0 0.37884378843788435 0.5347593582887701 0.01968019680196802 0.0962566844919786
0 0.43357933579335795 0.6524064171122995 0.020910209102091022 0.0962566844919786
0 0.44218942189421895 0.7032085561497327 0.023370233702337023 0.12299465240641712
0 0.486469864698647 0.9090909090909091 0.028290282902829027 0.1497326203208556
0 0.535670356703567 0.7540106951871658 0.023370233702337023 0.13903743315508021
0 0.5252152521525215 0.9438502673796791 0.02706027060270603 0.15508021390374332
0 0.5897908979089791 0.8235294117647058 0.025830258302583026 0.12834224598930483
0 0.6156211562115621 0.983957219251337 0.025830258302583026 0.13903743315508021
0 0.6476014760147601 0.9385026737967914 0.025830258302583026 0.13368983957219252
0 0.6666666666666666 0.9197860962566845 0.02706027060270603 0.12834224598930483
0 0.6549815498154982 0.7941176470588235 0.023370233702337023 0.12299465240641712
0 0.6918819188191881 0.8315508021390374 0.023370233702337023 0.11229946524064172
0 0.7712177121771218 0.93048128342246 0.024600246002460024 0.13903743315508021
0 0.7558425584255842 0.9625668449197861 0.03075030750307503 0.13903743315508021
0 0.8696186961869619 1.0053475935828877 0.02706027060270603 0.12834224598930483
0 0.949569495694957 0.9331550802139037 0.024600246002460024 0.13368983957219252
0 1.054120541205412 0.10160427807486631 0.012300123001230012 0.06417112299465241
