0 0.07177033492822966 0.32550335570469796 0.0733652312599681 0.19463087248322147
0 0.19138755980861244 0.39731543624161075 0.06953748006379586 0.19463087248322147
0 0.3025518341307815 0.4204697986577181 0.06411483253588517 0.17516778523489934
0 0.3821371610845295 0.3644295302013423 0.05741626794258373 0.14630872483221477
0 0.43460925039872406 0.5053691275167785 0.05326953748006379 0.15033557046979865
0 0.5333333333333333 0.4721476510067114 0.054864433811802234 0.13221476510067115
0 0.6100478468899522 0.4449664429530201 0.05007974481658692 0.13288590604026845
0 0.6690590111642744 0.4570469798657718 0.05582137161084529 0.12885906040268458
0 0.7307814992025519 0.4446308724832215 0.048484848484848485 0.12953020134228188
0 0.8341307814992025 0.5281879194630873 0.056140350877192984 0.14630872483221477
0 0.8633173843700159 0.5181208053691275 0.05199362041467304 0.14496644295302014
0 0.9323763955342903 0.5281879194630873 0.06762360446570972 0.15704697986577182
0 1.0078149920255184 0.5302013422818792 0.05454545454545454 0.14228187919463087
