0 0.936830835117773 0.527363184079602 0.019271948608137045 0.024875621890547265
0 0.8715203426124197 0.5410447761194029 0.021413276231263382 0.024875621890547265
0 0.800321199143469 0.5752487562189055 0.022483940042826552 0.026119402985074626
0 0.7323340471092077 0.6013681592039801 0.021413276231263382 0.03109452736318408
0 0.7596359743040685 0.6001243781094527 0.020342612419700215 0.026119402985074626
0 0.6274089935760171 0.6050995024875622 0.019271948608137045 0.028606965174129355
0 0.5792291220556746 0.6299751243781094 0.021413276231263382 0.03109452736318408
0 0.5546038543897216 0.6032338308457711 0.017130620985010708 0.029850746268656716
0 0.5455032119914347 0.6200248756218906 0.022483940042826552 0.028606965174129355
0 0.5074946466809421 0.6399253731343284 0.023554603854389723 0.028606965174129355
0 0.4089935760171306 0.6044776119402985 0.021413276231263382 0.022388059701492536
0 0.31798715203426126 0.621268656716418 0.04068522483940043 0.048507462686567165
0 0.39186295503211993 0.6772388059701493 0.032119914346895075 0.03855721393034826
0 0.4475374732334047 0.6175373134328358 0.034261241970021415 0.041044776119402986
0 0.6493576017130621 0.6536069651741293 0.035331905781584586 0.041044776119402986
0 0.5952890792291221 0.664179104477612 0.03640256959314775 0.04975124378109453
0 0.5187366167023555 0.6747512437810945 0.035331905781584586 0.03855721393034826
0 0.7312633832976445 0.736318407960199 0.044967880085653104 0.05223880597014925
0 0.8078158458244111 0.779228855721393 0.048179871520342615 0.053482587064676616
0 0.7510706638115632 0.8513681592039801 0.05246252676659529 0.06840796019900497
0 0.6664882226980728 0.6847014925373134 0.048179871520342615 0.06840796019900497
0 0.6258029978586723 0.7114427860696517 0.033190578158458245 0.04228855721393035
0 0.569593147751606 0.7008706467661692 0.03640256959314775 0.03855721393034826
0 0.4678800856531049 0.6983830845771144 0.03640256959314775 0.05099502487562189
0 0.49571734475374735 0.7493781094527363 0.042826552462526764 0.03855721393034826
0 0.39025695931477516 0.7400497512437811 0.043897216274089934 0.04975124378109453
0 0.7906852248394004 0.8463930348258707 0.05460385438972163 0.0708955223880597
0 0.6579229122055674 0.7916666666666666 0.0417558886509636 0.05099502487562189
0 0.5819057815845824 0.7661691542288557 0.046038543897216275 0.05970149253731343
0 0.44486081370449676 0.7717661691542289 0.03961456102783726 0.05099502487562189
0 0.46948608137044967 0.8233830845771144 0.03961456102783726 0.05970149253731343
0 0.6472162740899358 0.818407960199005 0.05032119914346895 0.05223880597014925
0 0.430406852248394 0.8152985074626866 0.05139186295503212 0.06592039800995025
0 0.35920770877944325 0.8264925373134329 0.046038543897216275 0.05845771144278607
0 0.3549250535331906 0.9185323383084577 0.05246252676659529 0.07835820895522388
0 0.7355460385438972 0.9595771144278606 0.055674518201284794 0.07835820895522388
0 0.6295503211991434 0.9123134328358209 0.057815845824411134 0.05845771144278607
0 0.5358672376873662 0.9092039800995025 0.05460385438972163 0.06467661691542288
0 0.4919700214132762 0.9738805970149254 0.05246252676659529 0.06965174129353234
0 0.5037473233404711 1.0304726368159205 0.06531049250535331 0.07587064676616916
0 0.15738758029978586 1.236318407960199 0.11349036402569593 0.2064676616915423
0 0.6498929336188437 1.0727611940298507 0.21199143468950749 0.277363184079602
0 0.05353319057815846 1.097636815920398 0.21413276231263384 0.2947761194029851
0 0.39025695931477516 1.3041044776119404 0.34796573875803 0.4216417910447761
0 0.6472162740899358 1.0690298507462686 0.215203426124197 0.27238805970149255
