0 0.011620977353992848 2.270661157024793 0.037544696066746125 0.2768595041322314
0 0.02532777115613826 2.1549586776859506 0.02800953516090584 0.15289256198347106
0 0.08432657926102503 2.0144628099173554 0.004171632896305125 0.028925619834710745
0 0.02205005959475566 2.0082644628099175 0.003575685339690107 0.024793388429752067
0 0.039630512514898686 2.0041322314049586 0.004171632896305125 0.03305785123966942
0 0.08045292014302742 2.347107438016529 0.058402860548271755 0.4380165289256198
0 0.1764004767580453 2.3326446280991737 0.04410011918951132 0.34297520661157027
0 0.24255065554231228 2.3202479338842976 0.03694874851013111 0.3512396694214876
0 0.3203218116805721 2.3264462809917354 0.045887961859356376 0.30578512396694213
0 0.3411799761620977 2.28099173553719 0.03635280095351609 0.30578512396694213
0 0.36442193087008345 2.006198347107438 0.004171632896305125 0.028925619834710745
0 0.3721692491060787 2.0041322314049586 0.004171632896305125 0.03305785123966942
0 0.3626340882002384 2.2541322314049586 0.029201430274135878 0.2603305785123967
0 0.44576877234803336 2.3078512396694215 0.026221692491060787 0.22727272727272727
0 0.43116805721096546 2.239669421487603 0.020858164481525627 0.17355371900826447
0 0.5581048867699643 2.415289256198347 0.05065554231227652 0.40082644628099173
0 0.5810488676996425 2.229338842975207 0.03814064362336114 0.3347107438016529
0 0.6474970202622169 2.2479338842975207 0.026817640047675805 0.21487603305785125
0 0.58492252681764 2.020661157024793 0.004171632896305125 0.03305785123966942
0 0.6102502979737783 2.020661157024793 0.003575685339690107 0.024793388429752067
0 0.6171036948748511 2.0 0.006555423122765197 0.04132231404958678
0 0.7395709177592372 2.4338842975206614 0.05363528009535161 0.3884297520661157
0 0.7240762812872468 2.3367768595041323 0.025029797377830752 0.24380165289256198
0 0.7222884386174017 2.2169421487603307 0.025029797377830752 0.17768595041322313
0 0.9556019070321812 1.756198347107438 0.032777115613825986 0.256198347107438
0 0.9758641239570918 1.8822314049586777 0.03396901072705602 0.30991735537190085
