0 -0.02962962962962963 0.5969976905311778 0.03333333333333333 0.09006928406466513
0 0.005555555555555556 0.6247113163972287 0.044444444444444446 0.14549653579676675
0 0.10972222222222222 0.6385681293302541 0.04351851851851852 0.10854503464203233
0 0.08287037037037037 0.6062355658198614 0.03796296296296296 0.10854503464203233
0 0.0962962962962963 0.5854503464203233 0.03333333333333333 0.09006928406466513
0 0.16203703703703703 0.6524249422632794 0.037037037037037035 0.11316397228637413
0 0.20925925925925926 0.6327944572748267 0.044444444444444446 0.12009237875288684
0 0.33611111111111114 0.6327944572748267 0.03888888888888889 0.11085450346420324
0 0.36898148148148147 0.6524249422632794 0.032407407407407406 0.08083140877598152
0 0.4050925925925926 0.6535796766743649 0.028703703703703703 0.08314087759815242
0 0.44166666666666665 0.6385681293302541 0.027777777777777776 0.07159353348729793
0 0.45601851851851855 0.7009237875288684 0.023148148148148147 0.06235565819861432
0 0.4791666666666667 0.6039260969976905 0.028703703703703703 0.07621247113163972
0 0.49444444444444446 0.8775981524249422 0.025925925925925925 0.07390300230946882
0 0.5194444444444445 0.6224018475750578 0.027777777777777776 0.07621247113163972
0 0.5296296296296297 0.6304849884526559 0.020370370370370372 0.07390300230946882
0 0.5726851851851852 0.6478060046189377 0.023148148148148147 0.06697459584295612
0 0.575 0.6524249422632794 0.022222222222222223 0.057736720554272515
0 0.2824074074074074 0.4745958429561201 0.07777777777777778 0.20092378752886836
0 0.6125 0.5565819861431871 0.03425925925925926 0.11547344110854503
0 0.7592592592592593 0.4561200923787529 0.014814814814814815 0.04849884526558892
0 0.8018518518518518 0.6339491916859122 0.022222222222222223 0.06235565819861432
0 0.8527777777777777 0.558891454965358 0.016666666666666666 0.05542725173210162
0 0.8680555555555556 0.48498845265588914 0.01574074074074074 0.046189376443418015
0 0.888425925925926 0.4353348729792148 0.01574074074074074 0.04387990762124711
0 0.8375 0.39145496535796764 0.008333333333333333 0.025404157043879907
0 0.8587962962962963 0.38683602771362585 0.010185185185185186 0.025404157043879907
0 0.9101851851851852 0.3833718244803695 0.011111111111111112 0.03233256351039261
0 0.8898148148148148 0.3729792147806005 0.011111111111111112 0.03002309468822171
0 0.9490740740740741 0.3683602771362587 0.009259259259259259 0.025404157043879907
0 0.9069444444444444 0.30600461893764436 0.008333333333333333 0.020785219399538105
0 0.8606481481481482 0.3394919168591224 0.008333333333333333 0.02771362586605081
0 0.8851851851851852 0.3568129330254042 0.011111111111111112 0.025404157043879907
0 0.8736111111111111 0.2863741339491917 0.008333333333333333 0.023094688221709007
0 0.8847222222222222 0.29907621247113164 0.008333333333333333 0.020785219399538105
0 0.8782407407407408 0.2528868360277136 0.006481481481481481 0.020785219399538105
0 0.887962962962963 0.26674364896073904 0.007407407407407408 0.020785219399538105
0 0.9037037037037037 0.26212471131639725 0.007407407407407408 0.020785219399538105
0 0.9143518518518519 0.26558891454965355 0.006481481481481481 0.018475750577367205
0 0.9162037037037037 0.34295612009237875 0.010185185185185186 0.025404157043879907
0 0.9291666666666667 0.3163972286374134 0.010185185185185186 0.023094688221709007
0 0.9305555555555556 0.2921478060046189 0.009259259259259259 0.020785219399538105
0 0.9310185185185185 0.23325635103926096 0.008333333333333333 0.018475750577367205
