0 0.062311557788944726 5.228682170542636 0.020100502512562814 0.16279069767441862
0 0.05226130653266332 5.6434108527131785 0.012060301507537688 0.10852713178294573
0 0.08542713567839195 5.27906976744186 0.016080402010050253 0.13953488372093023
0 0.11105527638190955 5.178294573643411 0.009045226130653266 0.10852713178294573
0 0.17587939698492464 5.2015503875969 0.018090452261306532 0.13953488372093023
0 0.05125628140703518 5.39922480620155 0.01407035175879397 0.11627906976744186
0 0.2628140703517588 5.775193798449612 0.01507537688442211 0.12403100775193798
0 0.30100502512562816 5.2015503875969 0.017085427135678392 0.13953488372093023
0 0.37386934673366834 5.24031007751938 0.018090452261306532 0.13953488372093023
0 0.3597989949748744 5.678294573643411 0.01407035175879397 0.11627906976744186
0 0.40251256281407033 5.662790697674419 0.01306532663316583 0.11627906976744186
0 0.4376884422110553 5.3565891472868215 0.01507537688442211 0.13953488372093023
0 0.4763819095477387 5.4147286821705425 0.018090452261306532 0.14728682170542637
0 0.4979899497487437 5.5852713178294575 0.01306532663316583 0.10077519379844961
0 0.5256281407035176 5.325581395348837 0.016080402010050253 0.12403100775193798
0 0.5447236180904522 5.488372093023256 0.012060301507537688 0.09302325581395349
0 0.5628140703517588 5.271317829457364 0.018090452261306532 0.13953488372093023
0 0.9633165829145729 5.596899224806202 0.01507537688442211 0.12403100775193798
0 0.9919597989949749 5.503875968992248 0.01407035175879397 0.12403100775193798
