0 0.10654112983151635 1.4093137254901962 0.03865213082259663 0.09803921568627451
0 0.122398414271556 1.4313725490196079 0.03270564915758176 0.08823529411764706
0 0.19425173439048563 1.4068627450980393 0.031714568880079286 0.0784313725490196
0 0.20713577799801783 1.4276960784313726 0.027750247770069375 0.07598039215686274
0 0.1823587710604559 1.3860294117647058 0.017839444995044598 0.051470588235294115
0 0.3979187314172448 1.4375 0.014866204162537165 0.051470588235294115
0 0.4222001982160555 1.411764705882353 0.02576808721506442 0.06862745098039216
0 0.45986124876114964 1.4387254901960784 0.015857284440039643 0.0392156862745098
0 0.4846382556987116 1.3713235294117647 0.023785926660059464 0.061274509803921566
0 0.5450941526263627 1.3566176470588236 0.031714568880079286 0.1053921568627451
0 0.5901883052527255 1.4313725490196079 0.010901883052527254 0.029411764705882353
0 0.624380574826561 1.4276960784313726 0.013875123885034688 0.04656862745098039
0 0.6124876114965312 1.4264705882352942 0.009910802775024777 0.029411764705882353
0 0.6486620416253717 1.4166666666666667 0.008919722497522299 0.029411764705882353
0 0.6655104063429138 1.4178921568627452 0.01288404360753221 0.03676470588235294
0 0.6754212091179386 1.411764705882353 0.014866204162537165 0.049019607843137254
0 0.7001982160555005 1.3443627450980393 0.030723488602576808 0.08088235294117647
0 0.7547076313181368 1.3002450980392157 0.044598612487611496 0.12009803921568628
0 0.7829534192269574 1.4129901960784315 0.017839444995044598 0.051470588235294115
0 0.8642220019821606 1.3688725490196079 0.015857284440039643 0.041666666666666664
0 0.900396432111001 1.3700980392156863 0.01288404360753221 0.0392156862745098
0 0.9900891972249752 1.2193627450980393 0.057482656095143705 0.12990196078431374
0 1.0738354806739345 1.224264705882353 0.026759167492566897 0.07107843137254902
