0 0.05330243337195829 3.9723502304147464 0.03244495944380069 0.14746543778801843
0 0.1205098493626883 3.942396313364055 0.03707995365005794 0.15207373271889402
0 0.19640787949015065 4.066820276497696 0.038238702201622246 0.15207373271889402
0 0.27636152954808807 3.9631336405529956 0.04519119351100811 0.22119815668202766
0 0.406720741599073 3.988479262672811 0.03707995365005794 0.17050691244239632
0 0.5602549246813442 3.9769585253456223 0.019698725376593278 0.08294930875576037
0 0.7172653534183082 4.032258064516129 0.039397450753186555 0.1935483870967742
0 0.8215527230590962 4.117511520737327 0.0440324449594438 0.21658986175115208
0 0.984936268829664 3.967741935483871 0.02085747392815759 0.09216589861751152
0 0.02607184241019699 3.9377880184331797 0.015063731170336037 0.059907834101382486
0 0.047508690614136734 3.880184331797235 0.016222479721900347 0.08294930875576037
0 0.0921205098493627 3.9055299539170507 0.01738122827346466 0.06912442396313365
0 0.18829663962920046 3.910138248847926 0.015063731170336037 0.059907834101382486
0 0.2242178447276941 3.947004608294931 0.01738122827346466 0.07834101382488479
0 0.3128621089223638 3.903225806451613 0.006952491309385863 0.03686635944700461
0 0.3006952491309386 3.986175115207373 0.012746234067207415 0.055299539170506916
0 0.3290845886442642 3.935483870967742 0.016222479721900347 0.055299539170506916
0 0.347045191193511 3.9838709677419355 0.0220162224797219 0.0967741935483871
0 0.3765932792584009 3.953917050691244 0.016222479721900347 0.09216589861751152
0 0.440324449594438 3.953917050691244 0.016222479721900347 0.07373271889400922
0 0.43279258400927 3.8986175115207375 0.005793742757821553 0.027649769585253458
0 0.4756662804171495 3.942396313364055 0.008111239860950173 0.041474654377880185
0 0.5115874855156431 3.9493087557603688 0.010428736964078795 0.06451612903225806
0 0.5301274623406721 3.947004608294931 0.010428736964078795 0.041474654377880185
0 0.555619930475087 3.9078341013824884 0.008111239860950173 0.03686635944700461
0 0.5758980301274623 3.9654377880184333 0.011587485515643106 0.041474654377880185
0 0.5857473928157589 3.9585253456221197 0.008111239860950173 0.04608294930875576
0 0.6309385863267671 3.9170506912442398 0.008111239860950173 0.03686635944700461
0 0.6436848203939745 3.9285714285714284 0.008111239860950173 0.03225806451612903
0 0.6981460023174971 3.9493087557603688 0.01738122827346466 0.07373271889400922
0 0.6778679026651216 3.9976958525345623 0.01853997682502897 0.08755760368663594
0 0.7595596755504056 3.9400921658986174 0.015063731170336037 0.07373271889400922
0 0.7885283893395133 3.947004608294931 0.015063731170336037 0.06912442396313365
0 0.8342989571263036 3.9608294930875574 0.023174971031286212 0.10599078341013825
0 0.8783314020857474 3.974654377880184 0.009269988412514484 0.05069124423963134
0 0.9136732329084588 3.9377880184331797 0.010428736964078795 0.041474654377880185
0 0.9287369640787949 3.935483870967742 0.010428736964078795 0.04608294930875576
