0 0.039462809917355374 3.4450317124735728 0.05495867768595041 0.3150105708245243
0 0.25206611570247933 3.4334038054968286 0.07933884297520662 0.4608879492600423
0 0.21611570247933884 3.4260042283298096 0.026446280991735537 0.17547568710359407
0 0.343801652892562 3.507399577167019 0.019008264462809916 0.10570824524312897
0 0.39380165289256197 3.4323467230443976 0.019834710743801654 0.09936575052854123
0 0.4578512396694215 3.509513742071882 0.03553719008264463 0.1945031712473573
0 0.5301652892561983 3.5887949260042284 0.06198347107438017 0.38266384778012685
0 0.2964876033057851 3.5137420718816066 0.01859504132231405 0.10570824524312897
0 0.3167355371900826 3.485200845665962 0.009504132231404958 0.05708245243128964
0 0.5667355371900826 3.451374207188161 0.02024793388429752 0.10782241014799154
0 0.5946280991735537 3.4799154334038054 0.00909090909090909 0.05496828752642706
0 0.6229338842975206 3.5126849894291756 0.013636363636363636 0.06976744186046512
0 0.643595041322314 3.45877378435518 0.026859504132231406 0.17758985200845667
0 0.6685950413223141 3.5274841437632136 0.010743801652892562 0.0613107822410148
0 0.6611570247933884 3.483086680761099 0.011570247933884297 0.06553911205073996
0 0.6882231404958677 3.5063424947145876 0.006198347107438017 0.03171247357293869
0 0.7006198347107438 3.5348837209302326 0.009504132231404958 0.046511627906976744
0 0.7154958677685951 3.5644820295983086 0.021900826446280993 0.11416490486257928
0 0.7274793388429752 3.528541226215645 0.01859504132231405 0.09725158562367865
0 0.753099173553719 3.4450317124735728 0.026859504132231406 0.1416490486257928
0 0.7778925619834711 3.4978858350951376 0.017768595041322315 0.10359408033826638
0 0.7880165289256198 3.5232558139534884 0.009917355371900827 0.0613107822410148
0 0.7892561983471075 3.47568710359408 0.010743801652892562 0.05496828752642706
0 0.831198347107438 3.412262156448203 0.05743801652892562 0.321353065539112
0 0.8983471074380165 3.4725158562367864 0.033884297520661154 0.16279069767441862
0 0.9353305785123966 3.53276955602537 0.022727272727272728 0.13530655391120508
0 0.984504132231405 3.504228329809725 0.015289256198347107 0.09513742071881606
0 0.3177685950413223 3.561310782241015 0.014049586776859505 0.09513742071881606
