0 1.0886951292844258 1.0117302052785924 0.03788334335538184 0.20527859237536658
0 1.0084185207456404 1.4868035190615836 0.00841852074564041 0.05278592375366569
0 0.891461214672279 1.1363636363636365 0.027059530968129887 0.1495601173020528
0 0.8746241731809982 1.3651026392961876 0.013830426939266387 0.07331378299120235
0 0.8376428141912207 1.5205278592375366 0.012026458208057728 0.06744868035190615
0 0.8394467829224294 1.4120234604105573 0.010823812387251955 0.06744868035190615
0 0.7663860493084786 1.4882697947214076 0.009019843656043296 0.05571847507331378
0 0.7122669873722188 1.565982404692082 0.00661455201443175 0.04105571847507331
0 0.6521346963319302 1.3504398826979471 0.017438364401683705 0.10263929618768329
0 0.6265784726398076 1.3563049853372433 0.02164762477450391 0.11436950146627566
0 0.6061334936861095 1.5483870967741935 0.006013229104028864 0.02932551319648094
0 0.5688514732411305 1.2683284457478006 0.024052916416115455 0.12023460410557185
0 0.5183403487672881 1.5175953079178885 0.0072158749248346366 0.03812316715542522
0 0.4723391461214672 1.5777126099706744 0.005411906193625977 0.02932551319648094
0 0.4101022248947685 1.5366568914956011 0.0072158749248346366 0.04105571847507331
0 0.39747444377630786 1.6114369501466275 0.0036079374624173183 0.020527859237536656
0 0.3872519542994588 1.596774193548387 0.006013229104028864 0.03225806451612903
0 0.3574864702345159 1.6129032258064515 0.003006614552014432 0.017595307917888565
0 0.3496692723992784 1.5850439882697946 0.005411906193625977 0.03225806451612903
0 0.3108839446782922 1.497067448680352 0.0132291040288635 0.07917888563049853
0 0.2736019242333133 1.2580645161290323 0.024052916416115455 0.11730205278592376
0 0.19392663860493084 1.3695014662756597 0.01503307276007216 0.08797653958944282
0 0.1692723992784125 1.533724340175953 0.009019843656043296 0.0469208211143695
0 0.15213469633193025 1.5219941348973607 0.0072158749248346366 0.04105571847507331
0 0.13529765484064943 1.6026392961876832 0.0036079374624173183 0.020527859237536656
0 0.1238725195429946 1.564516129032258 0.0036079374624173183 0.020527859237536656
0 0.1169573060733614 1.5571847507331378 0.005411906193625977 0.03519061583577713
0 0.1106434155141311 1.5718475073313782 0.006013229104028864 0.02932551319648094
