0 0.004592422502870264 1.6837606837606838 0.016073478760045924 0.023931623931623933
0 0.13203214695752008 1.6957264957264957 0.013777267508610792 0.023931623931623933
0 0.15269804822043628 1.699145299145299 0.013777267508610792 0.020512820512820513
0 0.19173363949483352 1.688034188034188 0.013777267508610792 0.022222222222222223
0 0.23478760045924224 1.6957264957264957 0.012629161882893225 0.020512820512820513
0 0.2537313432835821 1.6863247863247863 0.018369690011481057 0.03247863247863248
0 0.27784156142365096 1.6752136752136753 0.018369690011481057 0.03076923076923077
0 0.3111366245694604 1.6803418803418804 0.018369690011481057 0.03076923076923077
0 0.34959816303099883 1.6923076923076923 0.021814006888633754 0.041025641025641026
0 0.3375430539609644 1.7179487179487178 0.029850746268656716 0.044444444444444446
0 0.3714121699196326 1.6871794871794872 0.01951779563719862 0.03076923076923077
0 0.38346727898966704 1.676068376068376 0.016073478760045924 0.022222222222222223
0 0.4115958668197474 1.7094017094017093 0.024110218140068886 0.037606837606837605
0 0.42479908151549944 1.6666666666666667 0.013777267508610792 0.023931623931623933
0 0.44202066590126293 1.6777777777777778 0.013777267508610792 0.022222222222222223
0 0.4535017221584386 1.6982905982905983 0.02525832376578645 0.046153846153846156
0 0.4902411021814007 1.6871794871794872 0.029850746268656716 0.04786324786324787
0 0.5373134328358209 1.7427350427350428 0.018369690011481057 0.02905982905982906
0 0.5683122847301951 1.688034188034188 0.022962112514351322 0.035897435897435895
0 0.6090700344431688 1.682051282051282 0.02640642939150402 0.04786324786324787
0 0.648105625717566 1.6811965811965812 0.04247990815154994 0.07008547008547009
0 0.7583237657864523 1.7256410256410257 0.04247990815154994 0.06324786324786325
0 0.7864523536165328 1.6675213675213676 0.04133180252583238 0.0905982905982906
0 0.8151549942594719 1.6581196581196582 0.022962112514351322 0.041025641025641026
0 0.9351320321469575 1.7512820512820513 0.04247990815154994 0.08376068376068375
