0 0.08571428571428572 1.1514450867052024 0.026578073089700997 0.05317919075144509
0 0.26843853820598007 1.0508670520231214 0.01727574750830565 0.03468208092485549
0 0.18903654485049834 0.9965317919075144 0.011295681063122924 0.025433526011560695
0 0.07142857142857142 0.9618497109826589 0.008637873754152824 0.016184971098265895
0 0.08372093023255814 0.9578034682080925 0.0106312292358804 0.021965317919075144
0 0.06544850498338871 0.9497109826589596 0.009966777408637873 0.021965317919075144
0 0.0425249169435216 0.9283236994219654 0.009302325581395349 0.016184971098265895
0 0.03222591362126246 0.9132947976878613 0.009966777408637873 0.016184971098265895
0 0.011295681063122924 0.9213872832369943 0.007973421926910298 0.018497109826589597
0 0.04584717607973422 0.8913294797687862 0.007973421926910298 0.016184971098265895
0 0.06877076411960133 0.9040462427745665 0.007308970099667774 0.011560693641618497
0 0.06411960132890365 0.8994219653179191 0.004651162790697674 0.009248554913294798
0 0.21827242524916943 0.9069364161849711 0.007308970099667774 0.012716763005780347
0 0.24053156146179402 0.9647398843930636 0.0106312292358804 0.021965317919075144
0 0.25813953488372093 0.9710982658959537 0.009966777408637873 0.023121387283236993
0 0.24651162790697675 0.9502890173410404 0.0106312292358804 0.023121387283236993
0 0.28471760797342194 0.9260115606936417 0.008637873754152824 0.016184971098265895
0 0.2993355481727575 0.9312138728323699 0.009966777408637873 0.019653179190751446
0 0.3186046511627907 0.9335260115606936 0.008637873754152824 0.015028901734104046
0 0.33122923588039865 0.9312138728323699 0.008637873754152824 0.015028901734104046
0 0.42524916943521596 0.9323699421965318 0.009302325581395349 0.017341040462427744
0 0.4418604651162791 0.9283236994219654 0.0106312292358804 0.020809248554913295
0 0.5481727574750831 0.9375722543352601 0.011960132890365448 0.025433526011560695
0 0.7156146179401993 0.9485549132947977 0.011960132890365448 0.021965317919075144
0 0.9940199335548173 0.9890173410404625 0.0106312292358804 0.019653179190751446
0 0.9906976744186047 0.9190751445086706 0.011960132890365448 0.020809248554913295
0 0.9624584717607974 0.9080924855491329 0.008637873754152824 0.017341040462427744
0 0.9132890365448505 0.8791907514450867 0.007308970099667774 0.012716763005780347
0 0.8893687707641196 0.8867052023121387 0.007308970099667774 0.018497109826589597
0 0.893687707641196 0.876878612716763 0.006644518272425249 0.012716763005780347
0 0.8737541528239202 0.8982658959537573 0.007973421926910298 0.016184971098265895
0 0.8558139534883721 0.8872832369942196 0.006644518272425249 0.015028901734104046
0 0.8332225913621263 0.9017341040462428 0.007973421926910298 0.016184971098265895
0 0.8129568106312293 0.9023121387283237 0.008637873754152824 0.017341040462427744
0 0.7986710963455149 0.8809248554913295 0.006644518272425249 0.009248554913294798
0 0.7704318936877076 0.8959537572254336 0.005980066445182724 0.013872832369942197
0 0.7528239202657807 0.8971098265895954 0.009302325581395349 0.016184971098265895
0 0.7262458471760798 0.8913294797687862 0.006644518272425249 0.011560693641618497
0 0.7322259136212624 0.8855491329479769 0.0053156146179402 0.011560693641618497
0 0.7169435215946844 0.8791907514450867 0.0053156146179402 0.010404624277456647
0 0.7262458471760798 0.8716763005780347 0.0053156146179402 0.009248554913294798
0 0.7398671096345515 0.8653179190751445 0.004651162790697674 0.010404624277456647
0 0.6558139534883721 0.923699421965318 0.007973421926910298 0.016184971098265895
0 0.6255813953488372 0.9161849710982659 0.007308970099667774 0.015028901734104046
0 0.6534883720930232 0.9075144508670521 0.007308970099667774 0.013872832369942197
0 0.6641196013289037 0.892485549132948 0.007308970099667774 0.016184971098265895
0 0.6760797342192691 0.8849710982658959 0.004651162790697674 0.010404624277456647
0 0.6916943521594684 0.8815028901734104 0.003986710963455149 0.008092485549132947
0 0.6906976744186046 0.8670520231213873 0.004651162790697674 0.009248554913294798
0 0.6458471760797342 0.884393063583815 0.0053156146179402 0.011560693641618497
0 0.6308970099667774 0.8838150289017341 0.005980066445182724 0.010404624277456647
0 0.6186046511627907 0.8734104046242774 0.0053156146179402 0.010404624277456647
0 0.6225913621262459 0.8705202312138728 0.0053156146179402 0.011560693641618497
0 0.6023255813953489 0.8936416184971099 0.004651162790697674 0.009248554913294798
0 0.6096345514950167 0.8780346820809248 0.005980066445182724 0.012716763005780347
0 0.5933554817275748 0.8820809248554913 0.006644518272425249 0.011560693641618497
0 0.5637873754152823 0.891907514450867 0.007308970099667774 0.012716763005780347
0 0.5156146179401994 0.900578034682081 0.007973421926910298 0.013872832369942197
0 0.47375415282392025 0.8705202312138728 0.003986710963455149 0.009248554913294798
0 0.493687707641196 0.8653179190751445 0.003986710963455149 0.008092485549132947
0 0.42890365448504986 0.9098265895953758 0.007308970099667774 0.013872832369942197
0 0.39169435215946846 0.8936416184971099 0.007308970099667774 0.013872832369942197
0 0.08338870431893687 0.861849710982659 0.0033222591362126247 0.005780346820809248
0 0.09169435215946845 0.8658959537572254 0.003986710963455149 0.006936416184971098
0 0.10332225913621262 0.861849710982659 0.0033222591362126247 0.005780346820809248
0 0.1132890365448505 0.8647398843930636 0.0033222591362126247 0.006936416184971098
0 0.11495016611295682 0.8566473988439306 0.0026578073089701 0.006936416184971098
0 0.12292358803986711 0.8566473988439306 0.003986710963455149 0.006936416184971098
0 0.13089700996677742 0.8589595375722543 0.0026578073089701 0.004624277456647399
0 0.1335548172757475 0.876878612716763 0.003986710963455149 0.008092485549132947
0 0.14385382059800664 0.8774566473988439 0.004651162790697674 0.006936416184971098
0 0.15714285714285714 0.8780346820809248 0.004651162790697674 0.008092485549132947
0 0.1681063122923588 0.8786127167630058 0.0053156146179402 0.009248554913294798
0 0.18637873754152823 0.8722543352601156 0.004651162790697674 0.008092485549132947
0 0.1813953488372093 0.8560693641618498 0.003986710963455149 0.008092485549132947
0 0.1963455149501661 0.861849710982659 0.0033222591362126247 0.005780346820809248
0 0.24750830564784054 0.861849710982659 0.004651162790697674 0.008092485549132947
0 0.2571428571428571 0.8578034682080925 0.003986710963455149 0.006936416184971098
0 0.26943521594684383 0.876878612716763 0.004651162790697674 0.010404624277456647
0 0.34485049833887044 0.8728323699421965 0.003986710963455149 0.006936416184971098
0 0.3691029900332226 0.861849710982659 0.0033222591362126247 0.005780346820809248
0 0.38073089700996676 0.8815028901734104 0.0106312292358804 0.04508670520231214
0 0.4720930232558139 0.8271676300578035 0.0033222591362126247 0.005780346820809248
0 0.627906976744186 0.8265895953757225 0.0026578073089701 0.004624277456647399
0 0.8059800664451827 0.8323699421965318 0.003986710963455149 0.006936416184971098
0 0.8116279069767441 0.8312138728323699 0.0019933554817275745 0.004624277456647399
0 0.8239202657807309 0.8427745664739884 0.003986710963455149 0.006936416184971098
0 0.8611295681063122 0.8427745664739884 0.003986710963455149 0.006936416184971098
0 0.873421926910299 0.8398843930635839 0.0033222591362126247 0.005780346820809248
0 0.8807308970099668 0.8445086705202313 0.004651162790697674 0.008092485549132947
0 0.8916943521594685 0.8346820809248555 0.003986710963455149 0.006936416184971098
0 0.9757475083056478 0.8549132947976879 0.004651162790697674 0.008092485549132947
0 0.6996677740863787 0.8184971098265896 0.0026578073089701 0.004624277456647399
0 0.6727574750830565 0.8236994219653179 0.0033222591362126247 0.005780346820809248
0 0.9345514950166113 0.8421965317919076 0.0033222591362126247 0.005780346820809248
0 0.9405315614617941 0.8410404624277457 0.0033222591362126247 0.005780346820809248
0 0.6382059800664451 0.8421965317919076 0.0033222591362126247 0.005780346820809248
0 0.4142857142857143 0.8554913294797688 0.0033222591362126247 0.006936416184971098
0 0.4182724252491694 0.8710982658959537 0.007308970099667774 0.03815028901734104
0 0.31561461794019935 0.8670520231213873 0.003986710963455149 0.006936416184971098
0 0.3026578073089701 0.8872832369942196 0.007308970099667774 0.04046242774566474
0 0.29269102990033224 0.8641618497109826 0.004651162790697674 0.008092485549132947
0 0.28637873754152826 0.8670520231213873 0.003986710963455149 0.006936416184971098
0 0.32624584717607974 0.8606936416184972 0.003986710963455149 0.008092485549132947
0 0.3325581395348837 0.8572254335260115 0.0033222591362126247 0.005780346820809248
0 0.8993355481727575 0.8404624277456647 0.0033222591362126247 0.004624277456647399
0 0.9096345514950166 0.8346820809248555 0.0026578073089701 0.004624277456647399
