0 0.1985172981878089 1.006896551724138 0.011532125205930808 0.05517241379310345
0 0.5485996705107083 1.0241379310344827 0.006589785831960461 0.034482758620689655
0 0.5897858319604613 1.0758620689655172 0.019769357495881382 0.1793103448275862
0 0.6334431630971994 1.0758620689655172 0.008237232289950576 0.041379310344827586
0 0.9085667215815486 1.1241379310344828 0.011532125205930808 0.05517241379310345
0 0.9093904448105437 1.1689655172413793 0.009884678747940691 0.04827586206896552
0 0.19357495881383854 1.4241379310344828 0.06754530477759473 0.32413793103448274
0 0.2726523887973641 1.5482758620689656 0.051070840197693576 0.25517241379310346
0 0.25617792421746294 1.7482758620689656 0.07084019769357495 0.35172413793103446
0 0.37067545304777594 1.4655172413793103 0.05930807248764415 0.2689655172413793
0 0.5494233937397035 1.4 0.057660626029654036 0.31724137931034485
0 0.5988467874794069 1.5 0.054365733113673806 0.22758620689655173
0 0.6144975288303131 1.5241379310344827 0.05930807248764415 0.23448275862068965
0 0.6672158154859967 1.313793103448276 0.05601317957166392 0.22758620689655173
0 0.7265238879736409 1.5758620689655172 0.042833607907743 0.25517241379310346
0 0.7059308072487644 1.606896551724138 0.060955518945634266 0.3310344827586207
0 0.9044481054365733 1.389655172413793 0.04612850082372323 0.2413793103448276
0 0.9686985172981878 1.4206896551724137 0.039538714991762765 0.23448275862068965
0 0.8270181219110379 1.493103448275862 0.05271828665568369 0.25517241379310346
0 0.9522240527182867 1.5793103448275863 0.042833607907743 0.2620689655172414
0 0.8121911037891268 1.6310344827586207 0.05930807248764415 0.32413793103448274
0 0.9719934102141681 1.7689655172413794 0.05601317957166392 0.296551724137931
0 0.8591433278418451 1.7793103448275862 0.060955518945634266 0.3448275862068966
0 0.39373970345963755 1.4689655172413794 0.07248764415156507 0.3586206896551724
