0 0.4622823984526112 1.2604790419161678 0.10831721470019343 0.40119760479041916
0 0.6247582205029013 1.4191616766467066 0.10058027079303675 0.40718562874251496
0 0.8800773694390716 1.5239520958083832 0.11605415860735009 0.46107784431137727
0 1.0686653771760155 1.3682634730538923 0.07543520309477757 0.32934131736526945
0 0.7901353965183753 1.3383233532934131 0.08704061895551257 0.32934131736526945
0 1.1499032882011606 1.0808383233532934 0.06769825918762089 0.281437125748503
0 1.001934235976789 1.125748502994012 0.07736943907156674 0.31137724550898205
0 0.90715667311412 0.9910179640718563 0.0735009671179884 0.2934131736526946
0 1.0686653771760155 1.026946107784431 0.06769825918762089 0.281437125748503
0 0.9845261121856866 0.8862275449101796 0.061895551257253385 0.25149700598802394
0 0.793036750483559 1.1197604790419162 0.07736943907156674 0.2874251497005988
0 0.844294003868472 0.9191616766467066 0.07156673114119923 0.25748502994011974
0 0.6789168278529981 0.9700598802395209 0.07736943907156674 0.2874251497005988
0 0.7456479690522244 0.9431137724550899 0.06382978723404255 0.23353293413173654
0 0.5725338491295938 1.0718562874251496 0.0851063829787234 0.32335329341317365
0 0.4690522243713733 1.0119760479041917 0.08704061895551257 0.3592814371257485
0 0.6063829787234043 0.9251497005988024 0.05609284332688588 0.23353293413173654
0 0.3529980657640232 0.9940119760479041 0.08317214700193423 0.32335329341317365
0 0.2253384912959381 0.9161676646706587 0.08317214700193423 0.32335329341317365
