0 0.8809600515463918 0.5391304347826087 0.02609536082474227 0.05681159420289855
0 0.834729381443299 0.5185507246376811 0.03157216494845361 0.06318840579710144
0 0.7524162371134021 0.5272463768115943 0.03704896907216495 0.07246376811594203
0 0.4798646907216495 0.4568115942028986 0.04091494845360825 0.09855072463768116
0 0.45054768041237114 0.48492753623188406 0.06475515463917526 0.08985507246376812
0 0.3068621134020619 0.5031884057971014 0.04220360824742268 0.08695652173913043
0 0.23824097938144329 0.5165217391304348 0.048646907216494846 0.0927536231884058
0 0.16478737113402062 0.5197101449275362 0.040270618556701034 0.08869565217391304
0 0.23743556701030927 0.4727536231884058 0.030283505154639175 0.05623188405797101
0 0.10341494845360824 1.0202898550724637 0.0625 0.1565217391304348
0 0.22390463917525774 0.9452173913043478 0.0586340206185567 0.10028985507246377
0 0.3120167525773196 0.8672463768115942 0.04542525773195876 0.09739130434782609
0 0.2701353092783505 0.9133333333333333 0.0666881443298969 0.10956521739130434
0 0.24500644329896906 1.1040579710144927 0.06024484536082474 0.14782608695652175
0 0.23002577319587628 1.3020289855072464 0.09536082474226804 0.2110144927536232
0 0.4492590206185567 1.268695652173913 0.1092139175257732 0.2301449275362319
0 0.6096971649484536 1.1907246376811593 0.0666881443298969 0.1426086956521739
0 0.8245811855670103 1.2246376811594204 0.12596649484536082 0.22202898550724637
0 0.9824420103092784 1.1342028985507246 0.09826030927835051 0.16753623188405797
0 0.8289304123711341 0.9965217391304347 0.07603092783505154 0.15536231884057972
0 0.962145618556701 0.9930434782608696 0.0821520618556701 0.14956521739130435
0 0.5626610824742269 1.048695652173913 0.06733247422680412 0.13681159420289854
0 0.39271907216494845 1.1507246376811595 0.07731958762886598 0.18666666666666668
0 0.5098260309278351 0.876231884057971 0.054445876288659795 0.10260869565217391
0 0.6942654639175257 0.9298550724637681 0.06572164948453608 0.11942028985507247
0 0.3738724226804124 1.0040579710144928 0.09117268041237113 0.15304347826086956
0 0.8337628865979382 0.9078260869565218 0.06958762886597938 0.14492753623188406
0 0.9650451030927835 0.8895652173913043 0.04349226804123711 0.0782608695652174
0 1.0463917525773196 0.881159420289855 0.05154639175257732 0.11478260869565217
