0 0.0033829499323410014 1.4889240506329113 0.03247631935047361 0.19936708860759494
0 0.10994587280108255 1.3876582278481013 0.04262516914749662 0.22468354430379747
0 0.20433017591339647 1.4984177215189873 0.029769959404600813 0.1550632911392405
0 0.2388362652232747 1.610759493670886 0.018944519621109608 0.08860759493670886
0 0.31799729364005414 1.6962025316455696 0.009472259810554804 0.056962025316455694
0 0.34438430311231394 1.5411392405063291 0.02029769959404601 0.11392405063291139
0 0.39749661705006767 1.5996835443037976 0.016914749661705007 0.0981012658227848
0 0.37719891745602163 1.5648734177215189 0.02774018944519621 0.1550632911392405
0 0.4993234100135318 1.5617088607594938 0.017591339648173207 0.07911392405063292
0 0.510148849797023 1.6123417721518987 0.014884979702300407 0.08544303797468354
0 0.4553450608930988 1.5379746835443038 0.03382949932341001 0.20253164556962025
0 0.5456698240866035 1.5506329113924051 0.022327469553450607 0.13291139240506328
0 0.5974289580514208 1.5110759493670887 0.02435723951285521 0.14873417721518986
0 0.7374830852503383 1.2990506329113924 0.016238159675236806 0.0981012658227848
0 0.6366711772665764 1.3386075949367089 0.046008119079837616 0.22151898734177214
0 0.7861975642760487 1.0917721518987342 0.07983761840324763 0.3924050632911392
0 0.9651556156968877 1.5158227848101267 0.04397834912043302 0.2468354430379747
