0 0.9743326488706365 0.4957482993197279 0.049281314168377825 0.10714285714285714
0 0.9579055441478439 0.4379251700680272 0.04722792607802875 0.09693877551020408
0 0.9296714579055442 0.4166666666666667 0.03593429158110883 0.09183673469387756
0 0.9640657084188912 0.4379251700680272 0.059548254620123205 0.11054421768707483
0 0.9137577002053389 0.3681972789115646 0.049281314168377825 0.10374149659863946
0 0.9158110882956879 0.3673469387755102 0.0513347022587269 0.10884353741496598
0 0.9050308008213552 0.3494897959183674 0.04620123203285421 0.09693877551020408
0 0.8331622176591376 0.4770408163265306 0.20225872689938398 0.4370748299319728
0 0.8557494866529775 0.27380952380952384 0.052361396303901436 0.08503401360544217
0 0.8259753593429158 0.2755102040816326 0.04209445585215606 0.08163265306122448
0 0.6529774127310062 0.16156462585034015 0.049281314168377825 0.08843537414965986
0 0.4938398357289528 0.2780612244897959 0.049281314168377825 0.11734693877551021
0 0.15503080082135523 -0.03571428571428571 0.026694045174537988 0.04081632653061224
0 0.2813141683778234 0.05952380952380952 0.04106776180698152 0.09183673469387756
0 0.22843942505133472 0.1760204081632653 0.05646817248459959 0.11734693877551021
