0 0.9335403726708075 3.518918918918919 0.10807453416149068 0.4864864864864865
0 1.1068322981366459 3.348648648648649 0.0968944099378882 0.5243243243243243
0 1.322360248447205 3.189189189189189 0.06583850931677018 0.33513513513513515
0 1.4732919254658385 3.2135135135135133 0.08944099378881988 0.5243243243243243
0 1.5577639751552794 3.3756756756756756 0.0670807453416149 0.40540540540540543
0 1.7850931677018633 3.0891891891891894 0.1391304347826087 0.654054054054054
0 0.8832298136645963 2.9756756756756757 0.04472049689440994 0.23243243243243245
0 0.9981366459627329 3.145945945945946 0.07577639751552795 0.41081081081081083
0 1.1385093167701863 3.0837837837837836 0.06832298136645963 0.35135135135135137
0 1.2 2.997297297297297 0.049689440993788817 0.25405405405405407
0 1.4055900621118012 3.0486486486486486 0.03602484472049689 0.20540540540540542
0 1.4043478260869566 2.8702702702702703 0.0484472049689441 0.21621621621621623
0 1.4590062111801243 2.9 0.043478260869565216 0.21081081081081082
0 1.3024844720496895 2.854054054054054 0.02857142857142857 0.17297297297297298
0 1.3254658385093168 2.997297297297297 0.049689440993788817 0.22162162162162163
0 1.2372670807453416 2.9945945945945946 0.037267080745341616 0.15135135135135136
0 1.046583850931677 2.9702702702702704 0.0484472049689441 0.24324324324324326
