0 0.00832517140058766 1.4261363636363635 0.014691478942213516 0.09090909090909091
0 0.020078354554358472 1.3892045454545454 0.01665034280117532 0.09659090909090909
0 0.06660137120470128 1.2897727272727273 0.011753183153770812 0.07954545454545454
0 0.10381978452497552 1.3409090909090908 0.013712047012732615 0.10227272727272728
0 0.11655239960822723 1.3068181818181819 0.011753183153770812 0.07954545454545454
0 0.12536728697355534 1.3380681818181819 0.011753183153770812 0.07386363636363637
0 0.16748285994123407 1.3352272727272727 0.043095004897159644 0.29545454545454547
0 0.21645445641527913 1.3210227272727273 0.009794319294809012 0.0625
0 0.2198824681684623 1.2471590909090908 0.012732615083251714 0.08522727272727272
0 0.24975514201762977 1.2784090909090908 0.005876591576885406 0.045454545454545456
0 0.27668952007835457 1.25 0.01860920666013712 0.125
0 0.30754162585700295 1.2840909090909092 0.009794319294809012 0.056818181818181816
0 0.3246816846229187 1.3494318181818181 0.01860920666013712 0.13068181818181818
0 0.3437806072477963 1.3551136363636365 0.013712047012732615 0.09659090909090909
0 0.3545543584720862 1.3011363636363635 0.009794319294809012 0.06818181818181818
0 0.366307541625857 1.3210227272727273 0.011753183153770812 0.08522727272727272
0 0.3731635651322233 1.3295454545454546 0.013712047012732615 0.09090909090909091
0 0.39128305582761996 1.3096590909090908 0.022526934378060724 0.1534090909090909
0 0.43290891283055827 1.3238636363636365 0.011753183153770812 0.07954545454545454
0 0.45494613124387856 1.3096590909090908 0.010773751224289911 0.07386363636363637
0 0.4642507345739471 1.2840909090909092 0.005876591576885406 0.03409090909090909
0 0.4892262487757101 1.25 0.01665034280117532 0.10227272727272728
0 0.4843290891283056 1.3210227272727273 0.014691478942213516 0.08522727272727272
0 0.5259549461312438 1.2585227272727273 0.031341821743388835 0.19886363636363635
0 0.5563173359451518 1.3238636363636365 0.031341821743388835 0.2159090909090909
0 0.5940254652301665 1.3551136363636365 0.010773751224289911 0.07386363636363637
0 0.6101860920666013 1.3096590909090908 0.007835455435847209 0.03977272727272727
0 0.6307541625857003 1.2897727272727273 0.011753183153770812 0.06818181818181818
0 0.6405484818805093 1.5681818181818181 0.011753183153770812 0.06818181818181818
0 0.6498530852105778 1.3323863636363635 0.02056807051909892 0.11931818181818182
0 0.6650342801175319 1.2471590909090908 0.013712047012732615 0.08522727272727272
0 0.688050930460333 1.2926136363636365 0.0068560235063663075 0.03977272727272727
0 0.7350636630754163 1.3522727272727273 0.010773751224289911 0.07954545454545454
0 0.7507345739471106 1.3465909090909092 0.0068560235063663075 0.045454545454545456
0 0.757590597453477 1.3693181818181819 0.002938295788442703 0.022727272727272728
0 0.7840352595494613 1.4289772727272727 0.012732615083251714 0.08522727272727272
0 0.7693437806072478 1.6022727272727273 0.01860920666013712 0.11363636363636363
0 0.8599412340842312 1.4659090909090908 0.013712047012732615 0.09090909090909091
0 0.8775710088148874 1.4914772727272727 0.01762977473065622 0.09659090909090909
0 0.9270323212536729 1.4857954545454546 0.014691478942213516 0.09659090909090909
0 0.9177277179236043 1.4403409090909092 0.015670910871694418 0.09659090909090909
0 0.9872673849167483 1.3323863636363635 0.025465230166503428 0.17613636363636365
