0 0.0 2.4101876675603218 0.02576489533011272 0.05361930294906166
0 0.09098228663446055 2.4369973190348526 0.05314009661835749 0.1126005361930295
0 0.10789049919484701 2.4168900804289546 0.028985507246376812 0.05630026809651475
0 0.2536231884057971 2.3994638069705094 0.10144927536231885 0.19302949061662197
0 0.2995169082125604 2.3324396782841825 0.07407407407407407 0.16621983914209115
0 0.41545893719806765 2.415549597855228 0.07729468599033816 0.1447721179624665
0 0.5990338164251208 2.459785522788204 0.09017713365539452 0.16353887399463807
0 0.8099838969404187 2.344504021447721 0.11916264090177134 0.24932975871313673
0 0.9452495974235104 2.3927613941018766 0.08373590982286634 0.21179624664879357
0 0.7133655394524959 2.3941018766756033 0.03542673107890499 0.058981233243967826
0 0.49114331723027377 2.428954423592493 0.061191626409017714 0.1126005361930295
0 0.9074074074074074 2.396782841823056 0.06924315619967794 0.1554959785522788
