0 1.2106710671067107 3.9770992366412212 0.03850385038503851 0.2595419847328244
0 0.8855885588558856 3.9236641221374047 0.0176017601760176 0.13740458015267176
0 0.8641364136413642 3.984732824427481 0.0165016501650165 0.12213740458015267
0 0.8036303630363036 4.019083969465649 0.0231023102310231 0.19083969465648856
0 0.7513751375137514 3.935114503816794 0.026402640264026403 0.2366412213740458
0 0.6556655665566556 4.057251908396947 0.0242024202420242 0.20610687022900764
0 0.5720572057205721 4.122137404580153 0.015401540154015401 0.10687022900763359
0 0.555005500550055 4.148854961832061 0.014301430143014302 0.09923664122137404
0 0.6490649064906491 3.9427480916030535 0.019801980198019802 0.1450381679389313
0 0.6754675467546755 3.9732824427480917 0.0088008800880088 0.08396946564885496
0 0.6892189218921893 4.0 0.009900990099009901 0.07633587786259542
0 0.6237623762376238 4.091603053435114 0.011001100110011002 0.0916030534351145
