0 0.8417663293468262 1.5147058823529411 0.07175712971481141 0.43137254901960786
0 0.7520699172033118 1.7598039215686274 0.05795768169273229 0.3431372549019608
0 0.7106715731370745 1.7377450980392157 0.04875804967801288 0.3284313725490196
0 0.6430542778288868 1.6666666666666667 0.040478380864765406 0.2647058823529412
0 0.40708371665133397 1.5735294117647058 0.061637534498620056 0.4019607843137255
0 0.3298068077276909 1.7843137254901962 0.06347746090156393 0.3627450980392157
0 0.11499540018399264 2.049019607843137 0.07359705611775529 0.38235294117647056
0 0.1701931922723091 1.7549019607843137 0.06991720331186753 0.37254901960784315
0 0.020699172033118676 1.8063725490196079 0.05427782888684453 0.3382352941176471
0 0.21941122355105797 1.6029411764705883 0.03771849126034959 0.24509803921568626
0 0.2746090156393744 1.6397058823529411 0.03771849126034959 0.23039215686274508
0 0.5579576816927323 1.7549019607843137 0.03955841766329347 0.21568627450980393
0 0.704231830726771 1.6495098039215685 0.04323827046918123 0.28921568627450983
0 0.9627414903403864 1.571078431372549 0.061637534498620056 0.35784313725490197
0 0.6067157313707452 1.6862745098039216 0.03955841766329347 0.20588235294117646
0 0.9107635694572217 1.4730392156862746 0.034958601655933765 0.23039215686274508
