0 1.331656346749226 1.0197841726618706 0.010061919504643963 0.046762589928057555
0 1.361455108359133 1.0593525179856116 0.015479876160990712 0.07553956834532374
0 1.4013157894736843 1.0719424460431655 0.01780185758513932 0.1079136690647482
0 0.7020123839009288 1.0287769784172662 0.02631578947368421 0.1366906474820144
0 0.6590557275541795 1.0017985611510791 0.0348297213622291 0.24820143884892087
0 0.47987616099071206 0.9100719424460432 0.043343653250773995 0.2517985611510791
0 0.7410990712074303 1.1636690647482015 0.03018575851393189 0.17625899280575538
0 0.8034055727554179 1.0755395683453237 0.03715170278637771 0.2446043165467626
0 0.5913312693498453 0.6151079136690647 0.08978328173374613 0.3237410071942446
0 0.45007739938080493 1.1223021582733812 0.07972136222910217 0.5755395683453237
0 0.9477554179566563 0.9100719424460432 0.05495356037151703 0.3597122302158273
0 1.0363777089783281 1.2374100719424461 0.08359133126934984 0.4316546762589928
0 1.3796439628482973 1.0773381294964028 0.011609907120743035 0.0683453237410072
