0 0.5850515463917526 4.8088235294117645 0.06013745704467354 0.5
0 0.7319587628865979 4.963235294117647 0.05154639175257732 0.5441176470588235
0 0.7465635738831615 4.985294117647059 0.04982817869415808 0.5
0 0.9304123711340206 5.080882352941177 0.05670103092783505 0.5147058823529411
0 0.9965635738831615 5.080882352941177 0.041237113402061855 0.4264705882352941
0 1.052405498281787 5.198529411764706 0.03951890034364261 0.39705882352941174
0 1.1967353951890034 5.132352941176471 0.0429553264604811 0.38235294117647056
0 1.2671821305841924 5.367647058823529 0.03951890034364261 0.38235294117647056
0 1.3187285223367697 5.0661764705882355 0.04639175257731959 0.45588235294117646
0 1.4733676975945018 5.169117647058823 0.022336769759450172 0.22058823529411764
0 1.5429553264604812 5.161764705882353 0.024054982817869417 0.23529411764705882
