0 0.05955882352941176 0.900390625 0.025 0.07421875
0 0.14191176470588235 0.88671875 0.060294117647058824 0.1640625
0 0.2139705882352941 0.9375 0.016176470588235296 0.0390625
0 0.26544117647058824 0.90625 0.025 0.0703125
0 0.29926470588235293 0.912109375 0.030882352941176472 0.08984375
0 0.35955882352941176 0.900390625 0.051470588235294115 0.15234375
0 0.39926470588235297 0.94140625 0.03676470588235294 0.109375
0 0.4279411764705882 0.955078125 0.014705882352941176 0.04296875
0 0.4661764705882353 0.96875 0.023529411764705882 0.0703125
0 0.4904411764705882 0.916015625 0.010294117647058823 0.02734375
0 0.5485294117647059 1.037109375 0.04411764705882353 0.13671875
0 0.6183823529411765 0.888671875 0.033823529411764704 0.10546875
0 0.7639705882352941 0.693359375 0.13970588235294118 0.53515625
0 0.8330882352941177 0.609375 0.0838235294117647 0.34375
0 0.9926470588235294 1.064453125 0.014705882352941176 0.04296875
0 0.5176470588235295 0.994140625 0.014705882352941176 0.04296875
