0 1.6229508196721312 1.2130584192439862 0.00819672131147541 0.013745704467353952
0 1.6495901639344261 1.2079037800687284 0.012295081967213115 0.01718213058419244
0 1.6762295081967213 1.2766323024054982 0.012295081967213115 0.01718213058419244
0 1.7325819672131149 1.2560137457044673 0.006147540983606557 0.010309278350515464
0 1.8811475409836065 1.261168384879725 0.00819672131147541 0.013745704467353952
0 1.8975409836065573 1.3109965635738832 0.02459016393442623 0.09278350515463918
0 1.9672131147540983 1.2800687285223367 0.00819672131147541 0.01718213058419244
0 2.0010245901639343 1.2869415807560138 0.010245901639344262 0.01718213058419244
0 2.0133196721311477 1.2972508591065293 0.010245901639344262 0.01718213058419244
0 2.026639344262295 1.3109965635738832 0.00819672131147541 0.01718213058419244
0 2.084016393442623 1.302405498281787 0.00819672131147541 0.013745704467353952
0 2.0901639344262297 1.309278350515464 0.00819672131147541 0.013745704467353952
0 2.1075819672131146 1.3127147766323024 0.006147540983606557 0.013745704467353952
0 2.137295081967213 1.3230240549828178 0.00819672131147541 0.020618556701030927
0 2.290983606557377 1.338487972508591 0.00819672131147541 0.01718213058419244
0 2.3114754098360657 1.3298969072164948 0.00819672131147541 0.013745704467353952
0 2.3237704918032787 1.3814432989690721 0.01639344262295082 0.07560137457044673
0 2.3360655737704916 1.3436426116838487 0.00819672131147541 0.013745704467353952
0 2.3514344262295084 1.3539518900343643 0.010245901639344262 0.013745704467353952
0 2.3688524590163933 1.3436426116838487 0.00819672131147541 0.013745704467353952
0 2.4190573770491803 1.3608247422680413 0.006147540983606557 0.013745704467353952
0 2.44672131147541 1.3917525773195876 0.01639344262295082 0.07560137457044673
0 2.4610655737704916 1.3573883161512028 0.00819672131147541 0.013745704467353952
0 2.4887295081967213 1.3487972508591066 0.010245901639344262 0.01718213058419244
0 2.5737704918032787 1.3694158075601375 0.00819672131147541 0.010309278350515464
0 2.5952868852459017 1.407216494845361 0.02663934426229508 0.07903780068728522
0 2.6147540983606556 1.3711340206185567 0.00819672131147541 0.013745704467353952
