0 0.35255474452554747 1.0522388059701493 0.0364963503649635 0.09701492537313433
0 0.43284671532846714 0.9496268656716418 0.033576642335766425 0.10074626865671642
0 0.4846715328467153 1.0 0.026277372262773723 0.06716417910447761
0 0.46715328467153283 1.0317164179104477 0.035036496350364967 0.09328358208955224
0 0.5197080291970803 0.9347014925373134 0.040875912408759124 0.13059701492537312
0 0.5708029197080292 1.0186567164179106 0.029197080291970802 0.08955223880597014
0 0.6 0.9925373134328358 0.03795620437956204 0.11194029850746269
0 0.6372262773722628 0.9757462686567164 0.027737226277372264 0.08582089552238806
0 0.6693430656934306 0.9757462686567164 0.04525547445255475 0.12313432835820895
0 0.7138686131386861 1.001865671641791 0.029197080291970802 0.08582089552238806
0 0.8708029197080291 1.0055970149253732 0.033576642335766425 0.10074626865671642
0 0.9598540145985401 1.0503731343283582 0.027737226277372264 0.0708955223880597
0 1.0722627737226278 1.001865671641791 0.027737226277372264 0.08582089552238806
0 1.1175182481751824 1.037313432835821 0.0072992700729927005 0.022388059701492536
