0 0.020114942528735632 0.7322033898305085 0.05172413793103448 0.11186440677966102
0 0.1053639846743295 0.7838983050847458 0.04789272030651341 0.1
0 0.1556513409961686 0.7796610169491526 0.04693486590038314 0.09491525423728814
0 0.22078544061302682 0.8127118644067797 0.05268199233716475 0.12372881355932204
0 0.33955938697318006 0.9016949152542373 0.05268199233716475 0.11186440677966102
0 0.26484674329501917 0.7838983050847458 0.027777777777777776 0.05593220338983051
0 0.36159003831417624 0.8177966101694916 0.029693486590038315 0.059322033898305086
0 0.38697318007662834 0.773728813559322 0.028735632183908046 0.05254237288135593
0 0.47701149425287354 0.7779661016949152 0.038314176245210725 0.09152542372881356
0 0.51772030651341 0.7805084745762711 0.04118773946360153 0.08305084745762711
0 0.6451149425287356 0.823728813559322 0.039272030651340994 0.0847457627118644
0 0.600095785440613 0.764406779661017 0.03735632183908046 0.06779661016949153
0 0.578544061302682 0.7762711864406779 0.02490421455938697 0.06440677966101695
0 0.7303639846743295 0.8016949152542373 0.03735632183908046 0.09152542372881356
0 0.7969348659003831 1.0169491525423728 0.04789272030651341 0.08813559322033898
0 0.7844827586206896 0.7991525423728814 0.028735632183908046 0.06271186440677966
0 0.4511494252873563 0.7652542372881356 0.03065134099616858 0.05254237288135593
0 0.5445402298850575 0.7932203389830509 0.031609195402298854 0.07457627118644068
0 0.6781609195402298 0.7822033898305085 0.0210727969348659 0.03559322033898305
