0 0.18453865336658354 1.088235294117647 0.051537822111388194 0.21008403361344538
0 0.30631753948462176 0.9985994397759104 0.0457190357439734 0.18207282913165265
0 0.5619285120532004 0.9915966386554622 0.043225270157938485 0.16806722689075632
0 0.5440565253532834 0.665266106442577 0.05403158769742311 0.16526610644257703
0 0.9605153782211139 0.9117647058823529 0.05403158769742311 0.19327731092436976
0 0.9019118869492935 0.7563025210084033 0.05320033250207814 0.17366946778711484
0 0.9226932668329177 0.48739495798319327 0.04156275976724855 0.16246498599439776
0 0.6043225270157938 0.3081232492997199 0.03158769742310889 0.12885154061624648
0 0.5191188694929343 0.3753501400560224 0.03408146300914381 0.12324929971988796
0 0.34538653366583544 0.438375350140056 0.032418952618453865 0.1092436974789916
0 0.23524522028262676 0.4733893557422969 0.034912718204488775 0.11764705882352941
