0 0.01224177505738332 0.8457330415754923 0.0076511094108645756 0.024070021881838075
0 0.023335883703136953 0.8708971553610503 0.005355776587605203 0.01312910284463895
0 0.032134659525631215 0.8566739606126915 0.00612088752869166 0.015317286652078774
0 0.10558530986993114 0.6947483588621444 0.03825554705432287 0.07221006564551423
0 0.18592195868400918 0.7177242888402626 0.041315990818668706 0.12691466083150985
0 0.24636572302983933 0.8041575492341356 0.03366488140780413 0.08533916849015317
0 0.2662586074980872 0.8008752735229759 0.02142310635042081 0.06564551422319474
0 0.306044376434583 0.8851203501094091 0.0045906656465187455 0.015317286652078774
0 0.3152257077276205 0.8916849015317286 0.0045906656465187455 0.015317286652078774
0 0.3324407039020658 0.8982494529540481 0.005355776587605203 0.015317286652078774
0 0.32785003825554704 0.8949671772428884 0.005355776587605203 0.01312910284463895
0 0.3366488140780413 0.9004376367614879 0.0045906656465187455 0.010940919037199124
0 0.3431522570772762 0.8982494529540481 0.005355776587605203 0.015317286652078774
0 0.3477429227237949 0.949671772428884 0.011476664116296864 0.0437636761487965
0 0.3519510328997705 0.9387308533916849 0.0045906656465187455 0.0175054704595186
0 0.3638102524866106 0.9201312910284464 0.0038255547054322878 0.010940919037199124
0 0.3699311400153022 0.936542669584245 0.013006885998469778 0.087527352297593
0 0.4005355776587605 0.8632385120350109 0.016067329762815608 0.045951859956236324
0 0.4185156847742923 0.8074398249452954 0.022953328232593728 0.06564551422319474
0 0.4495026778882938 0.8512035010940919 0.020657995409334353 0.061269146608315096
0 0.4778117827084927 0.8971553610503282 0.026778882938026015 0.0787746170678337
0 0.5072685539403213 0.8358862144420132 0.016832440703902066 0.061269146608315096
0 0.6009946442234124 0.7789934354485777 0.03902065799540933 0.10940919037199125
0 0.6231828615149196 0.8282275711159738 0.016067329762815608 0.05908096280087528
0 0.6572302983932671 0.8205689277899344 0.02448355011476664 0.08315098468271334
0 0.6893649579188983 0.8194748358862144 0.02754399387911247 0.07658643326039387
0 0.7662586074980873 0.8632385120350109 0.0252486610558531 0.06783369803063458
0 0.7938026013771997 0.8599562363238512 0.0252486610558531 0.07439824945295405
0 0.9617444529456771 0.4431072210065646 0.09334353481254781 0.2603938730853392
