0 0.10552763819095477 3.36013986013986 0.006030150753768844 0.06293706293706294
0 0.1542713567839196 3.3776223776223775 0.005025125628140704 0.04195804195804196
0 0.23919597989949748 3.4405594405594404 0.010050251256281407 0.06993006993006994
0 0.22261306532663316 3.5104895104895104 0.019095477386934675 0.13986013986013987
0 0.3170854271356784 3.4405594405594404 0.023115577889447236 0.2097902097902098
0 0.42663316582914573 3.4405594405594404 0.01306532663316583 0.1258741258741259
0 0.43517587939698493 3.43006993006993 0.010050251256281407 0.09090909090909091
0 0.471356783919598 3.486013986013986 0.008040201005025126 0.06293706293706294
0 0.4879396984924623 3.506993006993007 0.005025125628140704 0.04895104895104895
0 0.5125628140703518 3.4405594405594404 0.010050251256281407 0.08391608391608392
0 0.5391959798994975 3.472027972027972 0.007035175879396985 0.04895104895104895
0 0.5567839195979899 3.4475524475524475 0.006030150753768844 0.055944055944055944
0 0.5733668341708543 3.486013986013986 0.005025125628140704 0.03496503496503497
0 0.5708542713567839 3.486013986013986 0.006030150753768844 0.04895104895104895
0 0.5874371859296482 3.444055944055944 0.005025125628140704 0.03496503496503497
0 0.5793969849246231 3.4545454545454546 0.005025125628140704 0.04195804195804196
0 0.9386934673366835 3.5104895104895104 0.018090452261306532 0.13986013986013987
0 0.8603015075376884 3.4545454545454546 0.01407035175879397 0.11188811188811189
0 0.8190954773869347 3.423076923076923 0.016080402010050253 0.11888111888111888
0 0.6829145728643216 3.479020979020979 0.009045226130653266 0.07692307692307693
0 0.6482412060301508 3.4615384615384617 0.006030150753768844 0.04195804195804196
0 0.6376884422110553 3.4685314685314683 0.005025125628140704 0.04195804195804196
0 0.621608040201005 3.458041958041958 0.005025125628140704 0.04895104895104895
0 0.6050251256281407 3.4545454545454546 0.008040201005025126 0.055944055944055944
