0 0.1177794448612153 0.6032520325203252 0.09302325581395349 0.2601626016260163
0 0.2940735183795949 0.4195121951219512 0.07651912978244561 0.22764227642276422
0 0.4283570892723181 0.44227642276422763 0.06751687921980495 0.21788617886178863
0 0.47261815453863465 0.2097560975609756 0.06451612903225806 0.1821138211382114
0 0.5450112528132033 0.3926829268292683 0.07426856714178545 0.2097560975609756
0 0.6781695423855963 0.5886178861788618 0.07651912978244561 0.22764227642276422
0 0.8270817704426107 0.5861788617886179 0.07726931732933233 0.21951219512195122
0 0.9253563390847712 0.016260162601626018 0.06376594148537135 0.16585365853658537
0 1.0030007501875469 0.011382113821138212 0.05251312828207052 0.0975609756097561
0 0.7648162040510128 -0.16422764227642275 0.03075768942235559 0.07154471544715447
0 0.7944486121530383 -0.22845528455284553 0.028507126781695424 0.07642276422764227
