0 0.06269430051813471 0.13513513513513514 0.0383419689119171 0.07631160572337042
0 0.08238341968911918 0.19634340222575516 0.046632124352331605 0.08744038155802862
0 0.18341968911917098 0.08664546899841018 0.04145077720207254 0.09062003179650238
0 0.24611398963730569 0.16454689984101747 0.04870466321243523 0.08744038155802862
0 0.34248704663212437 0.5468998410174881 0.06735751295336788 0.11764705882352941
0 0.5756476683937823 0.9531001589825119 0.0694300518134715 0.10651828298887123
0 0.7704663212435233 0.16534181240063592 0.05077720207253886 0.09538950715421304
0 0.6792746113989637 0.17647058823529413 0.04455958549222798 0.07631160572337042
0 0.5958549222797928 0.13910969793322733 0.03730569948186528 0.07154213036565978
0 0.5367875647668394 0.11605723370429252 0.031088082901554404 0.057233704292527825
0 0.37512953367875645 0.1589825119236884 0.039378238341968914 0.08267090620031796
0 0.4751295336787565 0.11287758346581876 0.03419689119170984 0.06359300476947535
0 0.9290155440414508 0.09697933227344992 0.03626943005181347 0.06995230524642289
0 0.255440414507772 0.12400635930047695 0.04248704663212435 0.07631160572337042
0 0.9098445595854923 0.11844197138314785 0.024870466321243522 0.04292527821939587
