0 0.573394495412844 0.8338461538461538 0.05963302752293578 0.16615384615384615
0 0.9094036697247706 0.9584615384615385 0.13837920489296637 0.29846153846153844
0 0.7232415902140673 0.6676923076923077 0.05045871559633028 0.13846153846153847
0 0.7714067278287462 0.6238461538461538 0.04892966360856269 0.10615384615384615
0 0.9353975535168195 0.6653846153846154 0.04510703363914373 0.1
0 0.9617737003058104 0.5892307692307692 0.039755351681957186 0.10461538461538461
0 0.8138379204892966 0.5638461538461539 0.046636085626911315 0.10923076923076923
0 0.8459480122324159 0.5307692307692308 0.040519877675840976 0.10153846153846154
0 0.9132262996941896 0.48846153846153845 0.028287461773700305 0.07230769230769231
0 0.8692660550458715 0.44846153846153847 0.03363914373088685 0.07230769230769231
0 0.9805045871559633 0.47846153846153844 0.03746177370030581 0.11076923076923077
0 0.6869266055045872 0.6469230769230769 0.0389908256880734 0.10307692307692308
0 0.5707186544342507 0.6384615384615384 0.04510703363914373 0.11692307692307692
0 0.5596330275229358 0.563076923076923 0.039755351681957186 0.08615384615384615
0 0.44686544342507645 0.5284615384615384 0.0389908256880734 0.09384615384615384
0 0.3470948012232416 0.5307692307692308 0.04434250764525994 0.11384615384615385
0 0.21674311926605505 0.5338461538461539 0.04510703363914373 0.12
0 0.31995412844036697 0.5023076923076923 0.0389908256880734 0.0876923076923077
0 0.25688073394495414 0.46384615384615385 0.03211009174311927 0.07538461538461538
0 0.21597859327217125 0.45384615384615384 0.02981651376146789 0.055384615384615386
0 0.18730886850152906 0.4246153846153846 0.027522935779816515 0.06461538461538462
0 0.14143730886850153 0.4176923076923077 0.024464831804281346 0.06307692307692307
0 0.0577217125382263 0.37538461538461537 0.023700305810397553 0.06461538461538462
0 0.3669724770642202 0.49923076923076926 0.03058103975535168 0.07846153846153846
0 0.3562691131498471 0.44 0.02599388379204893 0.07692307692307693
0 0.2733180428134557 0.40692307692307694 0.028287461773700305 0.07230769230769231
0 0.4396024464831804 0.4323076923076923 0.035168195718654434 0.07384615384615385
0 0.5160550458715596 0.46153846153846156 0.03058103975535168 0.07692307692307693
0 0.5611620795107034 0.46307692307692305 0.03363914373088685 0.07384615384615385
0 0.6318807339449541 0.46384615384615385 0.028287461773700305 0.07538461538461538
0 0.6513761467889908 0.5584615384615385 0.03211009174311927 0.08615384615384615
0 0.6892201834862385 0.5492307692307692 0.02981651376146789 0.05846153846153846
0 0.746177370030581 0.5607692307692308 0.035168195718654434 0.07846153846153846
0 0.7415902140672783 0.49538461538461537 0.0290519877675841 0.07384615384615385
0 0.709480122324159 0.4530769230769231 0.03669724770642202 0.07230769230769231
0 0.8115443425076453 0.39 0.03287461773700306 0.07230769230769231
0 0.8727064220183486 0.3992307692307692 0.026758409785932722 0.06307692307692307
0 0.9346330275229358 0.3769230769230769 0.023700305810397553 0.04923076923076923
0 0.6555810397553516 0.42923076923076925 0.02981651376146789 0.06769230769230769
0 0.23853211009174313 0.3553846153846154 0.024464831804281346 0.05846153846153846
0 0.28440366972477066 0.3515384615384615 0.02599388379204893 0.06307692307692307
0 0.3191896024464832 0.3923076923076923 0.03134556574923547 0.05846153846153846
0 0.3627675840978593 0.39 0.02522935779816514 0.05692307692307692
0 0.4246941896024465 0.4076923076923077 0.026758409785932722 0.06461538461538462
0 0.1827217125382263 0.3630769230769231 0.022935779816513763 0.052307692307692305
0 0.1257645259938838 0.3869230769230769 0.02522935779816514 0.05692307692307692
0 0.011467889908256881 0.36153846153846153 0.01529051987767584 0.04
0 0.010321100917431193 0.3638461538461538 0.0191131498470948 0.05384615384615385
0 0.07224770642201835 0.3776923076923077 0.020642201834862386 0.06307692307692307
0 0.11429663608562692 0.3446153846153846 0.017584097859327217 0.046153846153846156
0 0.5638379204892966 0.7930769230769231 0.06345565749235474 0.18
