0 1.0412528647822765 1.3848314606741574 0.06417112299465241 0.25280898876404495
0 0.8311688311688312 1.2808988764044944 0.03819709702062643 0.15730337078651685
0 0.9744079449961803 1.297752808988764 0.006875477463712758 0.028089887640449437
0 0.975553857906799 1.2640449438202248 0.006111535523300229 0.028089887640449437
0 0.9377387318563789 1.279494382022472 0.006875477463712758 0.03089887640449438
0 0.8735676088617265 1.3117977528089888 0.016042780748663103 0.056179775280898875
0 0.8644003055767762 1.297752808988764 0.01145912910618793 0.05056179775280899
0 0.8716577540106952 1.2808988764044944 0.006111535523300229 0.02247191011235955
0 0.7906799083269671 1.2991573033707866 0.0106951871657754 0.047752808988764044
0 0.778838808250573 1.2879213483146068 0.008403361344537815 0.03089887640449438
0 0.76585179526356 1.2724719101123596 0.0038197097020626434 0.016853932584269662
0 0.7597402597402597 1.2865168539325842 0.006875477463712758 0.028089887640449437
0 0.7566844919786097 1.303370786516854 0.006875477463712758 0.028089887640449437
0 0.7394957983193278 1.2893258426966292 0.009167303284950344 0.033707865168539325
0 0.7482811306340718 1.2949438202247192 0.009931245225362872 0.03932584269662921
0 0.7192513368983957 1.2907303370786516 0.006875477463712758 0.025280898876404494
0 0.7288006111535523 1.2724719101123596 0.006111535523300229 0.02247191011235955
0 0.7238349885408709 1.2598314606741574 0.0053475935828877 0.019662921348314606
0 0.7093200916730329 1.2654494382022472 0.0053475935828877 0.019662921348314606
0 0.7051184110007639 1.3061797752808988 0.013750954927425516 0.05056179775280899
0 0.6913674560733384 1.2808988764044944 0.007639419404125287 0.033707865168539325
0 0.680672268907563 1.2865168539325842 0.006111535523300229 0.02247191011235955
0 0.6600458365164248 1.2963483146067416 0.007639419404125287 0.03089887640449438
0 0.6398013750954927 1.3356741573033708 0.02826585179526356 0.12640449438202248
0 0.6336898395721925 1.2865168539325842 0.026737967914438502 0.11235955056179775
0 0.6165011459129106 1.2808988764044944 0.01833460656990069 0.07865168539325842
0 0.6050420168067226 1.2893258426966292 0.013750954927425516 0.06741573033707865
0 0.56951871657754 1.3019662921348314 0.016042780748663103 0.0702247191011236
0 0.5385790679908327 1.2851123595505618 0.024446142093200916 0.10955056179775281
0 0.4881588999236058 1.2935393258426966 0.01680672268907563 0.0702247191011236
0 0.4457601222307105 1.3117977528089888 0.016042780748663103 0.06741573033707865
0 0.4228418640183346 1.3188202247191012 0.023682200152788387 0.08707865168539326
0 0.372803666921314 1.351123595505618 0.015278838808250574 0.06741573033707865
0 0.38311688311688313 1.2963483146067416 0.009931245225362872 0.03651685393258427
0 0.3663101604278075 1.2921348314606742 0.0053475935828877 0.02247191011235955
0 0.3445378151260504 1.3412921348314606 0.015278838808250574 0.06460674157303371
0 0.3357524828113063 1.321629213483146 0.01145912910618793 0.042134831460674156
0 0.31665393430099315 1.3132022471910112 0.026737967914438502 0.1151685393258427
0 0.30786860198624905 1.3019662921348314 0.01680672268907563 0.07584269662921349
0 0.23796791443850268 1.297752808988764 0.026737967914438502 0.12359550561797752
0 0.2612681436210848 1.2935393258426966 0.01680672268907563 0.07584269662921349
0 0.18067226890756302 1.2415730337078652 0.026737967914438502 0.11797752808988764
0 0.19938884644766997 1.2429775280898876 0.0213903743315508 0.09831460674157304
0 0.21008403361344538 1.273876404494382 0.01680672268907563 0.0702247191011236
0 0.14476699770817417 1.3089887640449438 0.012987012987012988 0.06179775280898876
0 0.0962566844919786 1.2991573033707866 0.03819709702062643 0.17134831460674158
0 0.12223071046600459 1.2556179775280898 0.006111535523300229 0.02247191011235955
