0 0.9851485148514851 2.23 0.0297029702970297 0.13
0 0.9698019801980198 2.76 0.024752475247524754 0.17
0 0.8866336633663366 2.645 0.034653465346534656 0.13
0 0.8816831683168317 2.755 0.026732673267326732 0.2
0 0.700990099009901 2.1825 0.05148514851485148 0.315
0 0.5326732673267327 2.355 0.04950495049504951 0.32
0 0.5732673267326732 2.5 0.02178217821782178 0.12
0 0.502970297029703 2.395 0.02574257425742574 0.16
0 0.37673267326732673 2.475 0.020792079207920793 0.12
0 0.3341584158415842 2.46 0.020792079207920793 0.12
0 0.3079207920792079 2.3125 0.027722772277227723 0.165
0 0.21336633663366336 2.465 0.01881188118811881 0.13
0 0.10297029702970296 2.5 0.01782178217821782 0.11
0 0.015841584158415842 2.0925 0.013861386138613862 0.075
0 0.03762376237623762 2.0275 0.013861386138613862 0.065
0 0.14752475247524752 2.0275 0.009900990099009901 0.055
0 0.1915841584158416 2.0425 0.00891089108910891 0.055
0 0.21732673267326733 2.0425 0.01287128712871287 0.065
0 0.26534653465346536 2.0025 0.009900990099009901 0.055
0 0.27920792079207923 2.0175 0.007920792079207921 0.045
0 0.33861386138613864 2.0275 0.007920792079207921 0.055
0 0.48316831683168315 2.0075 0.007920792079207921 0.045
0 0.505940594059406 1.975 0.005940594059405941 0.04
0 0.5698019801980198 2.1025 0.00891089108910891 0.045
0 0.552970297029703 2.0925 0.006930693069306931 0.045
0 0.6272277227722772 2.035 0.006930693069306931 0.04
0 0.6554455445544555 2.0275 0.009900990099009901 0.045
0 0.6702970297029703 1.995 0.009900990099009901 0.05
0 0.7064356435643564 1.99 0.006930693069306931 0.04
0 0.7267326732673267 2.065 0.005940594059405941 0.03
0 0.7465346534653465 1.985 0.005940594059405941 0.03
0 0.7683168316831683 1.9625 0.005940594059405941 0.035
0 0.9153465346534654 1.9975 0.006930693069306931 0.035
0 0.7430693069306931 2.025 0.0049504950495049506 0.03
