0 0.06622516556291391 0.6350174216027874 0.030274361400189215 0.04355400696864112
0 0.21239356669820245 0.2804878048780488 0.07095553453169347 0.17770034843205576
0 0.25165562913907286 0.5740418118466899 0.03595080416272469 0.07142857142857142
0 0.3065279091769158 0.7073170731707317 0.020813623462630087 0.04529616724738676
0 0.4096499526963103 0.5174216027874564 0.05487228003784295 0.10801393728222997
0 0.46594134342478716 0.4921602787456446 0.065279091769158 0.13066202090592335
0 0.5473036896877956 0.7317073170731707 0.027436140018921477 0.06620209059233449
0 0.5591296121097445 0.8101045296167247 0.017029328287606435 0.027874564459930314
0 0.6315042573320719 0.804006968641115 0.014191106906338695 0.029616724738675958
0 0.6627246925260171 0.8275261324041812 0.01608325449385052 0.03832752613240418
0 0.7034058656575213 0.8013937282229965 0.021759697256385997 0.04878048780487805
0 0.7374645222327342 0.789198606271777 0.021759697256385997 0.05226480836236934
0 0.7838221381267739 0.6907665505226481 0.036896877956480605 0.08188153310104529
0 0.8732261116367077 0.6533101045296167 0.06054872280037843 0.12195121951219512
0 0.9706717123935666 0.7134146341463414 0.05676442762535478 0.14111498257839722
