0 1.5015463917525773 5.725543478260869 0.07525773195876288 0.3858695652173913
0 1.3474226804123712 5.728260869565218 0.05979381443298969 0.40217391304347827
0 1.2144329896907216 5.611413043478261 0.032989690721649485 0.1793478260869565
0 1.154123711340206 6.0353260869565215 0.027835051546391754 0.1358695652173913
0 1.2448453608247423 5.665760869565218 0.01958762886597938 0.125
0 1.2876288659793815 5.695652173913044 0.024742268041237112 0.14130434782608695
0 1.3087628865979382 5.744565217391305 0.02577319587628866 0.15217391304347827
0 1.1912371134020618 5.622282608695652 0.01752577319587629 0.10326086956521739
0 1.168556701030928 5.573369565217392 0.015463917525773196 0.11413043478260869
0 1.065979381443299 5.774456521739131 0.030927835051546393 0.19021739130434784
0 0.972680412371134 5.619565217391305 0.027835051546391754 0.17391304347826086
0 1.020103092783505 5.690217391304348 0.01958762886597938 0.11956521739130435
0 0.9927835051546392 5.611413043478261 0.020618556701030927 0.11413043478260869
0 1.0716494845360824 5.557065217391305 0.021649484536082474 0.1358695652173913
0 0.9293814432989691 5.769021739130435 0.03814432989690722 0.23369565217391305
0 0.9005154639175258 5.595108695652174 0.03608247422680412 0.24456521739130435
0 0.8201030927835051 5.584239130434782 0.029896907216494847 0.19021739130434784
0 0.8427835051546392 5.7228260869565215 0.029896907216494847 0.1956521739130435
0 0.7804123711340206 5.513586956521739 0.020618556701030927 0.1358695652173913
0 0.790721649484536 5.684782608695652 0.030927835051546393 0.17391304347826086
