0 0.2678958785249458 16.568807339449542 0.028199566160520606 0.5321100917431193
0 0.4067245119305857 16.275229357798164 0.019522776572668113 0.4036697247706422
0 0.40726681127982645 16.270642201834864 0.0227765726681128 0.41284403669724773
0 0.47857917570498915 16.288990825688074 0.021149674620390455 0.3944954128440367
0 0.5138286334056399 16.146788990825687 0.008134490238611713 0.1651376146788991
0 0.5303687635574837 16.357798165137616 0.010845986984815618 0.23853211009174313
0 0.545824295010846 16.174311926605505 0.004880694143167028 0.09174311926605505
0 0.556941431670282 16.18348623853211 0.01193058568329718 0.29357798165137616
0 0.5989696312364425 16.36697247706422 0.010303687635574838 0.22018348623853212
0 0.6643167028199566 15.912844036697248 0.004338394793926247 0.06422018348623854
0 0.6754338394793926 16.08256880733945 0.003796095444685466 0.05504587155963303
0 0.6515726681127982 16.110091743119266 0.003796095444685466 0.07339449541284404
0 0.6399132321041214 16.022935779816514 0.004338394793926247 0.08256880733944955
0 0.6339479392624728 16.25229357798165 0.007592190889370932 0.11926605504587157
0 0.7787418655097614 16.142201834862384 0.004338394793926247 0.08256880733944955
0 0.9582429501084598 16.31651376146789 0.013015184381778741 0.3761467889908257
0 1.03470715835141 16.045871559633028 0.004338394793926247 0.07339449541284404
0 1.0433839479392624 16.077981651376145 0.0032537960954446853 0.06422018348623854
0 1.132592190889371 16.013761467889907 0.004880694143167028 0.10091743119266056
0 1.252169197396963 15.862385321100918 0.0032537960954446853 0.05504587155963303
