0 0.0594541910331384 2.3874172185430464 0.05847953216374269 0.47019867549668876
0 0.16374269005847952 2.665562913907285 0.04483430799220273 0.33774834437086093
0 0.11939571150097465 2.596026490066225 0.024366471734892786 0.18543046357615894
0 0.1398635477582846 2.433774834437086 0.024366471734892786 0.2052980132450331
0 0.18226120857699804 2.513245033112583 0.025341130604288498 0.2052980132450331
0 0.21832358674463936 2.5794701986754967 0.021442495126705652 0.19205298013245034
0 0.24853801169590642 2.5397350993377485 0.01949317738791423 0.1390728476821192
0 0.2855750487329435 2.543046357615894 0.017543859649122806 0.11920529801324503
0 0.3128654970760234 2.447019867549669 0.023391812865497075 0.16556291390728478
0 0.34649122807017546 2.6589403973509933 0.022417153996101363 0.19205298013245034
0 0.38937621832358676 2.5695364238410594 0.012670565302144249 0.09271523178807947
0 0.41228070175438597 2.619205298013245 0.015594541910331383 0.11258278145695365
0 0.4346978557504873 2.6258278145695364 0.009746588693957114 0.0728476821192053
0 0.47319688109161795 2.662251655629139 0.010721247563352826 0.09271523178807947
0 0.5019493177387915 2.589403973509934 0.015594541910331383 0.11920529801324503
0 0.5346003898635477 2.629139072847682 0.014619883040935672 0.10596026490066225
0 0.4853801169590643 2.622516556291391 0.011695906432748537 0.09271523178807947
0 0.5657894736842105 2.7317880794701987 0.018518518518518517 0.1390728476821192
0 0.5994152046783626 2.6754966887417218 0.011695906432748537 0.10596026490066225
0 0.6203703703703703 2.698675496688742 0.018518518518518517 0.12582781456953643
0 0.648635477582846 3.066225165562914 0.02046783625730994 0.17218543046357615
0 0.702729044834308 2.6589403973509933 0.04483430799220273 0.2980132450331126
0 0.7880116959064327 2.6059602649006623 0.03996101364522417 0.2980132450331126
0 0.8786549707602339 2.7417218543046356 0.04775828460038986 0.33112582781456956
0 0.9273879142300195 2.705298013245033 0.05555555555555555 0.31125827814569534
0 0.3328460038986355 2.5794701986754967 0.014619883040935672 0.23178807947019867
0 0.6232943469785575 2.6589403973509933 0.022417153996101363 0.16556291390728478
