0 0.634858812074002 0.889894419306184 0.0038948393378773127 0.006033182503770739
0 0.6309639727361246 0.8921568627450981 0.009737098344693282 0.03770739064856712
0 0.5306718597857838 0.9147812971342383 0.0038948393378773127 0.007541478129713424
0 0.5267770204479065 0.8054298642533937 0.0038948393378773127 0.006033182503770739
0 0.747809152872444 0.9532428355957768 0.0038948393378773127 0.006033182503770739
0 0.7565725413826679 0.9607843137254902 0.0038948393378773127 0.006033182503770739
0 0.7633885102239533 0.9660633484162896 0.0038948393378773127 0.007541478129713424
0 0.8427458617332035 0.9660633484162896 0.004868549172346641 0.007541478129713424
0 0.928919182083739 0.7767722473604827 0.0038948393378773127 0.006033182503770739
0 0.9177215189873418 0.6885369532428356 0.018500486854917234 0.03167420814479638
0 0.9586173320350535 0.6349924585218703 0.0029211295034079843 0.006033182503770739
0 0.9737098344693281 0.6319758672699849 0.0038948393378773127 0.006033182503770739
0 0.9123661148977604 0.6153846153846154 0.0038948393378773127 0.006033182503770739
0 0.9079844206426485 0.6191553544494721 0.010710808179162609 0.02262443438914027
0 0.8972736124634859 0.5867269984917044 0.0029211295034079843 0.006033182503770739
0 0.9878286270691334 0.5271493212669683 0.0029211295034079843 0.004524886877828055
0 0.9780915287244402 0.5211161387631976 0.0029211295034079843 0.004524886877828055
0 0.9328140214216164 0.5173453996983409 0.0038948393378773127 0.006033182503770739
0 0.8568646543330087 0.4841628959276018 0.005842259006815969 0.01809954751131222
0 0.8612463485881208 0.47435897435897434 0.0029211295034079843 0.004524886877828055
0 0.879746835443038 0.4803921568627451 0.014605647517039922 0.02262443438914027
0 0.8821811100292113 0.4675716440422323 0.0038948393378773127 0.006033182503770739
0 0.9698149951314509 0.3469079939668175 0.0038948393378773127 0.006033182503770739
0 0.9717624148003895 0.3438914027149321 0.0038948393378773127 0.006033182503770739
0 0.9834469328140214 0.31221719457013575 0.009737098344693282 0.030165912518853696
0 0.9936708860759493 0.31221719457013575 0.008763388510223954 0.030165912518853696
0 0.8305744888023369 0.3273001508295626 0.0038948393378773127 0.006033182503770739
0 0.8218111002921129 0.34087481146304677 0.007789678675754625 0.027149321266968326
0 0.8271665043816943 0.4095022624434389 0.006815968841285297 0.02564102564102564
0 0.7166504381694255 0.4155354449472097 0.007789678675754625 0.02564102564102564
0 0.7132424537487828 0.41025641025641024 0.0029211295034079843 0.006033182503770739
0 0.7424537487828627 0.38687782805429866 0.0029211295034079843 0.004524886877828055
0 0.7317429406037 0.36048265460030166 0.0029211295034079843 0.006033182503770739
0 0.7229795520934762 0.361236802413273 0.0029211295034079843 0.004524886877828055
0 0.7112950340798442 0.3717948717948718 0.0029211295034079843 0.004524886877828055
0 0.685491723466407 0.4042232277526395 0.0038948393378773127 0.006033182503770739
0 0.685491723466407 0.39064856711915535 0.0038948393378773127 0.006033182503770739
0 0.6733203505355404 0.39668174962292607 0.0029211295034079843 0.006033182503770739
0 0.6991236611489776 0.3559577677224736 0.0038948393378773127 0.006033182503770739
0 0.684031158714703 0.34464555052790347 0.0029211295034079843 0.004524886877828055
0 0.6815968841285297 0.33634992458521873 0.0038948393378773127 0.006033182503770739
0 0.6747809152872444 0.3288084464555053 0.009737098344693282 0.033182503770739065
0 0.6616358325219085 0.3295625942684766 0.008763388510223954 0.02865761689291101
0 0.6650438169425511 0.31825037707390647 0.009737098344693282 0.033182503770739065
0 0.6163583252190847 0.4019607843137255 0.0038948393378773127 0.007541478129713424
0 0.6134371957156767 0.3815987933634992 0.007789678675754625 0.01809954751131222
0 0.6105160662122687 0.3574660633484163 0.0038948393378773127 0.006033182503770739
0 0.5851996105160662 0.4004524886877828 0.009737098344693282 0.0196078431372549
0 0.5798442064264849 0.4004524886877828 0.006815968841285297 0.02262443438914027
0 0.5769230769230769 0.34992458521870284 0.004868549172346641 0.006033182503770739
0 0.5666991236611489 0.39215686274509803 0.007789678675754625 0.030165912518853696
0 0.5632911392405063 0.38235294117647056 0.0029211295034079843 0.004524886877828055
0 0.5559883154819864 0.39064856711915535 0.009737098344693282 0.030165912518853696
0 0.5316455696202531 0.4079939668174962 0.0038948393378773127 0.007541478129713424
0 0.5165530671859786 0.41402714932126694 0.010710808179162609 0.02564102564102564
0 0.5165530671859786 0.4132730015082956 0.006815968841285297 0.01809954751131222
0 0.5155793573515093 0.39592760180995473 0.0029211295034079843 0.004524886877828055
0 0.5048685491723467 0.39592760180995473 0.0029211295034079843 0.004524886877828055
0 0.4717624148003895 0.40271493212669685 0.0029211295034079843 0.006033182503770739
0 0.4810126582278481 0.4072398190045249 0.011684518013631937 0.027149321266968326
0 0.5423563777994158 0.3453996983408748 0.0038948393378773127 0.006033182503770739
0 0.5457643622200584 0.3491704374057315 0.012658227848101266 0.03770739064856712
0 0.5438169425511198 0.3438914027149321 0.012658227848101266 0.03619909502262444
0 0.5306718597857838 0.3514328808446455 0.009737098344693282 0.030165912518853696
0 0.5287244401168452 0.3438914027149321 0.013631937682570594 0.033182503770739065
0 0.4011684518013632 0.40648567119155354 0.013631937682570594 0.02564102564102564
0 0.375365141187926 0.4155354449472097 0.008763388510223954 0.02865761689291101
0 0.3675754625121714 0.4042232277526395 0.0029211295034079843 0.006033182503770739
0 0.3617332035053554 0.40497737556561086 0.0029211295034079843 0.004524886877828055
0 0.3592989289191821 0.4042232277526395 0.009737098344693282 0.027149321266968326
0 0.35296981499513147 0.4019607843137255 0.008763388510223954 0.02564102564102564
0 0.3184031158714703 0.3333333333333333 0.0038948393378773127 0.006033182503770739
0 0.3154819863680623 0.33861236802413275 0.011684518013631937 0.03469079939668175
0 0.28334956183057447 0.3114630467571644 0.011684518013631937 0.03770739064856712
0 0.3091528724440117 0.40271493212669685 0.006815968841285297 0.021116138763197588
0 0.305744888023369 0.4057315233785822 0.007789678675754625 0.021116138763197588
0 0.2882181110029211 0.4072398190045249 0.0038948393378773127 0.006033182503770739
0 0.2945472249269718 0.39819004524886875 0.0029211295034079843 0.006033182503770739
0 0.28529698149951316 0.39668174962292607 0.0038948393378773127 0.006033182503770739
0 0.250730282375852 0.34238310708898945 0.004868549172346641 0.006033182503770739
0 0.2555988315481986 0.39592760180995473 0.0029211295034079843 0.004524886877828055
0 0.24732229795520935 0.4034690799396682 0.011684518013631937 0.02262443438914027
0 0.19425511197663095 0.31070889894419307 0.008763388510223954 0.030165912518853696
0 0.18938656280428431 0.3009049773755656 0.0029211295034079843 0.004524886877828055
0 0.12901655306718599 0.389894419306184 0.0029211295034079843 0.004524886877828055
0 0.12414800389483933 0.39064856711915535 0.0029211295034079843 0.006033182503770739
0 0.02044790652385589 0.3914027149321267 0.0038948393378773127 0.004524886877828055
0 0.005355404089581304 0.4464555052790347 0.0029211295034079843 0.006033182503770739
0 0.049172346640701074 0.46530920060331826 0.010710808179162609 0.02262443438914027
0 0.03554040895813048 0.46530920060331826 0.010710808179162609 0.02262443438914027
0 0.02531645569620253 0.4622926093514329 0.009737098344693282 0.02262443438914027
0 0.014605647517039922 0.47285067873303166 0.007789678675754625 0.03469079939668175
0 0.016553067185978577 0.4766214177978884 0.011684518013631937 0.021116138763197588
0 0.009737098344693282 0.48868778280542985 0.011684518013631937 0.021116138763197588
0 0.07351509250243428 0.47435897435897434 0.012658227848101266 0.02262443438914027
0 0.0691333982473223 0.48340874811463047 0.0038948393378773127 0.007541478129713424
0 0.10321324245374879 0.48114630467571645 0.0038948393378773127 0.006033182503770739
0 0.016553067185978577 0.5188536953242836 0.0038948393378773127 0.006033182503770739
0 0.10370009737098344 0.5829562594268477 0.004868549172346641 0.007541478129713424
0 0.08617332035053554 0.5708898944193062 0.004868549172346641 0.007541478129713424
0 0.08860759493670886 0.5761689291101055 0.0038948393378773127 0.006033182503770739
0 0.05063291139240506 0.7043740573152338 0.0038948393378773127 0.006033182503770739
0 0.05501460564751704 0.7254901960784313 0.012658227848101266 0.030165912518853696
0 0.057935735150925025 0.7149321266968326 0.0029211295034079843 0.006033182503770739
0 0.0881207400194742 0.7526395173453997 0.004868549172346641 0.006033182503770739
0 0.0934761441090555 0.751131221719457 0.0038948393378773127 0.006033182503770739
0 0.11392405063291139 0.7330316742081447 0.0038948393378773127 0.006033182503770739
0 0.12560856864654332 0.7352941176470589 0.0038948393378773127 0.004524886877828055
0 0.16455696202531644 0.8212669683257918 0.0038948393378773127 0.007541478129713424
0 0.14897760467380722 0.8687782805429864 0.0038948393378773127 0.006033182503770739
0 0.16358325219084713 0.8733031674208145 0.0038948393378773127 0.006033182503770739
0 0.17039922103213243 0.8815987933634992 0.009737098344693282 0.03167420814479638
0 0.18500486854917234 0.8770739064856712 0.0038948393378773127 0.007541478129713424
0 0.17380720545277506 0.8846153846153846 0.004868549172346641 0.007541478129713424
0 0.16845180136319376 0.8959276018099548 0.0038948393378773127 0.006033182503770739
0 0.1747809152872444 0.9592760180995475 0.0029211295034079843 0.006033182503770739
0 0.16163583252190847 0.9502262443438914 0.0038948393378773127 0.006033182503770739
0 0.14995131450827653 0.9532428355957768 0.0038948393378773127 0.006033182503770739
0 0.13291139240506328 0.9622926093514329 0.0029211295034079843 0.006033182503770739
0 0.10516066212268745 0.9630467571644042 0.0038948393378773127 0.007541478129713424
0 0.07546251217137293 0.9720965309200603 0.004868549172346641 0.007541478129713424
0 0.037487828627069134 1.0256410256410255 0.008763388510223954 0.03619909502262444
0 0.2249269717624148 0.971342383107089 0.0038948393378773127 0.006033182503770739
0 0.23271665043816941 0.9622926093514329 0.0038948393378773127 0.006033182503770739
0 0.29698149951314506 0.9140271493212669 0.0038948393378773127 0.006033182503770739
0 0.3393378773125609 0.9042232277526395 0.008763388510223954 0.03469079939668175
0 0.39191820837390456 0.9012066365007542 0.0029211295034079843 0.004524886877828055
0 0.2779941577409932 0.832579185520362 0.0029211295034079843 0.006033182503770739
0 0.26484907497565724 0.8310708898944194 0.0038948393378773127 0.006033182503770739
0 0.20009737098344693 0.7601809954751131 0.004868549172346641 0.006033182503770739
0 0.20107108081791625 0.7647058823529411 0.008763388510223954 0.024132730015082957
0 0.21470301850048684 0.7639517345399698 0.010710808179162609 0.02564102564102564
0 0.3456669912366115 0.7526395173453997 0.0038948393378773127 0.006033182503770739
0 0.35540408958130476 0.7526395173453997 0.0038948393378773127 0.006033182503770739
0 0.4011684518013632 0.7496229260935143 0.0038948393378773127 0.006033182503770739
0 0.3987341772151899 0.7526395173453997 0.008763388510223954 0.030165912518853696
0 0.41090555014605645 0.8506787330316742 0.0038948393378773127 0.006033182503770739
0 0.4177215189873418 0.8597285067873304 0.0038948393378773127 0.006033182503770739
0 0.43378773125608566 0.8453996983408748 0.0029211295034079843 0.004524886877828055
0 0.011197663096397274 0.13273001508295626 0.0029211295034079843 0.006033182503770739
0 0.0029211295034079843 0.1455505279034691 0.009737098344693282 0.02865761689291101
0 0.012171372930866602 0.07692307692307693 0.008763388510223954 0.030165912518853696
0 0.02385589094449854 0.08823529411764706 0.0029211295034079843 0.004524886877828055
0 0.0365141187925998 0.08069381598793364 0.0029211295034079843 0.004524886877828055
0 0.04186952288218111 0.0889894419306184 0.007789678675754625 0.033182503770739065
0 0.04868549172346641 0.0942684766214178 0.009737098344693282 0.02564102564102564
0 0.05404089581304771 0.09200603318250378 0.010710808179162609 0.030165912518853696
0 0.020934761441090556 0.0942684766214178 0.006815968841285297 0.02564102564102564
0 0.021421616358325218 0.083710407239819 0.007789678675754625 0.02564102564102564
0 0.07351509250243428 0.08069381598793364 0.0029211295034079843 0.004524886877828055
0 0.08179162609542356 0.09351432880844646 0.0038948393378773127 0.006033182503770739
0 0.08617332035053554 0.07993966817496229 0.0029211295034079843 0.006033182503770739
0 0.1382667964946446 0.08597285067873303 0.0038948393378773127 0.006033182503770739
0 0.11392405063291139 0.06787330316742081 0.0038948393378773127 0.006033182503770739
0 0.13437195715676728 0.19155354449472098 0.005842259006815969 0.021116138763197588
0 0.20155793573515093 0.13499245852187028 0.0019474196689386564 0.004524886877828055
0 0.24634858812074 0.05957767722473605 0.0038948393378773127 0.007541478129713424
0 0.24245374878286272 0.09653092006033183 0.007789678675754625 0.030165912518853696
0 0.2439143135345667 0.09049773755656108 0.006815968841285297 0.027149321266968326
0 0.2439143135345667 0.08521870286576169 0.006815968841285297 0.02865761689291101
0 0.25803310613437197 0.10935143288084465 0.007789678675754625 0.02564102564102564
0 0.2609542356377799 0.1048265460030166 0.009737098344693282 0.02865761689291101
0 0.44206426484907496 0.08748114630467571 0.009737098344693282 0.030165912518853696
0 0.5525803310613437 0.1455505279034691 0.006815968841285297 0.02564102564102564
0 0.5603700097370984 0.13951734539969834 0.0029211295034079843 0.004524886877828055
0 0.5886075949367089 0.09653092006033183 0.006815968841285297 0.027149321266968326
0 0.5998052580331061 0.09351432880844646 0.007789678675754625 0.027149321266968326
0 0.6095423563777994 0.09276018099547512 0.007789678675754625 0.02865761689291101
0 0.6475170399221032 0.21040723981900453 0.0038948393378773127 0.007541478129713424
0 0.8704965920155794 0.07616892911010557 0.009737098344693282 0.02564102564102564
0 0.005355404089581304 0.06711915535444947 0.006815968841285297 0.02865761689291101
0 0.0029211295034079843 0.7933634992458521 0.007789678675754625 0.033182503770739065
0 0.47322297955209347 0.7571644042232277 0.0038948393378773127 0.006033182503770739
0 0.48685491723466406 0.753393665158371 0.0038948393378773127 0.007541478129713424
0 0.5715676728334956 0.7669683257918553 0.009737098344693282 0.03167420814479638
0 0.6660175267770204 0.7631975867269984 0.007789678675754625 0.027149321266968326
0 0.6738072054527751 0.7579185520361991 0.0038948393378773127 0.007541478129713424
0 0.6830574488802337 0.7579185520361991 0.004868549172346641 0.007541478129713424
0 0.682570593962999 0.7767722473604827 0.011684518013631937 0.03619909502262444
0 0.7224926971762414 0.7579185520361991 0.0038948393378773127 0.004524886877828055
0 0.7400194741966893 0.755656108597285 0.0038948393378773127 0.006033182503770739
0 0.749269717624148 0.7571644042232277 0.0029211295034079843 0.006033182503770739
0 0.7838364167478091 0.7805429864253394 0.007789678675754625 0.02262443438914027
0 0.7818889970788705 0.7760180995475113 0.011684518013631937 0.03167420814479638
0 0.7921129503407984 0.7654600301659125 0.0029211295034079843 0.004524886877828055
0 0.8432327166504382 0.7654600301659125 0.009737098344693282 0.02865761689291101
0 0.8539435248296008 0.7662141779788839 0.009737098344693282 0.024132730015082957
0 0.8704965920155794 0.7669683257918553 0.007789678675754625 0.02865761689291101
0 0.878286270691334 0.7760180995475113 0.009737098344693282 0.013574660633484163
0 0.7127555988315482 0.8069381598793364 0.0038948393378773127 0.006033182503770739
0 0.03164556962025317 0.08597285067873303 0.010710808179162609 0.033182503770739065
