0 0.9263196480938416 0.5282685512367491 0.025659824046920823 0.14487632508833923
0 0.8020527859237536 0.5247349823321554 0.039589442815249266 0.17314487632508835
0 0.8867302052785924 0.8639575971731449 0.12683284457478006 0.8091872791519434
0 0.6488269794721407 0.803886925795053 0.10997067448680352 0.7879858657243817
0 0.49853372434017595 0.9876325088339223 0.10557184750733138 0.7314487632508834
0 0.37939882697947214 1.0830388692579505 0.09457478005865103 0.6537102473498233
0 0.5707478005865103 0.6925795053003534 0.056451612903225805 0.3674911660777385
0 0.25219941348973607 0.9681978798586572 0.04105571847507331 0.2756183745583039
0 0.15725806451612903 1.010600706713781 0.07697947214076246 0.48056537102473496
0 -0.020527859237536656 1.098939929328622 0.05865102639296188 0.28975265017667845
