0 0.9835501147666411 3.814453125 0.016067329762815608 0.08203125
0 0.9395562356541699 3.783203125 0.018362662586074982 0.09765625
0 0.9104820198928845 3.859375 0.02448355011476664 0.125
0 0.8615149196633511 3.87109375 0.026013771996939557 0.125
0 0.8408569242540168 4.314453125 0.022953328232593728 0.12890625
0 0.7482785003825555 3.91015625 0.03519510328997705 0.203125
0 0.648814078041316 3.939453125 0.036725325172149964 0.19140625
0 0.6820964039785768 3.810546875 0.03442999234889059 0.20703125
0 0.824407039020658 3.744140625 0.016067329762815608 0.08203125
0 0.7892119357306809 3.765625 0.016067329762815608 0.078125
0 0.7524866105585309 3.734375 0.017597551644988524 0.1015625
0 0.6109410864575363 3.75 0.016067329762815608 0.0859375
0 0.566947207345065 3.783203125 0.02142310635042081 0.11328125
0 0.5179801071155318 3.830078125 0.019892884468247895 0.08984375
0 0.5095638867635807 3.796875 0.018362662586074982 0.1015625
0 0.45332823259372607 3.890625 0.016067329762815608 0.09375
0 0.42884468247895946 4.111328125 0.013006885998469778 0.06640625
0 0.3618974751338944 3.833984375 0.018362662586074982 0.12890625
0 0.3022188217291507 3.80859375 0.019892884468247895 0.140625
0 0.2605202754399388 3.822265625 0.016067329762815608 0.08984375
0 0.25057383320581483 4.259765625 0.008416220351951033 0.04296875
0 0.22647283856159142 3.794921875 0.019892884468247895 0.10546875
0 0.1820964039785769 4.314453125 0.009181331293037491 0.05078125
0 0.15187452180566183 3.775390625 0.016067329762815608 0.08203125
0 0.1327467482785004 3.837890625 0.016067329762815608 0.08984375
0 0.08760520275439938 3.7890625 0.016067329762815608 0.0859375
0 0.05241009946442234 3.78515625 0.017597551644988524 0.1171875
0 0.02218821729150727 3.8046875 0.013771996939556235 0.078125
0 0.07498087222647284 4.49609375 0.02754399387911247 0.375
0 0.03825554705432287 4.380859375 0.009181331293037491 0.05078125
0 0.0034429992348890587 3.859375 0.011476664116296864 0.0703125
