0 0.21670428893905191 0.7588126159554731 0.042136945071482315 0.137291280148423
0 0.254326561324304 0.6873840445269017 0.05568096313017306 0.14285714285714285
0 0.3600451467268623 0.8163265306122449 0.10158013544018059 0.24118738404452691
0 0.4292701279157261 0.7680890538033395 0.05191873589164785 0.16697588126159554
0 0.49134687735139204 0.7792207792207793 0.07373965387509406 0.2077922077922078
0 0.5775018811136192 0.7170686456400742 0.03686982693754703 0.12430426716141002
0 0.6361926260346125 0.712430426716141 0.030850263355906696 0.09276437847866419
0 0.6952595936794582 0.7755102040816326 0.040632054176072234 0.1150278293135436
0 0.7328818660647103 0.7105751391465677 0.03762227238525207 0.09647495361781076
0 0.7592174567343868 0.7374768089053804 0.046651617757712566 0.12059369202226346
0 0.8171557562076749 0.7133580705009277 0.03310759969902182 0.09090909090909091
0 0.9416854778028593 0.8701298701298701 0.11662904439428141 0.39332096474953615
