0 0.04638297872340426 1.5604534005037782 0.01446808510638298 0.042821158690176324
0 0.06340425531914894 1.5591939546599496 0.011063829787234043 0.03526448362720403
0 0.09276595744680852 1.5894206549118388 0.011914893617021277 0.04030226700251889
0 0.12723404255319148 1.5566750629722923 0.017872340425531916 0.07052896725440806
0 0.18468085106382978 1.6070528967254407 0.01702127659574468 0.060453400503778336
0 0.19191489361702127 1.513853904282116 0.016170212765957447 0.04534005037783375
0 0.1748936170212766 1.5516372795969773 0.011063829787234043 0.03526448362720403
0 0.16127659574468084 1.561712846347607 0.01276595744680851 0.04030226700251889
0 0.22382978723404257 1.5566750629722923 0.01702127659574468 0.04534005037783375
0 0.23829787234042554 1.5289672544080604 0.011914893617021277 0.04030226700251889
0 0.25659574468085106 1.5755667506297228 0.017872340425531916 0.07808564231738035
0 0.29148936170212764 1.5541561712846348 0.009361702127659575 0.030226700251889168
0 0.31063829787234043 1.6171284634760705 0.00851063829787234 0.02518891687657431
0 0.2676595744680851 1.5365239294710327 0.01276595744680851 0.04534005037783375
0 0.33063829787234045 1.566750629722922 0.005957446808510639 0.015113350125944584
0 0.3472340425531915 1.5554156171284634 0.005106382978723404 0.017632241813602016
0 0.3723404255319149 1.5541561712846348 0.01446808510638298 0.060453400503778336
0 0.39574468085106385 1.619647355163728 0.015319148936170212 0.08564231738035265
0 0.4340425531914894 1.5554156171284634 0.005106382978723404 0.017632241813602016
0 0.4693617021276596 1.5692695214105794 0.00425531914893617 0.015113350125944584
0 0.4808510638297872 1.5503778337531486 0.00851063829787234 0.027707808564231738
0 0.6259574468085106 1.521410579345088 0.011063829787234043 0.04030226700251889
0 0.6459574468085106 1.5277078085642317 0.010212765957446808 0.0327455919395466
0 0.6685106382978724 1.5050377833753148 0.01276595744680851 0.042821158690176324
0 0.694468085106383 1.5050377833753148 0.013617021276595745 0.04785894206549118
0 0.7136170212765958 1.5302267002518892 0.011063829787234043 0.042821158690176324
0 0.7280851063829787 1.5239294710327456 0.01276595744680851 0.04030226700251889
0 0.745531914893617 1.521410579345088 0.015319148936170212 0.04534005037783375
0 0.7608510638297873 1.5314861460957179 0.010212765957446808 0.03526448362720403
0 0.7770212765957447 1.5289672544080604 0.013617021276595745 0.04534005037783375
0 0.7957446808510639 1.5289672544080604 0.010212765957446808 0.030226700251889168
0 0.8042553191489362 1.522670025188917 0.013617021276595745 0.05289672544080604
0 0.9029787234042553 1.5340050377833754 0.01872340425531915 0.07052896725440806
0 0.9893617021276596 1.5201511335012594 0.02127659574468085 0.07808564231738035
0 0.7795744680851063 1.6095717884130982 0.00851063829787234 0.02518891687657431
0 0.44553191489361704 1.5982367758186398 0.00425531914893617 0.012594458438287154
