0 0.01619644723092999 0.46057692307692305 0.019853709508881923 0.04423076923076923
0 0.025600835945663532 0.46634615384615385 0.02612330198537095 0.04807692307692308
0 0.04806687565308255 0.4701923076923077 0.014629049111807733 0.028846153846153848
0 0.09143155694879833 0.47596153846153844 0.0219435736677116 0.051923076923076926
0 0.15203761755485892 0.4173076923076923 0.07628004179728318 0.14615384615384616
0 0.24399164054336467 0.3923076923076923 0.038662486938349006 0.07692307692307693
0 0.3014629049111808 0.42788461538461536 0.051201671891327065 0.125
0 0.36311389759665624 0.4028846153846154 0.034482758620689655 0.08269230769230769
0 0.42998955067920586 0.3875 0.06165099268547544 0.1326923076923077
0 0.51619644723093 0.40576923076923077 0.050156739811912224 0.09615384615384616
0 0.6698014629049112 0.4375 0.029258098223615466 0.05961538461538462
0 0.7021943573667712 0.40384615384615385 0.03970741901776385 0.08846153846153847
0 0.8699059561128527 0.37115384615384617 0.06583072100313479 0.13076923076923078
0 0.9639498432601881 0.2865384615384615 0.06165099268547544 0.11923076923076924
