0 0.10744435917114352 1.6694915254237288 0.0920951650038373 0.7062146892655368
0 0.42555640828856484 1.7203389830508475 0.08058326937835764 0.7288135593220338
0 0.5230237912509593 1.53954802259887 0.06216423637759018 0.5141242937853108
0 0.6918649270913277 1.5649717514124293 0.07597851112816577 0.7344632768361582
0 0.8484267075978511 1.7090395480225988 0.06983883346124328 0.615819209039548
0 0.24980813507290867 1.5649717514124293 0.051419800460475826 0.4971751412429379
0 0.17114351496546432 1.5423728813559323 0.056792018419033 0.5875706214689266
0 0.8277052954719877 1.4124293785310735 0.060629316960859554 0.5084745762711864
0 0.9090560245587107 1.7598870056497176 0.052954719877206444 0.3898305084745763
0 0.9382194934765925 1.2994350282485876 0.04834996162701458 0.4293785310734463
0 0.03338449731389102 1.7005649717514124 0.029930928626247123 0.24858757062146894
0 0.3430544896392939 1.728813559322034 0.04144282425172678 0.3728813559322034
0 0.6016884113584037 1.3785310734463276 0.023023791250959325 0.21468926553672316
0 0.7452033768227168 1.5423728813559323 0.047582501918649274 0.3728813559322034
0 0.7467382962394474 1.3418079096045197 0.01841903300076746 0.1638418079096045
