0 0.33559782608695654 1.2443037974683544 0.044384057971014496 0.1291139240506329
0 0.46195652173913043 1.2037974683544304 0.02717391304347826 0.08354430379746836
0 0.4782608695652174 1.268354430379747 0.02355072463768116 0.07088607594936709
0 0.5344202898550725 1.440506329113924 0.010869565217391304 0.035443037974683546
0 0.5706521739130435 1.4164556962025316 0.014492753623188406 0.043037974683544304
0 0.6490036231884058 1.0037974683544304 0.04619565217391304 0.1240506329113924
0 0.7309782608695652 1.2151898734177216 0.028985507246376812 0.0810126582278481
0 0.7789855072463768 1.4 0.018115942028985508 0.04556962025316456
0 0.8129528985507246 1.3759493670886076 0.015398550724637682 0.043037974683544304
0 0.8220108695652174 1.2620253164556963 0.022644927536231884 0.07341772151898734
0 0.8926630434782609 1.3569620253164556 0.01358695652173913 0.04050632911392405
0 1.283967391304348 0.7518987341772152 0.058876811594202896 0.1670886075949367
