0 0.03679318357862122 2.0853658536585367 0.05964368706429125 0.43902439024390244
0 0.14601084430673897 2.652439024390244 0.02865995352439969 0.2682926829268293
0 0.17815646785437644 2.323170731707317 0.03408210689388071 0.2804878048780488
0 0.1680867544539117 2.332317073170732 0.06351665375677769 0.4817073170731707
0 0.3249419054996127 2.5853658536585367 0.048799380325329204 0.5
0 0.34779240898528274 2.542682926829268 0.03563129357087529 0.3780487804878049
0 0.4783113865220759 2.5609756097560976 0.030209140201394268 0.3170731707317073
0 0.5433772269558482 2.582317073170732 0.022463206816421378 0.18902439024390244
0 0.5704879938032533 2.682926829268293 0.01471727343144849 0.14634146341463414
0 0.6185127807900852 2.643292682926829 0.019364833462432222 0.18902439024390244
0 0.7056545313710302 2.652439024390244 0.023237800154918668 0.2073170731707317
0 0.7443841982958946 2.7042682926829267 0.023237800154918668 0.20121951219512196
0 0.7664601084430674 2.6310975609756095 0.019364833462432222 0.20121951219512196
0 0.8175832687838884 2.518292682926829 0.016266460108443067 0.14634146341463414
0 0.8415956622773044 2.7134146341463414 0.024012393493415957 0.1951219512195122
0 0.8512780790085205 2.5121951219512195 0.013942680092951201 0.12195121951219512
0 0.8838109992254066 2.5091463414634148 0.017041053446940357 0.1524390243902439
0 0.8993028659953525 2.576219512195122 0.018590240123934933 0.1402439024390244
0 0.9163439194422928 2.652439024390244 0.021688613477924088 0.21951219512195122
0 0.9535243996901627 2.5548780487804876 0.021688613477924088 0.15853658536585366
0 0.9786986831913246 2.6463414634146343 0.024012393493415957 0.1951219512195122
0 0.6630518977536793 2.7134146341463414 0.006196746707978312 0.06097560975609756
0 0.6494965143299768 2.7042682926829267 0.005422153369481022 0.042682926829268296
0 0.5914020139426801 2.716463414634146 0.0038729666924864447 0.03048780487804878
0 0.6034082106893881 2.701219512195122 0.004647560030983733 0.036585365853658534
0 0.5189775367931836 2.698170731707317 0.001549186676994578 0.018292682926829267
0 0.5251742835011619 2.7591463414634148 0.006196746707978312 0.12804878048780488
