0 0.12007722007722008 5.618055555555555 0.0069498069498069494 0.06944444444444445
0 0.12239382239382239 5.607638888888889 0.0069498069498069494 0.0625
0 0.13667953667953667 5.642361111111111 0.009266409266409266 0.0625
0 0.14362934362934363 5.638888888888889 0.006177606177606178 0.05555555555555555
0 0.1552123552123552 5.645833333333333 0.004633204633204633 0.05555555555555555
0 0.1613899613899614 5.635416666666667 0.006177606177606178 0.0625
0 0.18030888030888031 5.572916666666667 0.0069498069498069494 0.0625
0 0.1861003861003861 5.597222222222222 0.006177606177606178 0.05555555555555555
0 0.19266409266409265 5.71875 0.011583011583011582 0.3541666666666667
0 0.20463320463320464 5.645833333333333 0.006177606177606178 0.05555555555555555
0 0.20926640926640927 5.600694444444445 0.004633204633204633 0.04861111111111111
0 0.2308880308880309 5.614583333333333 0.006177606177606178 0.04861111111111111
0 0.6111969111969112 5.739583333333333 0.01776061776061776 0.1875
0 0.6629343629343629 5.652777777777778 0.019305019305019305 0.2222222222222222
0 0.6552123552123552 5.53125 0.008494208494208495 0.0763888888888889
0 0.6718146718146718 5.541666666666667 0.006177606177606178 0.05555555555555555
0 0.6837837837837838 5.496527777777778 0.0069498069498069494 0.0763888888888889
0 0.6818532818532819 5.524305555555555 0.007722007722007722 0.0763888888888889
0 0.7065637065637066 5.503472222222222 0.004633204633204633 0.04861111111111111
0 0.7131274131274131 5.506944444444445 0.008494208494208495 0.09722222222222222
0 0.7324324324324324 5.604166666666667 0.010038610038610039 0.1111111111111111
0 0.7575289575289575 5.614583333333333 0.01698841698841699 0.22916666666666666
0 0.850965250965251 5.506944444444445 0.007722007722007722 0.06944444444444445
0 0.8706563706563707 5.517361111111111 0.014671814671814672 0.11805555555555555
0 0.8833976833976834 5.451388888888889 0.009266409266409266 0.08333333333333333
0 0.8926640926640926 5.725694444444445 0.021621621621621623 0.5625
0 0.9003861003861003 5.576388888888889 0.009266409266409266 0.1111111111111111
0 0.9254826254826255 5.53125 0.011583011583011582 0.10416666666666667
0 0.9351351351351351 5.510416666666667 0.013899613899613899 0.13194444444444445
0 0.962934362934363 5.618055555555555 0.020077220077220077 0.19444444444444445
0 0.9915057915057915 5.53125 0.012355212355212355 0.13194444444444445
0 0.8285714285714286 5.777777777777778 0.023166023166023165 0.2222222222222222
0 0.8772200772200772 5.8125 0.026254826254826256 0.2361111111111111
