0 -0.024280575539568347 0.3088235294117647 0.02877697841726619 0.12745098039215685
0 0.09262589928057553 0.7826797385620915 0.13129496402877697 0.6111111111111112
0 0.044064748201438846 0.3480392156862745 0.012589928057553957 0.042483660130718956
0 0.07553956834532374 0.25 0.03237410071942446 0.13398692810457516
0 0.10926258992805755 0.3202614379084967 0.05665467625899281 0.24183006535947713
0 0.1960431654676259 0.3284313725490196 0.039568345323741004 0.17973856209150327
0 0.2243705035971223 0.3545751633986928 0.04226618705035971 0.17320261437908496
0 0.2517985611510791 0.2581699346405229 0.02697841726618705 0.10457516339869281
0 0.306205035971223 0.23202614379084968 0.03147482014388489 0.1437908496732026
0 0.3839928057553957 0.16339869281045752 0.039568345323741004 0.1503267973856209
0 0.4037769784172662 0.3055555555555556 0.039568345323741004 0.16666666666666666
0 0.4037769784172662 0.5065359477124183 0.044964028776978415 0.20261437908496732
0 0.4442446043165468 0.6552287581699346 0.0737410071942446 0.28431372549019607
0 0.4698741007194245 0.3235294117647059 0.013489208633093525 0.05228758169934641
0 0.48741007194244607 0.46078431372549017 0.050359712230215826 0.20915032679738563
0 0.5782374100719424 0.6241830065359477 0.08093525179856115 0.3790849673202614
0 0.5651978417266187 0.27941176470588236 0.03507194244604316 0.17320261437908496
0 0.6236510791366906 0.27124183006535946 0.02787769784172662 0.1111111111111111
0 0.6515287769784173 0.4624183006535948 0.03507194244604316 0.17320261437908496
0 0.6803057553956835 0.29411764705882354 0.011690647482014389 0.0457516339869281
0 0.6937949640287769 0.2908496732026144 0.009892086330935251 0.0392156862745098
0 0.7050359712230215 0.32679738562091504 0.012589928057553957 0.05228758169934641
0 0.7455035971223022 0.3235294117647059 0.039568345323741004 0.19607843137254902
0 0.7684352517985612 0.5604575163398693 0.04226618705035971 0.17973856209150327
0 0.814748201438849 0.6094771241830066 0.05575539568345324 0.22549019607843138
0 0.7675359712230215 0.2222222222222222 0.029676258992805755 0.1111111111111111
0 0.8066546762589928 0.28104575163398693 0.008992805755395683 0.032679738562091505
0 0.8920863309352518 0.30718954248366015 0.008992805755395683 0.032679738562091505
0 0.9046762589928058 0.3088235294117647 0.008992805755395683 0.03594771241830065
0 0.8637589928057554 0.42483660130718953 0.03147482014388489 0.13071895424836602
0 0.9415467625899281 0.42483660130718953 0.039568345323741004 0.1503267973856209
