0 0.044126074498567334 0.9777777777777777 0.02979942693409742 0.32222222222222224
0 0.11919770773638969 0.5277777777777778 0.024068767908309457 0.3111111111111111
0 0.1997134670487106 0.5861111111111111 0.02349570200573066 0.2722222222222222
0 0.34813753581661894 0.525 0.02005730659025788 0.19444444444444445
0 0.40773638968481374 0.7861111111111111 0.012034383954154728 0.11666666666666667
0 0.4595988538681948 0.5527777777777778 0.019484240687679084 0.21666666666666667
0 0.5220630372492837 0.44166666666666665 0.02177650429799427 0.2388888888888889
0 0.5312320916905444 0.5527777777777778 0.01833810888252149 0.20555555555555555
0 0.5610315186246418 0.6444444444444445 0.008022922636103151 0.1
0 0.6128939828080229 0.5 0.03151862464183381 0.34444444444444444
0 0.6441260744985673 0.5694444444444444 0.012607449856733524 0.12777777777777777
0 0.6527220630372493 0.6 0.006876790830945559 0.06666666666666667
0 0.673352435530086 0.6222222222222222 0.006876790830945559 0.06666666666666667
0 0.7742120343839541 0.675 0.006876790830945559 0.07222222222222222
0 0.7974212034383954 0.6777777777777778 0.006303724928366762 0.06666666666666667
0 0.8154727793696275 0.5555555555555556 0.010315186246418338 0.1111111111111111
0 0.7386819484240688 0.46111111111111114 0.02521489971346705 0.26666666666666666
0 1.0123209169054441 0.5388888888888889 0.033810888252149 0.3111111111111111
