0 0.00749228735125606 1.4362549800796813 0.016747465843984136 0.0398406374501992
0 0.041427941824592335 1.468625498007968 0.027324812692816218 0.06274900398406374
0 0.11150286469810489 1.4477091633466135 0.022036139268400177 0.05677290836653386
0 0.15601586602027326 1.3411354581673307 0.06610841780520053 0.150398406374502
0 0.25253415601586604 1.4556772908366533 0.045835169678272364 0.12450199203187251
0 0.33032172763331863 1.475597609561753 0.021595416483032173 0.06673306772908366
0 0.43301013662406346 1.325199203187251 0.07712648743940062 0.2101593625498008
0 0.49757602468047596 1.4895418326693226 0.02379903040987219 0.08067729083665338
0 0.5791097399735566 1.4213147410358566 0.044072278536800354 0.1294820717131474
0 0.6388276773909211 1.4815737051792828 0.011899515204936095 0.036852589641434265
0 0.6591009255178493 1.4780876494023905 0.012780960775672102 0.03386454183266932
0 0.7122080211546937 1.4367529880478087 0.04671661524900837 0.12450199203187251
0 0.7331423534596738 1.4890438247011952 0.03481710004407228 0.099601593625498
0 0.7871308946672543 1.499003984063745 0.011458792419568091 0.027888446215139442
0 0.8109299250771265 1.4910358565737052 0.014103129131776113 0.045816733067729085
0 0.8267959453503746 1.4810756972111554 0.020273248126928163 0.055776892430278883
0 0.876377258704275 1.50398406374502 0.01630674305861613 0.03386454183266932
0 0.9023799030409873 1.5373505976095618 0.050683120317320404 0.15637450199203187
0 0.9748788012340238 1.4626494023904382 0.04847950639048039 0.1344621513944223
