0 0.8253652058432935 2.543859649122807 0.009296148738379814 0.06140350877192982
0 0.6557104913678619 2.587719298245614 0.00597609561752988 0.043859649122807015
0 0.34130146082337315 2.633771929824561 0.02257636122177955 0.19736842105263158
0 0.2905046480743692 2.5833333333333335 0.0073041168658698535 0.06140350877192982
0 0.3061088977423639 2.6228070175438596 0.00398406374501992 0.02631578947368421
0 0.25 2.550438596491228 0.031208499335989376 0.2412280701754386
0 0.18227091633466136 2.585526315789474 0.0099601593625498 0.07456140350877193
0 0.16567065073041168 2.5899122807017543 0.012616201859229747 0.08333333333333333
0 0.21713147410358566 2.8508771929824563 0.06241699867197875 0.42105263157894735
0 0.1351261620185923 2.611842105263158 0.011288180610889775 0.10087719298245613
0 0.12383798140770252 2.6008771929824563 0.0099601593625498 0.07894736842105263
0 0.11122177954847277 2.6030701754385963 0.008632138114209827 0.07456140350877193
0 0.09096945551128818 2.5833333333333335 0.01195219123505976 0.07894736842105263
0 0.10358565737051793 2.9035087719298245 0.00796812749003984 0.07017543859649122
0 0.03187250996015936 2.8640350877192984 0.06640106241699867 0.49122807017543857
