0 0.03319327731092437 1.1275303643724697 0.1403361344537815 0.805668016194332
0 0.08067226890756303 1.4615384615384615 0.06890756302521009 0.3805668016194332
0 0.18319327731092436 0.728744939271255 0.0067226890756302525 0.032388663967611336
0 0.20546218487394957 1.062753036437247 0.04453781512605042 0.29554655870445345
0 0.2592436974789916 1.2307692307692308 0.0546218487394958 0.32388663967611336
0 0.35042016806722687 0.9048582995951417 0.05042016806722689 0.29554655870445345
0 0.4184873949579832 1.180161943319838 0.04873949579831933 0.3117408906882591
0 0.380672268907563 0.6740890688259109 0.005042016806722689 0.02834008097165992
0 0.5021008403361344 0.8663967611336032 0.04285714285714286 0.27530364372469635
0 0.584873949579832 1.0587044534412955 0.043697478991596636 0.2874493927125506
0 0.6033613445378151 0.9939271255060729 0.02857142857142857 0.20647773279352227
0 0.6063025210084033 0.8279352226720648 0.02100840336134454 0.11740890688259109
0 0.6542016806722689 0.9352226720647774 0.031092436974789917 0.17813765182186234
0 0.6865546218487395 0.8178137651821862 0.013445378151260505 0.08906882591093117
0 0.6978991596638655 0.7975708502024291 0.012605042016806723 0.06477732793522267
0 0.7394957983193278 0.8319838056680162 0.025210084033613446 0.15789473684210525
0 0.7827731092436975 0.7530364372469636 0.024369747899159664 0.15384615384615385
0 0.7441176470588236 0.9574898785425101 0.04285714285714286 0.23076923076923078
0 0.8189075630252101 0.7773279352226721 0.014285714285714285 0.08906882591093117
0 0.8172268907563025 0.8299595141700404 0.014285714285714285 0.08906882591093117
0 0.834873949579832 0.9493927125506073 0.026050420168067228 0.15789473684210525
0 0.8819327731092437 0.7611336032388664 0.014285714285714285 0.09716599190283401
0 0.8634453781512605 1.0020242914979758 0.05630252100840336 0.3765182186234818
0 0.9235294117647059 1.2692307692307692 0.07899159663865546 0.4331983805668016
