0 0.9831278390655419 4.866666666666666 0.04282933160285529 0.6666666666666666
0 0.9630110317975341 4.670833333333333 0.036340038935756006 0.6083333333333333
0 0.8338741077222582 4.783333333333333 0.03244646333549643 0.5
0 0.8754055807916937 5.058333333333334 0.01946787800129786 0.3
0 0.8595068137573004 5.054166666666666 0.020116807268007787 0.2916666666666667
0 0.6670992861778067 4.708333333333333 0.036340038935756006 0.43333333333333335
0 0.6427644386761843 4.683333333333334 0.016223231667748216 0.26666666666666666
0 0.5966904607397794 4.479166666666667 0.020116807268007787 0.30833333333333335
0 0.6226476314081765 4.75 0.012329656067488644 0.13333333333333333
0 0.5717066839714471 4.533333333333333 0.01427644386761843 0.21666666666666667
0 0.736859182349124 4.645833333333333 0.005840363400389357 0.09166666666666666
0 0.7151200519143414 4.666666666666667 0.006489292667099286 0.08333333333333333
0 0.5522388059701493 4.666666666666667 0.011680726800778715 0.2
0 0.5431537962362103 4.683333333333334 0.009085009733939001 0.15
0 0.5240103828682674 4.6 0.01881894873458793 0.3
0 0.4944841012329656 4.641666666666667 0.007787151200519144 0.13333333333333333
0 0.49967553536664505 4.620833333333334 0.006489292667099286 0.10833333333333334
0 0.47663854639844255 4.654166666666667 0.005840363400389357 0.09166666666666666
0 0.4899415963659961 4.666666666666667 0.005191434133679429 0.06666666666666667
0 0.4600908500973394 4.541666666666667 0.01946787800129786 0.25
0 0.44127190136275146 4.604166666666667 0.006489292667099286 0.09166666666666666
0 0.4253731343283582 4.675 0.004542504866969501 0.06666666666666667
0 0.42472420506164826 4.983333333333333 0.021414665801427646 0.4
0 0.3987670343932511 4.616666666666666 0.012329656067488644 0.15
0 0.3374432186891629 4.683333333333334 0.027255029201817 0.3333333333333333
0 0.33776768332251783 4.708333333333333 0.027903958468526932 0.45
0 0.32414016872160933 5.045833333333333 0.021414665801427646 0.24166666666666667
0 0.2981829980532122 4.741666666666666 0.03309539260220636 0.43333333333333335
0 0.1846203763789747 5.041666666666667 0.038286826735885786 0.5666666666666667
0 0.16158338741077222 4.608333333333333 0.027255029201817 0.4
0 0.04282933160285529 4.633333333333334 0.011680726800778715 0.16666666666666666
0 0.028877352368591822 4.5875 0.004542504866969501 0.075
0 0.02465931213497729 4.575 0.003893575600259572 0.05
0 0.006489292667099286 4.625 0.003893575600259572 0.05
