0 0.670814479638009 0.8845291479820628 0.058069381598793365 0.1860986547085202
0 0.7439668174962293 1.0448430493273542 0.053544494720965306 0.17040358744394618
0 0.8412518853695324 1.086322869955157 0.049019607843137254 0.1681614349775785
0 0.755656108597285 0.9181614349775785 0.05580693815987934 0.1726457399103139
0 0.7360482654600302 0.9125560538116592 0.0392156862745098 0.14349775784753363
0 0.8589743589743589 1.0112107623318385 0.03619909502262444 0.11659192825112108
0 1.0214932126696832 0.9192825112107623 0.05505279034690799 0.18834080717488788
0 1.1282051282051282 0.9091928251121076 0.05429864253393665 0.1726457399103139
0 1.220211161387632 0.9047085201793722 0.0392156862745098 0.14573991031390135
0 1.0912518853695323 0.9820627802690582 0.03770739064856712 0.14798206278026907
0 0.9634238310708899 0.9304932735426009 0.03996983408748114 0.16143497757847533
0 0.9400452488687783 0.9573991031390134 0.038461538461538464 0.13452914798206278
0 1.4211915535444948 0.9495515695067265 0.01583710407239819 0.05605381165919283
0 1.5147058823529411 0.9551569506726457 0.005279034690799397 0.017937219730941704
0 1.5052790346907994 0.9461883408071748 0.004524886877828055 0.017937219730941704
0 0.552790346907994 1.0650224215246638 0.02564102564102564 0.09865470852017937
