0 0.2889344262295082 0.4536290322580645 0.05327868852459016 0.12096774193548387
0 0.4257172131147541 0.4314516129032258 0.050204918032786885 0.0967741935483871
0 0.05737704918032787 0.4889112903225806 0.022540983606557378 0.046370967741935484
0 0.10655737704918032 0.4788306451612903 0.018442622950819672 0.046370967741935484
0 0.13780737704918034 0.5241935483870968 0.01331967213114754 0.03225806451612903
0 0.21260245901639344 0.5161290322580645 0.01331967213114754 0.028225806451612902
0 0.23924180327868852 0.5252016129032258 0.011270491803278689 0.02620967741935484
0 0.6152663934426229 0.5352822580645161 0.025614754098360656 0.05846774193548387
0 0.5809426229508197 0.5423387096774194 0.018442622950819672 0.036290322580645164
0 0.6859631147540983 0.5413306451612904 0.025614754098360656 0.05040322580645161
0 0.7397540983606558 0.5675403225806451 0.02663934426229508 0.05846774193548387
0 0.8401639344262295 0.5060483870967742 0.02459016393442623 0.04838709677419355
0 0.8135245901639344 0.5272177419354839 0.01639344262295082 0.04233870967741935
0 0.7689549180327869 0.5090725806451613 0.01331967213114754 0.03024193548387097
0 0.7909836065573771 0.5675403225806451 0.010245901639344262 0.02620967741935484
0 1.0081967213114753 0.563508064516129 0.07581967213114754 0.17943548387096775
0 0.9907786885245902 0.42943548387096775 0.05942622950819672 0.13306451612903225
0 0.9385245901639344 0.49193548387096775 0.03483606557377049 0.07661290322580645
0 0.6439549180327869 0.53125 0.009221311475409836 0.018145161290322582
0 0.6582991803278688 0.5453629032258065 0.015368852459016393 0.034274193548387094
