0 0.08325709057639524 0.8322368421052632 0.0768526989935956 0.21710526315789475
0 0.20539798719121682 0.47478070175438597 0.07959743824336687 0.2565789473684211
0 0.22689844464775846 0.7192982456140351 0.06038426349496798 0.19298245614035087
0 0.0384263494967978 0.6546052631578947 0.025617566331198535 0.08114035087719298
0 0.37465690759377857 0.5175438596491229 0.06312900274473925 0.20614035087719298
0 0.5274473924977127 0.9550438596491229 0.055809698078682524 0.1600877192982456
0 0.5128087831655993 0.5833333333333334 0.04483074107959744 0.13157894736842105
0 0.6088746569075938 0.7006578947368421 0.05215004574565416 0.16447368421052633
0 0.6358645928636779 0.6918859649122807 0.036596523330283626 0.125
0 0.717291857273559 0.5515350877192983 0.056724611161939616 0.19517543859649122
0 0.8115279048490394 0.49780701754385964 0.056724611161939616 0.17105263157894737
0 0.9451052150045746 0.643640350877193 0.05123513266239707 0.17324561403508773
0 0.9958828911253431 0.5263157894736842 0.059469350411710885 0.16666666666666666
