0 1.017512077294686 2.245508982035928 0.035024154589371984 0.19161676646706588
0 0.9698067632850241 2.4850299401197606 0.021739130434782608 0.1317365269461078
0 0.9257246376811594 2.4910179640718564 0.025362318840579712 0.11976047904191617
0 0.8798309178743962 2.4491017964071857 0.025362318840579712 0.10778443113772455
0 0.7711352657004831 2.464071856287425 0.022946859903381644 0.12574850299401197
0 0.7946859903381642 2.467065868263473 0.016908212560386472 0.09580838323353294
0 0.4673913043478261 2.2604790419161676 0.014492753623188406 0.07784431137724551
0 0.3605072463768116 2.317365269461078 0.013285024154589372 0.059880239520958084
0 0.3073671497584541 2.410179640718563 0.022946859903381644 0.1377245508982036
0 0.27657004830917875 2.4161676646706587 0.016908212560386472 0.10179640718562874
0 0.28743961352657005 2.356287425149701 0.016908212560386472 0.11377245508982035
0 0.23429951690821257 2.3592814371257487 0.021739130434782608 0.1317365269461078
0 0.21316425120772947 2.284431137724551 0.020531400966183576 0.12574850299401197
0 0.2041062801932367 2.341317365269461 0.016908212560386472 0.08383233532934131
0 0.13043478260869565 2.377245508982036 0.00966183574879227 0.059880239520958084
0 0.0748792270531401 2.338323353293413 0.00966183574879227 0.05389221556886228
0 0.03985507246376811 2.317365269461078 0.00966183574879227 0.04790419161676647
