0 0.0046801872074883 3.51056338028169 0.0062402496099844 0.06338028169014084
0 0.05811232449297972 3.5528169014084505 0.00546021840873635 0.04929577464788732
0 0.07878315132605304 3.5316901408450705 0.028081123244929798 0.2887323943661972
0 0.11973478939157567 3.6514084507042255 0.027301092043681748 0.24647887323943662
0 0.16146645865834633 3.5985915492957745 0.0218408736349454 0.19718309859154928
0 0.25663026521060844 3.6056338028169015 0.0046801872074883 0.056338028169014086
0 0.26170046801872077 3.573943661971831 0.00546021840873635 0.04929577464788732
0 0.28198127925117006 3.602112676056338 0.027301092043681748 0.2887323943661972
0 0.3003120124804992 3.6056338028169015 0.0218408736349454 0.22535211267605634
0 0.3221528861154446 3.8309859154929575 0.0187207488299532 0.352112676056338
0 0.32878315132605307 3.591549295774648 0.0070202808112324495 0.07042253521126761
0 0.33658346333853356 3.711267605633803 0.01014040561622465 0.2535211267605634
0 0.34399375975039004 3.6056338028169015 0.0046801872074883 0.04225352112676056
0 0.3541341653666147 3.6056338028169015 0.0062402496099844 0.056338028169014086
0 0.36037441497659906 3.5704225352112675 0.0078003120124804995 0.07042253521126761
0 0.42238689547581904 3.5950704225352115 0.02106084243369735 0.19014084507042253
0 0.4516380655226209 3.7535211267605635 0.0249609984399376 0.2535211267605634
0 0.4676287051482059 3.7359154929577465 0.01638065522620905 0.1619718309859155
0 0.4297971918876755 3.6690140845070425 0.0046801872074883 0.04225352112676056
0 0.47581903276131043 3.591549295774648 0.0078003120124804995 0.08450704225352113
0 0.48673946957878317 3.619718309859155 0.0062402496099844 0.056338028169014086
0 0.4964898595943838 3.6549295774647885 0.0070202808112324495 0.056338028169014086
0 0.5144305772230889 3.816901408450704 0.02106084243369735 0.22535211267605634
0 0.514820592823713 3.6232394366197185 0.0078003120124804995 0.07746478873239436
0 0.5417316692667706 3.630281690140845 0.0039001560062402497 0.035211267605633804
0 0.5546021840873635 3.7535211267605635 0.0062402496099844 0.22535211267605634
0 0.5627925117004681 3.742957746478873 0.00858034321372855 0.2746478873239437
0 0.5663026521060842 3.7359154929577465 0.0109204368174727 0.3028169014084507
0 0.6318252730109204 3.7711267605633805 0.0218408736349454 0.2887323943661972
0 0.6770670826833073 3.7288732394366195 0.0124804992199688 0.31690140845070425
0 0.6922776911076443 3.757042253521127 0.01014040561622465 0.2746478873239437
0 0.7035881435257411 3.5985915492957745 0.0046801872074883 0.04225352112676056
0 0.7207488299531981 3.757042253521127 0.0218408736349454 0.21830985915492956
0 0.7238689547581904 3.658450704225352 0.0171606864274571 0.19014084507042253
0 0.8338533541341654 3.7077464788732395 0.0171606864274571 0.1619718309859155
0 0.9453978159126365 3.609154929577465 0.0234009360374415 0.2323943661971831
0 0.9500780031201248 3.6619718309859155 0.0218408736349454 0.2535211267605634
