0 0.0066181336863004635 1.6703821656050954 0.013236267372600927 0.0732484076433121
0 0.04103242885506287 1.627388535031847 0.02382528127068167 0.12738853503184713
0 0.05459960291197882 1.6321656050955413 0.02316346790205162 0.13694267515923567
0 0.10026472534745202 1.6815286624203822 0.013898080741230973 0.07006369426751592
0 0.09827928524156188 1.6385350318471337 0.015221707478491065 0.09235668789808917
0 0.14195896757114493 1.6894904458598725 0.015221707478491065 0.0732484076433121
0 0.1601588352084712 1.694267515923567 0.02514890800794176 0.1337579617834395
0 0.18332230311052283 1.7356687898089171 0.02514890800794176 0.12738853503184713
0 0.2058239576439444 1.7070063694267517 0.01985440105890139 0.12738853503184713
0 0.2504963600264725 1.6146496815286624 0.025810721376571807 0.1464968152866242
0 0.25976174718729317 1.6735668789808917 0.01654533421575116 0.09872611464968153
0 0.31568497683653207 1.6210191082802548 0.03838517538054269 0.16560509554140126
0 0.3252812706816678 1.7117834394904459 0.024487094639311716 0.13694267515923567
0 0.400397088021178 1.6831210191082802 0.022501654533421574 0.12420382165605096
0 0.572137657180675 1.5541401273885351 0.04169424222369292 0.2356687898089172
0 0.6085373924553276 1.697452229299363 0.019192587690271344 0.11464968152866242
0 0.6502316346790206 1.7388535031847134 0.01654533421575116 0.10828025477707007
0 0.7038385175380543 1.694267515923567 0.01654533421575116 0.10191082802547771
0 0.7243547319655858 1.7404458598726114 0.01654533421575116 0.08598726114649681
0 0.771674387822634 1.7292993630573248 0.01588352084712111 0.08917197452229299
0 0.8937789543348775 1.6687898089171975 0.025810721376571807 0.1337579617834395
0 0.9490403706154864 1.6687898089171975 0.022501654533421574 0.10828025477707007
0 0.9940436796823295 1.732484076433121 0.011912640635340834 0.07006369426751592
