0 0.010882016036655211 0.75 0.026345933562428408 0.054307116104868915
0 0.020618556701030927 0.7565543071161048 0.018327605956471937 0.03745318352059925
0 0.053837342497136315 0.8014981273408239 0.018327605956471937 0.033707865168539325
0 0.07789232531500573 0.7874531835205992 0.016036655211912942 0.028089887640449437
0 0.09736540664375716 0.8595505617977528 0.009163802978235968 0.0149812734082397
0 0.12199312714776632 0.797752808988764 0.012600229095074456 0.02247191011235955
0 0.13516609392898052 0.7584269662921348 0.025200458190148912 0.04868913857677903
0 0.16552119129438717 0.74812734082397 0.021764032073310423 0.03932584269662921
0 0.17411225658648338 0.7724719101123596 0.022909507445589918 0.04681647940074907
0 0.22164948453608246 0.704119850187266 0.035509736540664374 0.06741573033707865
0 0.26804123711340205 0.7593632958801498 0.025200458190148912 0.04681647940074907
0 0.3064146620847652 0.797752808988764 0.014891179839633447 0.026217228464419477
0 0.3436426116838488 0.7734082397003745 0.016036655211912942 0.033707865168539325
0 0.3722794959908362 0.7949438202247191 0.011454753722794959 0.020599250936329586
0 0.3848797250859107 0.7790262172284644 0.013745704467353952 0.026217228464419477
0 0.39347079037800686 0.7659176029962547 0.01718213058419244 0.033707865168539325
0 0.3917525773195876 0.7649812734082397 0.016036655211912942 0.031835205992509365
0 0.45303550973654066 0.8080524344569289 0.01718213058419244 0.03932584269662921
0 0.46219931271477666 0.7631086142322098 0.021764032073310423 0.035580524344569285
0 0.5063001145475372 0.7668539325842697 0.020618556701030927 0.031835205992509365
0 0.5280641466208477 0.7874531835205992 0.022909507445589918 0.05056179775280899
0 0.5423825887743413 0.7902621722846442 0.014891179839633447 0.0299625468164794
0 0.5687285223367697 0.7696629213483146 0.030927835051546393 0.056179775280898875
0 0.7119129438717068 0.5945692883895131 0.12256586483390607 0.2340823970037453
0 0.7577319587628866 0.6807116104868914 0.0859106529209622 0.1891385767790262
0 0.03722794959908362 0.7808988764044944 0.01718213058419244 0.033707865168539325
