0 0.13572854291417166 1.1317829457364341 0.06986027944111776 0.20671834625322996
0 0.40668662674650696 1.0775193798449612 0.04091816367265469 0.11369509043927649
0 0.44510978043912175 1.1498708010335916 0.043912175648702596 0.12919896640826872
0 0.14471057884231536 0.29069767441860467 0.0499001996007984 0.1111111111111111
0 0.2465069860279441 0.5968992248062015 0.02594810379241517 0.07751937984496124
0 0.27295409181636726 0.5400516795865633 0.020958083832335328 0.056847545219638244
0 0.02844311377245509 0.39276485788113696 0.020958083832335328 0.056847545219638244
0 0.04640718562874251 0.3979328165374677 0.010978043912175649 0.031007751937984496
0 0.07335329341317365 0.39147286821705424 0.008982035928143712 0.023255813953488372
0 0.09231536926147704 0.4509043927648579 0.006986027944111776 0.01808785529715762
0 0.09181636726546906 0.3992248062015504 0.005988023952095809 0.01808785529715762
0 0.10778443113772455 0.4005167958656331 0.007984031936127744 0.020671834625323
0 0.17465069860279442 0.38242894056847543 0.005988023952095809 0.015503875968992248
0 0.19560878243512975 0.3850129198966408 0.005988023952095809 0.015503875968992248
0 0.22654690618762474 0.4496124031007752 0.015968063872255488 0.041343669250646
0 0.2619760479041916 0.45219638242894056 0.010978043912175649 0.03617571059431524
0 0.28293413173652693 0.43281653746770027 0.010978043912175649 0.03359173126614987
0 0.22604790419161677 0.4043927648578811 0.010978043912175649 0.03359173126614987
0 0.23852295409181637 0.4186046511627907 0.007984031936127744 0.020671834625323
0 0.25 0.3875968992248062 0.010978043912175649 0.031007751937984496
0 0.2624750499001996 0.38113695090439276 0.007984031936127744 0.028423772609819122
0 0.282435129740519 0.37467700258397935 0.00998003992015968 0.025839793281653745
0 0.31037924151696605 0.36563307493540054 0.007984031936127744 0.023255813953488372
0 0.4026946107784431 0.851421188630491 0.020958083832335328 0.08527131782945736
0 0.8507984031936128 1.1007751937984496 0.05289421157684631 0.14470284237726097
0 0.6756487025948104 0.958656330749354 0.031936127744510975 0.10335917312661498
0 0.9161676646706587 1.0129198966408268 0.03992015968063872 0.082687338501292
0 0.8193612774451098 0.937984496124031 0.033932135728542916 0.08785529715762273
0 0.9251497005988024 0.7454780361757106 0.027944111776447105 0.06459948320413436
0 0.8238522954091816 0.8113695090439277 0.02694610778443114 0.06201550387596899
0 0.8527944111776448 0.7700258397932817 0.02694610778443114 0.06718346253229975
0 0.7649700598802395 0.7674418604651163 0.0249500998003992 0.06718346253229975
0 0.7974051896207585 0.7286821705426356 0.017964071856287425 0.056847545219638244
0 0.8987025948103793 0.6950904392764858 0.018962075848303395 0.056847545219638244
0 0.8837325349301397 0.6459948320413437 0.0249500998003992 0.06201550387596899
0 0.8737524950099801 0.648578811369509 0.014970059880239521 0.046511627906976744
0 0.7949101796407185 0.6576227390180879 0.012974051896207584 0.04392764857881137
0 0.780938123752495 0.661498708010336 0.016966067864271458 0.046511627906976744
0 0.686127744510978 0.8837209302325582 0.022954091816367265 0.07235142118863049
0 0.6671656686626747 0.7790697674418605 0.022954091816367265 0.08010335917312661
0 0.6087824351297405 0.8397932816537468 0.023952095808383235 0.07751937984496124
0 0.6492015968063872 0.7015503875968992 0.016966067864271458 0.04909560723514212
0 0.6796407185628742 0.6782945736434108 0.015968063872255488 0.04909560723514212
0 0.688622754491018 0.5839793281653747 0.013972055888223553 0.041343669250646
0 0.6312375249500998 0.5723514211886305 0.010978043912175649 0.03875968992248062
0 0.6152694610778443 0.5981912144702842 0.010978043912175649 0.03359173126614987
0 0.6212574850299402 0.5581395348837209 0.010978043912175649 0.03617571059431524
0 0.6007984031936128 0.6059431524547804 0.011976047904191617 0.03875968992248062
0 0.6052894211576846 0.5529715762273901 0.010978043912175649 0.03617571059431524
0 0.5868263473053892 0.5193798449612403 0.005988023952095809 0.020671834625323
0 0.5114770459081837 0.7467700258397932 0.016966067864271458 0.05167958656330749
0 0.48253493013972054 0.6808785529715762 0.018962075848303395 0.059431524547803614
0 0.4595808383233533 0.748062015503876 0.016966067864271458 0.04909560723514212
0 0.4181636726546906 0.7687338501291989 0.021956087824351298 0.06459948320413436
0 0.40718562874251496 0.7144702842377261 0.01996007984031936 0.06459948320413436
0 0.3148702594810379 0.6511627906976745 0.012974051896207584 0.031007751937984496
0 0.3537924151696607 0.6666666666666666 0.014970059880239521 0.046511627906976744
0 0.36177644710578843 0.6421188630490956 0.014970059880239521 0.04909560723514212
0 0.39520958083832336 0.5736434108527132 0.00998003992015968 0.031007751937984496
0 0.3787425149700599 0.5671834625322998 0.012974051896207584 0.03359173126614987
0 0.3907185628742515 0.524547803617571 0.006986027944111776 0.025839793281653745
0 0.40668662674650696 0.5077519379844961 0.006986027944111776 0.023255813953488372
0 0.4625748502994012 0.5607235142118863 0.010978043912175649 0.031007751937984496
0 0.42065868263473055 0.5348837209302325 0.008982035928143712 0.025839793281653745
0 0.4291417165668663 0.5258397932816538 0.007984031936127744 0.028423772609819122
0 0.5384231536926147 0.537467700258398 0.008982035928143712 0.025839793281653745
0 0.5179640718562875 0.6266149870801033 0.013972055888223553 0.04392764857881137
0 0.529441117764471 0.5904392764857881 0.02694610778443114 0.05426356589147287
0 0.5234530938123753 0.5684754521963824 0.010978043912175649 0.031007751937984496
0 0.5144710578842315 0.5478036175710594 0.010978043912175649 0.031007751937984496
0 0.5249500998003992 0.5193798449612403 0.007984031936127744 0.020671834625323
0 0.5139720558882236 0.5503875968992248 0.00998003992015968 0.031007751937984496
0 0.5149700598802395 0.5 0.007984031936127744 0.028423772609819122
0 0.5424151696606786 0.4728682170542636 0.006986027944111776 0.020671834625323
0 0.5094810379241517 0.4806201550387597 0.006986027944111776 0.020671834625323
0 0.4665668662674651 0.541343669250646 0.008982035928143712 0.028423772609819122
0 0.4605788423153693 0.5284237726098191 0.008982035928143712 0.023255813953488372
0 0.4481037924151697 0.5155038759689923 0.007984031936127744 0.023255813953488372
0 0.45808383233532934 0.49224806201550386 0.005988023952095809 0.01808785529715762
0 0.35179640718562877 0.4870801033591731 0.006986027944111776 0.01808785529715762
0 0.4096806387225549 0.4780361757105943 0.00499001996007984 0.015503875968992248
0 0.35578842315369263 0.4263565891472868 0.014970059880239521 0.046511627906976744
0 0.3537924151696607 0.37209302325581395 0.00499001996007984 0.0103359173126615
0 0.3602794411177645 0.4082687338501292 0.00998003992015968 0.06201550387596899
0 0.36826347305389223 0.38113695090439276 0.003992015968063872 0.012919896640826873
0 0.37075848303393216 0.437984496124031 0.010978043912175649 0.04909560723514212
0 0.9620758483033932 0.6214470284237726 0.011976047904191617 0.04909560723514212
0 0.9481037924151696 0.6046511627906976 0.007984031936127744 0.015503875968992248
0 0.6616766467065869 0.5 0.011976047904191617 0.059431524547803614
0 0.7170658682634731 0.5038759689922481 0.00499001996007984 0.03617571059431524
