0 0.6897081413210445 0.5032679738562091 0.021505376344086023 0.05228758169934641
0 0.23271889400921658 0.9656862745098039 0.07219662058371736 0.16666666666666666
0 0.7918586789554531 0.8480392156862745 0.0629800307219662 0.15359477124183007
0 0.6036866359447005 0.7826797385620915 0.05837173579109063 0.19281045751633988
0 0.3195084485407066 0.5130718954248366 0.03686635944700461 0.09803921568627451
0 0.217357910906298 0.8349673202614379 0.05683563748079877 0.14705882352941177
0 0.1674347158218126 0.5245098039215687 0.043010752688172046 0.11437908496732026
0 0.22350230414746544 0.6454248366013072 0.0445468509984639 0.10130718954248366
0 0.2849462365591398 0.5065359477124183 0.019969278033794162 0.05228758169934641
0 0.5821812596006144 0.4820261437908497 0.021505376344086023 0.049019607843137254
0 0.41935483870967744 0.37254901960784315 0.01228878648233487 0.026143790849673203
0 0.30952380952380953 0.35130718954248363 0.013824884792626729 0.029411764705882353
0 0.2642089093701997 0.47058823529411764 0.018433179723502304 0.0457516339869281
0 0.3778801843317972 0.3741830065359477 0.01228878648233487 0.029411764705882353
0 0.3986175115207373 0.38235294117647056 0.010752688172043012 0.032679738562091505
0 0.3402457757296467 0.3709150326797386 0.02304147465437788 0.12091503267973856
0 0.3725038402457757 0.315359477124183 0.007680491551459293 0.016339869281045753
0 0.38632872503840243 0.33169934640522875 0.007680491551459293 0.016339869281045753
0 0.31336405529953915 0.32516339869281047 0.009216589861751152 0.02287581699346405
0 0.46927803379416283 0.38235294117647056 0.010752688172043012 0.026143790849673203
0 0.4508448540706605 0.3758169934640523 0.010752688172043012 0.026143790849673203
0 0.46159754224270355 0.39052287581699346 0.010752688172043012 0.02287581699346405
0 0.4109062980030722 0.380718954248366 0.010752688172043012 0.029411764705882353
0 0.5806451612903226 0.477124183006536 0.015360983102918587 0.0457516339869281
0 0.7649769585253456 0.5 0.021505376344086023 0.05228758169934641
