0 0.49444444444444446 2.8642857142857143 0.028888888888888888 0.18571428571428572
0 0.5322222222222223 2.8857142857142857 0.02 0.12857142857142856
0 0.5972222222222222 2.8642857142857143 0.021111111111111112 0.15714285714285714
0 0.6155555555555555 2.9642857142857144 0.02666666666666667 0.18571428571428572
0 0.6444444444444445 2.9642857142857144 0.006666666666666667 0.04285714285714286
0 0.6583333333333333 2.9892857142857143 0.0077777777777777776 0.05
0 0.6722222222222223 2.960714285714286 0.006666666666666667 0.05
0 0.6844444444444444 3.017857142857143 0.006666666666666667 0.05
0 0.7116666666666667 2.925 0.027777777777777776 0.22142857142857142
0 0.7472222222222222 2.975 0.014444444444444444 0.09285714285714286
0 0.7361111111111112 3.107142857142857 0.016666666666666666 0.32857142857142857
0 0.7811111111111111 2.960714285714286 0.011111111111111112 0.07857142857142857
0 0.8066666666666666 3.0035714285714286 0.008888888888888889 0.06428571428571428
0 0.8361111111111111 2.9214285714285713 0.021111111111111112 0.15714285714285714
0 0.8727777777777778 3.0107142857142857 0.014444444444444444 0.10714285714285714
0 0.8972222222222223 2.982142857142857 0.023333333333333334 0.16428571428571428
0 0.9288888888888889 2.9178571428571427 0.015555555555555555 0.12142857142857143
0 0.9516666666666667 2.9785714285714286 0.01 0.07142857142857142
0 1.095 2.960714285714286 0.016666666666666666 0.10714285714285714
0 1.2016666666666667 2.6964285714285716 0.06777777777777778 0.45
0 1.3811111111111112 3.057142857142857 0.06444444444444444 0.4857142857142857
