0 0.0831758034026465 3.344155844155844 0.04914933837429111 0.4025974025974026
0 0.17107750472589792 3.103896103896104 0.0661625708884688 0.5194805194805194
0 0.15973534971644612 3.0064935064935066 0.05103969754253308 0.42857142857142855
0 0.3705103969754253 2.8636363636363638 0.04914933837429111 0.37662337662337664
0 0.39697542533081287 3.168831168831169 0.06049149338374291 0.4935064935064935
0 0.666351606805293 3.1948051948051948 0.05103969754253308 0.4155844155844156
0 0.8175803402646503 3.292207792207792 0.054820415879017016 0.4805194805194805
0 0.9773156899810964 3.25974025974026 0.06805293005671077 0.5454545454545454
0 1.0434782608695652 3.0974025974025974 0.030245746691871456 0.24675324675324675
0 0.23534971644612476 3.227272727272727 0.020793950850661626 0.16883116883116883
