0 0.9736371760500446 0.9639423076923077 0.049151027703306524 0.3701923076923077
0 0.8668453976764968 1.2283653846153846 0.041108132260947276 0.2548076923076923
0 0.7144772117962467 1.1105769230769231 0.05093833780160858 0.33653846153846156
0 0.47899910634495085 1.3173076923076923 0.032171581769437 0.21153846153846154
0 0.37310098302055406 0.8798076923076923 0.0580875781948168 0.375
0 0.3516532618409294 1.2355769230769231 0.045576407506702415 0.27884615384615385
0 0.15907059874888294 0.9855769230769231 0.05361930294906166 0.4326923076923077
0 0.17292225201072386 1.1057692307692308 0.043789097408400354 0.28846153846153844
0 0.06478999106344951 1.5432692307692308 0.040214477211796246 0.2980769230769231
0 0.027256478999106343 1.4903846153846154 0.020554066130473638 0.10576923076923077
0 0.2287756925826631 1.5264423076923077 0.021447721179624665 0.1201923076923077
