0 0.04265997490589712 1.344387755102041 0.01756587202007528 0.07653061224489796
0 0.060225846925972396 1.4668367346938775 0.02258469259723965 0.07653061224489796
0 0.12296110414052698 1.375 0.02258469259723965 0.10714285714285714
0 0.14429109159347553 1.3571428571428572 0.015056461731493099 0.07142857142857142
0 0.17691342534504392 1.3903061224489797 0.010037641154328732 0.04591836734693878
0 0.19071518193224593 1.4311224489795917 0.01756587202007528 0.0663265306122449
0 0.22772898368883313 1.3622448979591837 0.018820577164366373 0.07142857142857142
0 0.2327478042659975 1.3698979591836735 0.01631116687578419 0.07653061224489796
0 0.2521957340025094 1.3545918367346939 0.0075282308657465494 0.04591836734693878
0 0.2578419071518193 1.4158163265306123 0.011292346298619825 0.04591836734693878
0 0.2835633626097867 1.4005102040816326 0.012547051442910916 0.05612244897959184
0 0.30363864491844417 1.3775510204081634 0.015056461731493099 0.061224489795918366
0 0.3318695106649937 1.3775510204081634 0.013801756587202008 0.07142857142857142
0 0.3607277289836888 1.3801020408163265 0.028858218318695106 0.15816326530612246
0 0.4742785445420326 1.4744897959183674 0.03513174404015056 0.16326530612244897
0 0.5614805520702635 1.4387755102040816 0.04140526976160602 0.1836734693877551
0 0.6141781681304893 1.344387755102041 0.028858218318695106 0.1377551020408163
0 0.6831869510664994 1.4489795918367347 0.013801756587202008 0.061224489795918366
0 0.7427854454203262 1.4107142857142858 0.037641154328732745 0.1989795918367347
0 0.9027603513174404 1.403061224489796 0.06649937264742785 0.2755102040816326
