0 0.6548042704626335 8.1875 0.033214709371293 0.30357142857142855
0 0.693950177935943 8.375 0.033214709371293 0.2857142857142857
0 0.4744958481613286 8.40625 0.02372479240806643 0.24107142857142858
0 0.43119810201660735 8.450892857142858 0.022538552787663108 0.20535714285714285
0 0.3701067615658363 8.299107142857142 0.028469750889679714 0.25892857142857145
0 0.267497034400949 8.272321428571429 0.027283511269276393 0.22321428571428573
0 0.2158956109134045 8.388392857142858 0.014234875444839857 0.13392857142857142
0 0.1423487544483986 8.290178571428571 0.0166073546856465 0.15178571428571427
0 0.03855278766310795 8.321428571428571 0.013048635824436536 0.125
0 0.002372479240806643 8.34375 0.0166073546856465 0.11607142857142858
0 0.04744958481613286 8.308035714285714 0.009489916963226572 0.0625
0 0.6180308422301305 8.946428571428571 0.021352313167259787 0.17857142857142858
0 0.9899169632265717 8.482142857142858 0.00830367734282325 0.07142857142857142
0 0.9051008303677343 8.482142857142858 0.011862396204033215 0.08928571428571429
0 0.9543297746144721 8.517857142857142 0.00830367734282325 0.07142857142857142
0 0.9400948991696323 8.495535714285714 0.00830367734282325 0.0625
0 0.7995255041518387 8.464285714285714 0.0071174377224199285 0.05357142857142857
0 0.7870699881376038 8.5 0.010676156583629894 0.07142857142857142
0 0.3185053380782918 8.433035714285714 0.005931198102016607 0.0625
0 0.23428232502965599 8.392857142857142 0.017793594306049824 0.14285714285714285
