0 0.25653179190751446 1.1433566433566433 0.09549132947976878 0.5524475524475524
0 0.42023121387283235 1.2331002331002332 0.0746820809248555 0.5337995337995338
0 0.5839306358381503 1.6386946386946386 0.07144508670520232 0.4568764568764569
0 0.7197687861271677 1.1876456876456876 0.08647398843930636 0.5477855477855478
0 0.9545664739884393 1.597902097902098 0.058959537572254334 0.30303030303030304
0 0.8657803468208093 1.3991841491841492 0.013641618497109827 0.08041958041958042
0 0.8753757225433526 1.4965034965034965 0.013410404624277457 0.0675990675990676
0 0.8159537572254335 1.398018648018648 0.015260115606936415 0.08041958041958042
0 0.003699421965317919 1.2686480186480187 0.019884393063583816 0.12004662004662005
0 0.04092485549132948 1.3257575757575757 0.019884393063583816 0.10839160839160839
0 0.06 1.3484848484848484 0.018265895953757227 0.10722610722610723
0 0.08624277456647399 1.3502331002331003 0.025895953757225434 0.1456876456876457
0 0.10670520231213873 1.2942890442890442 0.022890173410404623 0.12937062937062938
0 0.13560693641618496 1.381118881118881 0.013179190751445087 0.07226107226107226
0 0.17583815028901734 1.337995337995338 0.016416184971098265 0.07925407925407925
0 0.16578034682080925 1.2733100233100234 0.016647398843930634 0.11072261072261072
0 0.3230057803468208 1.3636363636363635 0.014797687861271676 0.09090909090909091
0 0.35063583815028904 1.332167832167832 0.022890173410404623 0.14918414918414918
0 0.3697109826589595 1.337995337995338 0.013872832369942197 0.08857808857808858
0 0.5035838150289017 1.460955710955711 0.011098265895953757 0.05710955710955711
0 0.5260115606936416 1.4417249417249418 0.008786127167630059 0.055944055944055944
0 0.5949132947976878 1.3752913752913754 0.010635838150289017 0.053613053613053616
