0 1.0170523751522533 1.6605504587155964 0.0097442143727162 0.07339449541284404
0 0.9579780755176613 1.4495412844036697 0.015834348355663823 0.11009174311926606
0 0.9238733252131547 1.68348623853211 0.008526187576126675 0.08256880733944955
0 0.8775883069427527 1.8807339449541285 0.040194884287454324 0.47706422018348627
0 0.8483556638246041 1.68348623853211 0.010962241169305725 0.08256880733944955
0 0.6492082825822169 1.4036697247706422 0.014616321559074299 0.11009174311926606
0 0.6248477466504263 1.6330275229357798 0.0097442143727162 0.07339449541284404
0 0.5645554202192449 1.6926605504587156 0.0060901339829476245 0.045871559633027525
0 0.5426309378806333 1.5321100917431192 0.008526187576126675 0.07339449541284404
0 0.5176613885505481 1.5045871559633028 0.0097442143727162 0.07339449541284404
0 0.4902557856272838 1.518348623853211 0.010962241169305725 0.06422018348623854
0 0.4445797807551766 1.385321100917431 0.012180267965895249 0.09174311926605505
0 0.4110840438489647 1.3256880733944953 0.013398294762484775 0.10091743119266056
0 0.38550548112058464 1.5321100917431192 0.008526187576126675 0.07339449541284404
0 0.3380024360535932 1.5045871559633028 0.008526187576126675 0.07339449541284404
0 0.3166869671132765 1.518348623853211 0.007308160779537149 0.06422018348623854
0 0.2856272838002436 1.591743119266055 0.008526187576126675 0.06422018348623854
0 0.256394640682095 1.6559633027522935 0.008526187576126675 0.06422018348623854
0 0.17600487210718635 1.6422018348623852 0.008526187576126675 0.07339449541284404
0 0.207673568818514 1.6376146788990826 0.008526187576126675 0.08256880733944955
0 0.13885505481120586 1.6376146788990826 0.007308160779537149 0.06422018348623854
0 0.12058465286236297 1.6330275229357798 0.007308160779537149 0.05504587155963303
0 0.026187576126674786 1.7431192660550459 0.008526187576126675 0.09174311926605505
0 0.03836784409257003 1.7293577981651376 0.008526187576126675 0.08256880733944955
0 0.26065773447015833 1.775229357798165 0.029232643118148598 0.3577981651376147
0 0.1394640682095006 1.7568807339449541 0.010962241169305725 0.10091743119266056
