0 0.014834205933682374 0.9620253164556962 0.005235602094240838 0.007594936708860759
0 0.004799301919720768 0.9582278481012658 0.006108202443280977 0.010126582278481013
0 0.047556719022687606 0.9759493670886076 0.006108202443280977 0.010126582278481013
0 0.08856893542757417 0.9715189873417721 0.007853403141361256 0.01139240506329114
0 0.1082024432809773 1.0012658227848101 0.017452006980802792 0.02278481012658228
0 0.09642233856893542 0.9632911392405064 0.007853403141361256 0.010126582278481013
0 0.09293193717277487 0.9645569620253165 0.006108202443280977 0.010126582278481013
0 0.1967713787085515 0.9721518987341772 0.004363001745200698 0.007594936708860759
0 0.24345549738219896 1.000632911392405 0.008726003490401396 0.013924050632911392
0 0.26919720767888305 1.0082278481012659 0.007853403141361256 0.013924050632911392
0 0.2831588132635253 0.9664556962025317 0.004363001745200698 0.006329113924050633
0 0.29537521815008727 0.9607594936708861 0.004363001745200698 0.007594936708860759
0 0.3036649214659686 0.9696202531645569 0.005235602094240838 0.007594936708860759
0 0.32111692844677137 0.9651898734177216 0.005235602094240838 0.008860759493670886
0 0.34773123909249565 0.9841772151898734 0.007853403141361256 0.01139240506329114
0 0.36387434554973824 0.9822784810126582 0.006980802792321117 0.010126582278481013
0 0.4027050610820244 0.9772151898734177 0.006108202443280977 0.010126582278481013
0 0.47033158813263526 1.0012658227848101 0.008726003490401396 0.015189873417721518
0 0.5117801047120419 0.9981012658227848 0.007853403141361256 0.01139240506329114
0 0.5283595113438045 0.9886075949367089 0.007853403141361256 0.012658227848101266
0 0.5178883071553229 0.9822784810126582 0.006108202443280977 0.010126582278481013
0 0.5615183246073299 0.9822784810126582 0.006108202443280977 0.010126582278481013
0 0.5776614310645725 1.0284810126582278 0.010471204188481676 0.0189873417721519
0 0.650523560209424 1.0234177215189872 0.011343804537521814 0.021518987341772152
0 0.6295811518324608 0.9784810126582278 0.006108202443280977 0.010126582278481013
0 0.6378708551483421 0.9816455696202532 0.006980802792321117 0.01139240506329114
0 0.6631762652705061 0.9765822784810126 0.005235602094240838 0.008860759493670886
0 0.68717277486911 0.9746835443037974 0.006108202443280977 0.010126582278481013
0 0.6972076788830716 0.9746835443037974 0.005235602094240838 0.007594936708860759
0 0.7054973821989529 0.9670886075949368 0.004363001745200698 0.007594936708860759
0 0.7277486910994765 0.9670886075949368 0.005235602094240838 0.007594936708860759
0 0.7238219895287958 0.9955696202531645 0.006108202443280977 0.008860759493670886
0 0.7443280977312391 0.9955696202531645 0.006980802792321117 0.01139240506329114
0 0.7691972076788831 1.0031645569620253 0.007853403141361256 0.01139240506329114
0 0.7766143106457243 0.9791139240506329 0.006980802792321117 0.01139240506329114
0 0.7382198952879581 0.9651898734177216 0.005235602094240838 0.006329113924050633
0 0.6265270506108203 0.9696202531645569 0.005235602094240838 0.007594936708860759
0 0.9986910994764397 0.9835443037974684 0.006108202443280977 0.010126582278481013
