0 0.3190743338008415 0.3644067796610169 0.10799438990182328 0.24858757062146894
0 0.24123422159887797 0.3799435028248588 0.06732117812061711 0.1327683615819209
0 0.4158485273492286 0.4576271186440678 0.06872370266479663 0.15819209039548024
0 0.45652173913043476 0.4180790960451977 0.051893408134642355 0.12429378531073447
0 0.3962131837307153 0.3474576271186441 0.0546984572230014 0.10734463276836158
0 0.5946704067321178 0.4406779661016949 0.05890603085553997 0.11299435028248588
0 0.67671809256662 0.3446327683615819 0.07433380084151472 0.1638418079096045
0 0.7671809256661991 0.2584745762711864 0.09537166900420757 0.2231638418079096
0 0.8401122019635343 0.423728813559322 0.061711079943899017 0.12994350282485875
0 0.7335203366058906 0.3290960451977401 0.04488078541374474 0.09887005649717515
0 0.9102384291725105 0.4152542372881356 0.04207573632538569 0.07909604519774012
0 0.9530154277699859 0.556497175141243 0.02664796633941094 0.06779661016949153
0 0.9670406732117812 0.4011299435028249 0.03225806451612903 0.06779661016949153
0 1.0203366058906032 0.3686440677966102 0.03506311360448808 0.07627118644067797
0 1.0532959326788218 0.3813559322033898 0.028050490883590462 0.062146892655367235
0 1.1718092566619915 0.3432203389830508 0.07152875175315568 0.17231638418079095
0 1.1262272089761571 0.403954802259887 0.025245441795231416 0.05084745762711865
