0 0.9001248439450686 1.63 0.04744069912609238 0.35333333333333333
0 0.7759051186017478 1.16 0.04369538077403246 0.38666666666666666
0 0.6392009987515606 1.27 0.052434456928838954 0.38
0 0.5430711610486891 1.3833333333333333 0.052434456928838954 0.36666666666666664
0 0.45318352059925093 1.3266666666666667 0.052434456928838954 0.37333333333333335
0 0.3046192259675406 1.3033333333333332 0.0599250936329588 0.42
0 0.21473158551810237 1.54 0.0599250936329588 0.38666666666666666
0 0.14606741573033707 1.58 0.062421972534332085 0.41333333333333333
0 0.8520599250936329 1.6066666666666667 0.016229712858926344 0.10666666666666667
0 0.9444444444444444 1.5833333333333333 0.016229712858926344 0.1
