0 1.0243781094527362 3.286046511627907 0.04079601990049751 0.1813953488372093
0 1.0203980099502488 3.2209302325581395 0.030845771144278607 0.15348837209302327
0 0.8980099502487562 3.0930232558139537 0.03681592039800995 0.20465116279069767
0 1.046766169154229 2.5511627906976746 0.03582089552238806 0.2186046511627907
0 0.9248756218905473 2.5604651162790697 0.030845771144278607 0.14418604651162792
0 0.8527363184079602 2.5441860465116277 0.029850746268656716 0.14883720930232558
0 1.0059701492537314 2.5395348837209304 0.01990049751243781 0.09302325581395349
0 1.0208955223880598 2.604651162790698 0.015920398009950248 0.07441860465116279
0 0.8338308457711443 2.604651162790698 0.023880597014925373 0.13023255813953488
0 0.8681592039800995 2.5651162790697675 0.020895522388059702 0.10697674418604651
0 0.763681592039801 2.567441860465116 0.026865671641791045 0.13023255813953488
0 0.6611940298507463 2.5790697674418603 0.030845771144278607 0.19069767441860466
0 0.6890547263681592 2.483720930232558 0.026865671641791045 0.15813953488372093
0 0.6527363184079602 2.4511627906976745 0.03383084577114428 0.14883720930232558
