0 1.0767441860465117 1.2432432432432432 0.06356589147286822 0.2594594594594595
0 1.1116279069767443 1.0297297297297296 0.06511627906976744 0.24324324324324326
0 0.9713178294573643 1.2594594594594595 0.06046511627906977 0.2594594594594595
0 0.9682170542635659 1.0972972972972972 0.05426356589147287 0.20540540540540542
0 0.9007751937984496 1.3 0.05891472868217054 0.2756756756756757
0 0.9271317829457364 1.0351351351351352 0.046511627906976744 0.1891891891891892
0 0.8643410852713178 1.1 0.05426356589147287 0.22162162162162163
0 0.8248062015503876 0.9351351351351351 0.05581395348837209 0.21621621621621623
0 0.8093023255813954 1.508108108108108 0.07131782945736434 0.31351351351351353
0 0.7852713178294574 1.2 0.05426356589147287 0.22702702702702704
0 0.6527131782945736 1.6675675675675676 0.06821705426356589 0.31891891891891894
0 0.5302325581395348 1.5216216216216216 0.07751937984496124 0.31891891891891894
0 0.3496124031007752 1.5837837837837838 0.07906976744186046 0.34594594594594597
0 0.710077519379845 1.2945945945945947 0.06201550387596899 0.2864864864864865
0 0.6713178294573643 1.135135135135135 0.05581395348837209 0.2594594594594595
0 0.5705426356589147 1.172972972972973 0.05891472868217054 0.2702702702702703
0 0.4689922480620155 1.3702702702702703 0.06976744186046512 0.3081081081081081
0 0.18914728682170542 1.4351351351351351 0.08992248062015504 0.3837837837837838
0 0.36589147286821705 1.2945945945945947 0.07441860465116279 0.34054054054054056
0 0.7410852713178294 0.9972972972972973 0.04961240310077519 0.23243243243243245
0 0.6573643410852713 0.9432432432432433 0.05271317829457364 0.21081081081081082
0 0.6108527131782946 1.0621621621621622 0.05581395348837209 0.22162162162162163
0 0.5031007751937985 1.0621621621621622 0.06046511627906977 0.25405405405405407
0 0.413953488372093 1.1108108108108108 0.06511627906976744 0.2756756756756757
