0 0.9651162790697675 1.0469613259668509 0.013289036544850499 0.049723756906077346
0 0.9410299003322259 1.0524861878453038 0.014950166112956811 0.049723756906077346
0 0.9617940199335548 1.0027624309392265 0.013289036544850499 0.049723756906077346
0 0.925249169435216 1.0027624309392265 0.009966777408637873 0.03867403314917127
0 0.8878737541528239 0.994475138121547 0.008305647840531562 0.03314917127071823
0 0.872093023255814 1.0524861878453038 0.016611295681063124 0.13812154696132597
0 0.8737541528239202 1.0856353591160222 0.016611295681063124 0.049723756906077346
0 0.8521594684385382 1.0276243093922652 0.009966777408637873 0.03314917127071823
0 0.834717607973422 1.0718232044198894 0.018272425249169437 0.16574585635359115
0 0.8230897009966778 1.069060773480663 0.018272425249169437 0.0718232044198895
0 0.8147840531561462 0.9972375690607734 0.014950166112956811 0.049723756906077346
0 0.782392026578073 1.143646408839779 0.036544850498338874 0.12154696132596685
0 0.6370431893687708 1.0331491712707181 0.011627906976744186 0.04419889502762431
0 0.6835548172757475 1.3204419889502763 0.14451827242524917 0.585635359116022
0 0.49667774086378735 1.270718232044199 0.12624584717607973 0.574585635359116
0 0.3961794019933555 1.1077348066298343 0.018272425249169437 0.0718232044198895
0 0.37790697674418605 0.9972375690607734 0.02159468438538206 0.08287292817679558
0 0.25664451827242524 1.0303867403314917 0.008305647840531562 0.027624309392265192
0 0.16611295681063123 1.0 0.026578073089700997 0.11049723756906077
0 0.09883720930232558 1.0248618784530388 0.011627906976744186 0.049723756906077346
0 0.0888704318936877 1.0276243093922652 0.011627906976744186 0.04419889502762431
0 0.057308970099667775 1.0469613259668509 0.011627906976744186 0.03867403314917127
0 0.03156146179401993 1.0165745856353592 0.013289036544850499 0.04419889502762431
0 0.014119601328903655 1.069060773480663 0.011627906976744186 0.027624309392265192
