0 -0.01888888888888889 0.2826086956521739 0.08 0.22250639386189258
0 0.056666666666666664 0.47058823529411764 0.057777777777777775 0.1278772378516624
0 0.08611111111111111 0.5460358056265985 0.04555555555555556 0.13043478260869565
0 0.12333333333333334 0.5179028132992327 0.02666666666666667 0.0741687979539642
0 0.15333333333333332 0.510230179028133 0.035555555555555556 0.08439897698209718
0 0.19555555555555557 0.510230179028133 0.028888888888888888 0.0639386189258312
0 0.23222222222222222 0.46547314578005117 0.04 0.10741687979539642
0 0.275 0.5 0.043333333333333335 0.09974424552429667
0 0.29 0.5089514066496164 0.024444444444444446 0.07672634271099744
0 0.35055555555555556 0.47570332480818417 0.034444444444444444 0.09207161125319693
0 0.36277777777777775 0.4936061381074169 0.023333333333333334 0.06649616368286446
0 0.43944444444444447 0.5076726342710998 0.034444444444444444 0.0792838874680307
0 0.4772222222222222 0.45012787723785164 0.03888888888888889 0.09718670076726342
0 0.5216666666666666 0.5 0.034444444444444444 0.08951406649616368
0 0.5211111111111111 0.49744245524296676 0.035555555555555556 0.08951406649616368
0 0.5672222222222222 0.530690537084399 0.025555555555555557 0.0639386189258312
0 0.6055555555555555 0.44501278772378516 0.03111111111111111 0.09207161125319693
0 0.6638888888888889 0.5524296675191815 0.012222222222222223 0.03580562659846547
0 0.7011111111111111 0.5025575447570333 0.03333333333333333 0.0792838874680307
0 0.7272222222222222 0.4462915601023018 0.034444444444444444 0.08951406649616368
0 0.7877777777777778 0.4514066496163683 0.042222222222222223 0.11508951406649616
0 0.825 0.5537084398976982 0.027777777777777776 0.0741687979539642
0 0.9344444444444444 0.5191815856777494 0.013333333333333334 0.04092071611253197
