0 0.0842911877394636 1.8495145631067962 0.03065134099616858 0.22330097087378642
0 0.1724137931034483 2.029126213592233 0.017879948914431672 0.1553398058252427
0 0.39527458492975737 2.1067961165048543 0.011494252873563218 0.0970873786407767
0 0.51213282247765 1.8786407766990292 0.020434227330779056 0.18446601941747573
0 0.5510855683269477 2.033980582524272 0.016602809706257982 0.1262135922330097
0 0.5632183908045977 2.087378640776699 0.01532567049808429 0.11650485436893204
0 0.6028097062579821 2.2281553398058254 0.01277139208173691 0.08737864077669903
0 0.6251596424010217 2.058252427184466 0.0140485312899106 0.11650485436893204
0 0.6500638569604087 2.0728155339805827 0.01532567049808429 0.1262135922330097
0 0.6634738186462324 2.1359223300970873 0.006385696040868455 0.05825242718446602
0 0.6794380587484036 2.033980582524272 0.01277139208173691 0.08737864077669903
0 0.6966794380587484 2.412621359223301 0.031928480204342274 0.32038834951456313
0 0.7177522349936143 1.912621359223301 0.035759897828863345 0.2912621359223301
0 0.7592592592592593 1.8300970873786409 0.03959131545338442 0.33980582524271846
0 0.8633461047254151 2.0825242718446604 0.01532567049808429 0.10679611650485436
0 0.9022988505747126 2.1262135922330097 0.008939974457215836 0.07766990291262135
0 1.0044699872286078 2.533980582524272 0.04469987228607918 0.2524271844660194
0 1.000638569604087 1.9466019417475728 0.024265644955300127 0.14563106796116504
0 1.0625798212005109 2.058252427184466 0.01277139208173691 0.0970873786407767
