0 0.9869144490873103 1.0850713501646543 0.02968990543215307 0.06769118185144529
0 0.9223663954255553 1.1220270764727405 0.02683087750164944 0.059641419685327476
0 0.9108203210908291 1.0953165020124405 0.018253793710138553 0.03476033662641786
0 0.8645260611392127 1.0733626051957557 0.011436111722014515 0.020856201975850714
0 0.7964592038706839 1.0867178924259056 0.009896635144051022 0.021222100256128796
0 0.8094347921706619 1.066410537870472 0.009016934242357598 0.019392608854738383
0 0.754783373652958 1.062202707647274 0.009236859467780955 0.016831320892791803
0 0.7644600835715857 1.0561653860226856 0.008357158566087531 0.01353823637028906
0 0.7753463822300418 1.0607391145261618 0.006817681988124038 0.013904134650567142
0 0.7236639542555531 1.0724478594950604 0.008577083791510886 0.019758507135016465
0 0.7268528700241917 1.0433589462129529 0.006597756762700682 0.012806439809732895
0 0.7189355619089509 1.0479326747164288 0.004838354959313834 0.010245151847786316
0 0.7053001979327029 1.0534211489206 0.00615790631185397 0.011708744968898645
0 0.702881020453046 1.0437248444932308 0.0052782054101605455 0.009879253567508232
0 0.6863866285462943 1.0378704720087815 0.006597756762700682 0.011342846688620564
0 0.6917747965691665 1.1317233809001097 0.016934242357598415 0.03293084522502744
0 0.6543875082471959 1.1293450420783022 0.014734990103364856 0.03476033662641786
0 0.6343743127336705 1.115075009147457 0.015174840554211567 0.031833150384193196
0 0.5922586320650979 1.1103183315038418 0.01627446668132835 0.03329674350530552
0 0.6036947437871124 1.0976948408342482 0.013635363976248076 0.03293084522502744
0 0.5649879041126017 1.0998902305159166 0.015394765779634924 0.033662641785583605
0 0.580932482955795 1.1000731796560557 0.012975588299978007 0.029637760702524697
0 0.5952276226083132 1.0911086717892426 0.012975588299978007 0.024149286498353458
0 0.6080932482955795 1.0894621295279912 0.014075214427094787 0.028174167581412366
0 0.5530019793270288 1.093304061470911 0.016054541455904993 0.02854006586169045
0 0.5346382230041786 1.1158068057080133 0.015394765779634924 0.03329674350530552
0 0.5174840554211568 1.1053787047200878 0.016714317132175062 0.03293084522502744
0 0.5311194193974049 1.0942188071716064 0.014954915328788213 0.03110135382363703
0 0.4863646360237519 1.0965971459934138 0.01341543875082472 0.030735455543358946
0 0.49208269188475917 1.0779363336992316 0.01781394325929184 0.03293084522502744
0 0.5007697382889817 1.0815953165020125 0.012755663074554651 0.027808269301134284
0 0.44457884319331425 1.1081229418221734 0.014295139652518144 0.027442371020856202
0 0.46525181438310975 1.1055616538602269 0.012975588299978007 0.029637760702524697
0 0.42060699362216847 1.0960482985729967 0.01341543875082472 0.02597877789974387
0 0.39597536837475256 1.0852542993047933 0.012535737849131295 0.02341748993779729
0 0.42313613371453707 1.0717160629345042 0.0145150648779415 0.027808269301134284
0 0.4073015174840554 1.0775704354189535 0.010556410820321091 0.018294914013904134
0 0.35122058500109965 1.0775704354189535 0.013195513525401364 0.026344676180021953
0 0.38728832197053004 1.0667764361507501 0.01231581262370794 0.023783388218075376
0 0.386958434132395 1.044273691913648 0.005498130635583902 0.010976948408342482
0 0.40158346162304814 1.0557994877424075 0.004838354959313834 0.008415660446395901
0 0.4027930503628766 1.0504939626783754 0.005498130635583902 0.010245151847786316
0 0.4069716296459204 1.0475667764361507 0.0063778315372773255 0.010976948408342482
0 0.4219265449747086 1.0475667764361507 0.0063778315372773255 0.012440541529454811
0 0.42423575984165385 1.0479326747164288 0.005718055861007257 0.010976948408342482
0 0.43369254453485817 1.0479326747164288 0.0052782054101605455 0.010976948408342482
0 0.43897074994501867 1.035858031467252 0.004838354959313834 0.008781558726673985
0 0.4731691224983506 1.0076838638858396 0.002419177479656917 0.005122575923893158
0 0.441939740488234 1.0512257592389316 0.006817681988124038 0.015367727771679473
0 0.45612491752804046 1.0554335894621296 0.0052782054101605455 0.010611050128064398
0 0.46382230041785794 1.05726308086352 0.008357158566087531 0.018660812294182216
0 0.4781174400703761 1.0453713867544823 0.005718055861007257 0.008781558726673985
0 0.4807565427754563 1.0508598609586535 0.006597756762700682 0.012440541529454811
0 0.48713437431273365 1.0481156238565679 0.004398504508467121 0.009147457006952067
0 0.49626127116780294 1.0428100987925357 0.005498130635583902 0.00951335528723015
0 0.5217725973169123 1.0504939626783754 0.0063778315372773255 0.010976948408342482
0 0.5399164284143392 1.0470179290157335 0.005718055861007257 0.011342846688620564
0 0.5696063338464922 1.0466520307354557 0.00615790631185397 0.012074643249176729
0 0.5791730811524082 1.0477497255762898 0.0063778315372773255 0.012806439809732895
0 0.590499230261711 1.0422612513721186 0.003958654057620409 0.007683863885839737
0 0.5969870244117 1.0545188437614343 0.008137233340664175 0.015367727771679473
0 0.5955575104464482 1.0475667764361507 0.005718055861007257 0.010245151847786316
0 0.6073235100065978 1.0515916575192097 0.0063778315372773255 0.010976948408342482
0 0.5988563888277986 1.0296377607025247 0.003958654057620409 0.00804976216611782
0 0.6177699582142072 1.061287961946579 0.007477457664394106 0.01646542261251372
0 0.6149109302837036 1.0287230150018294 0.004398504508467121 0.007683863885839737
0 0.6238179019133495 1.048664471276985 0.006817681988124038 0.011708744968898645
0 0.6295359577743567 1.0503110135382363 0.005937981086430614 0.012074643249176729
0 0.6329447987684187 1.0338455909257227 0.0052782054101605455 0.009147457006952067
0 0.6380030789531559 1.035858031467252 0.003958654057620409 0.00804976216611782
0 0.6447107983285683 1.0347603366264178 0.003738728832197053 0.006586169045005488
0 0.6406421816582362 1.0545188437614343 0.00615790631185397 0.013172338090010977
0 0.655377171761601 1.071167215514087 0.011436111722014515 0.020856201975850714
0 0.6521882559929624 1.0601902671057446 0.011216186496591158 0.018660812294182216
0 0.6419617330107763 1.0287230150018294 0.003078953155926985 0.004756677643615075
0 0.6541675830217726 1.0289059641419684 0.003298878381350341 0.006586169045005488
0 0.6593358258192215 1.0347603366264178 0.003958654057620409 0.007317965605561654
0 0.6639542555531119 1.0261617270398828 0.003518803606773697 0.005488474204171241
0 0.6591159005937981 1.0464690815953166 0.00615790631185397 0.010976948408342482
0 0.6570266109522762 1.0547017929015734 0.0063778315372773255 0.01353823637028906
0 0.6526281064438091 1.061653860226857 0.009896635144051022 0.017929015733626052
0 0.6687926105124258 1.0779363336992316 0.007477457664394106 0.0190267105744603
0 0.6798988343963053 1.0836077570435418 0.008137233340664175 0.017197219173069888
0 0.6925445348581483 1.0618368093669959 0.010556410820321091 0.021953896816684963
0 0.6805586100725753 1.0492133186974022 0.00725753243897075 0.012806439809732895
0 0.6652738069056521 1.0517746066593487 0.00615790631185397 0.012806439809732895
0 0.671431713217506 1.0521405049396269 0.006597756762700682 0.011342846688620564
0 0.6999120299098307 0.27332601536772777 0.0015394765779634925 0.0021953896816684962
