0 0.32924961715160794 0.9423076923076923 0.033690658499234305 0.11538461538461539
0 0.49310872894333846 1.0168269230769231 0.045941807044410414 0.15865384615384615
0 0.5930321592649311 0.96875 0.03598774885145482 0.1201923076923077
0 0.6868300153139357 1.0276442307692308 0.03215926493108729 0.10336538461538461
0 0.7656967840735069 1.1598557692307692 0.015313935681470138 0.05048076923076923
0 0.8920367534456355 1.0396634615384615 0.02909647779479326 0.11298076923076923
0 0.9869831546707504 1.0264423076923077 0.021439509954058193 0.07692307692307693
0 0.9322358346094947 0.7956730769230769 0.009954058192955589 0.038461538461538464
0 0.7113323124042878 1.0348557692307692 0.016845329249617153 0.06490384615384616
0 0.6466309341500766 1.0985576923076923 0.01914241960183767 0.0625
0 0.5340735068912711 0.9579326923076923 0.028330781010719754 0.0889423076923077
0 0.277947932618683 0.9771634615384616 0.02450229709035222 0.09375
0 0.22052067381316998 1.0120192307692308 0.019908116385911178 0.08653846153846154
0 0.13208269525267993 0.96875 0.0222052067381317 0.08653846153846154
0 0.08231240428790199 0.9278846153846154 0.0222052067381317 0.09134615384615384
0 0.003445635528330781 0.9867788461538461 0.011485451761102604 0.06009615384615385
0 0.013782542113323124 0.984375 0.013782542113323124 0.05048076923076923
0 0.032542113323124046 1.0276442307692308 0.008422664624808576 0.03125
0 0.16424196018376722 1.0120192307692308 0.008422664624808576 0.028846153846153848
0 0.19065849923430322 1.0168269230769231 0.010719754977029096 0.03365384615384615
0 0.2105666156202144 0.9939903846153846 0.016845329249617153 0.055288461538461536
0 0.25267993874425726 1.0216346153846154 0.019908116385911178 0.07692307692307693
0 0.39012251148545174 0.9819711538461539 0.01914241960183767 0.07451923076923077
0 0.3625574272588055 0.9338942307692307 0.01761102603369066 0.07451923076923077
0 0.43376722817764163 1.0324519230769231 0.009954058192955589 0.036057692307692304
0 0.4513782542113323 1.0528846153846154 0.008422664624808576 0.03365384615384615
0 0.7442572741194488 0.7956730769230769 0.004594180704441042 0.014423076923076924
0 0.7346860643185299 0.7896634615384616 0.0038284839203675345 0.016826923076923076
0 0.6780245022970903 0.7896634615384616 0.0038284839203675345 0.016826923076923076
0 0.5007656967840735 0.7848557692307693 0.004594180704441042 0.016826923076923076
0 0.4942572741194487 0.8245192307692307 0.009954058192955589 0.08653846153846154
0 0.39586523736600304 0.7848557692307693 0.0030627871362940277 0.01201923076923077
0 0.3874425727411945 0.7896634615384616 0.0030627871362940277 0.01201923076923077
0 0.3663859111791731 0.828125 0.01454823889739663 0.09375
