0 1.0799031476997578 4.023809523809524 0.03389830508474576 0.16883116883116883
0 0.8238498789346247 4.025974025974026 0.03268765133171913 0.1471861471861472
0 0.687046004842615 4.5562770562770565 0.03026634382566586 0.08225108225108226
0 0.6483050847457628 4.012987012987013 0.035108958837772396 0.1645021645021645
0 0.612590799031477 3.982683982683983 0.01937046004842615 0.07792207792207792
0 0.4794188861985472 4.437229437229437 0.0387409200968523 0.18181818181818182
0 0.33777239709443097 3.9740259740259742 0.0387409200968523 0.18181818181818182
0 0.32506053268765134 3.948051948051948 0.025423728813559324 0.11255411255411256
0 0.31840193704600483 3.8874458874458875 0.021791767554479417 0.09523809523809523
0 0.17433414043583534 4.545454545454546 0.0387409200968523 0.11255411255411256
0 0.18825665859564164 4.06926406926407 0.03268765133171913 0.1471861471861472
0 0.23426150121065376 4.0 0.025423728813559324 0.1038961038961039
0 0.11682808716707022 4.062770562770563 0.039951573849878935 0.15151515151515152
0 0.162227602905569 3.826839826839827 0.009685230024213076 0.04329004329004329
0 0.5914043583535109 3.965367965367965 0.018159806295399514 0.07792207792207792
