0 1.1266666666666667 0.9382022471910112 0.057777777777777775 0.11797752808988764
0 0.9355555555555556 0.8707865168539326 0.045925925925925926 0.09550561797752809
0 0.5777777777777777 0.9508426966292135 0.07407407407407407 0.16573033707865167
0 0.48518518518518516 0.8904494382022472 0.04888888888888889 0.1348314606741573
0 0.4192592592592593 0.898876404494382 0.03851851851851852 0.08426966292134831
0 0.3851851851851852 0.8455056179775281 0.044444444444444446 0.09550561797752809
0 0.3207407407407407 0.9719101123595506 0.03111111111111111 0.07865168539325842
0 0.1725925925925926 0.8651685393258427 0.034074074074074076 0.07865168539325842
0 0.17333333333333334 0.7401685393258427 0.02074074074074074 0.047752808988764044
0 0.702962962962963 0.9353932584269663 0.037037037037037035 0.0898876404494382
0 0.7822222222222223 0.8721910112359551 0.044444444444444446 0.09831460674157304
0 0.74 0.8918539325842697 0.034074074074074076 0.08146067415730338
