0 0.03601414052143173 4.44 0.026071586389748123 0.10153846153846154
0 0.10362350861688024 4.447692307692308 0.02342023862129916 0.09538461538461539
0 0.1137870083959346 4.381538461538462 0.01723376049491825 0.055384615384615386
0 0.13985859478568272 4.408461538461538 0.0136986301369863 0.06615384615384616
0 0.1973044631020769 4.427692307692308 0.016349977905435263 0.06769230769230769
0 0.24436588599204595 4.453076923076923 0.02209456473707468 0.0876923076923077
0 0.26933274414494035 4.440769230769231 0.02342023862129916 0.10307692307692308
0 0.1789659743703049 4.415384615384616 0.013256738842244807 0.046153846153846156
0 0.21034025629695094 4.3938461538461535 0.009721608484312859 0.043076923076923075
0 0.22823685373398145 4.422307692307692 0.007512152010605391 0.03538461538461538
0 0.207688908528502 4.5053846153846155 0.015024304021210782 0.06615384615384616
0 0.2976137870083959 4.498461538461538 0.018117543084401236 0.06461538461538462
0 0.3513035793194874 4.455384615384616 0.014140521431727796 0.06769230769230769
0 0.37450287229341583 4.456153846153846 0.012814847547503314 0.06
0 0.4078656650463986 4.5053846153846155 0.009721608484312859 0.03538461538461538
0 0.4326115775519222 4.611538461538461 0.009721608484312859 0.03230769230769231
0 0.45249668581528946 4.430769230769231 0.011489173663278833 0.05846153846153846
0 0.4670790985417587 4.462307692307692 0.011489173663278833 0.04461538461538461
0 0.4796730004418913 4.5053846153846155 0.009279717189571365 0.038461538461538464
0 0.5380026513477685 4.559230769230769 0.019885108263367212 0.08461538461538462
0 0.5749005744586831 4.492307692307692 0.02209456473707468 0.09230769230769231
0 0.5952275740167918 4.476923076923077 0.022978347326557666 0.08923076923076922
0 0.6354396818382678 4.480769230769231 0.022978347326557666 0.09384615384615384
0 0.6115775519222272 4.49923076923077 0.011489173663278833 0.04461538461538461
0 0.6869200176756518 4.493076923076923 0.014582412726469289 0.06307692307692307
0 0.7028281042863456 4.506153846153846 0.015466195315952275 0.06153846153846154
0 0.7529827662395051 4.51 0.009721608484312859 0.038461538461538464
0 0.7783915156871409 4.516923076923077 0.01104728236853734 0.046153846153846156
0 0.8018117543084401 4.484615384615385 0.015466195315952275 0.06153846153846154
0 0.83429076447194 4.518461538461539 0.040653999116217414 0.2
0 0.8908528501988511 4.515384615384615 0.05302695536897923 0.2123076923076923
0 0.8643393725143614 4.555384615384615 0.040653999116217414 0.20307692307692307
0 0.9374723817940787 4.63 0.037560760053026956 0.16153846153846155
0 0.9818824569155987 4.518461538461539 0.011489173663278833 0.04923076923076923
0 1.0022094564737074 4.616923076923077 0.0415377817057004 0.2
0 0.3811312417145382 4.4107692307692306 0.012814847547503314 0.052307692307692305
