0 0.7723387723387724 0.5020689655172413 0.029526029526029528 0.06620689655172414
0 0.8721833721833722 0.5103448275862069 0.031857031857031856 0.06896551724137931
0 1.0077700077700078 0.4903448275862069 0.010878010878010878 0.020689655172413793
0 0.9759129759129759 0.503448275862069 0.009324009324009324 0.019310344827586208
0 0.9848484848484849 0.49448275862068963 0.008547008547008548 0.015172413793103448
0 0.9553224553224553 0.5 0.008547008547008548 0.020689655172413793
0 0.9351204351204351 0.49724137931034484 0.010101010101010102 0.01793103448275862
0 0.7175602175602176 0.48413793103448277 0.008547008547008548 0.019310344827586208
0 0.7303807303807304 0.4882758620689655 0.00777000777000777 0.016551724137931035
0 0.7466977466977467 0.49517241379310345 0.004662004662004662 0.008275862068965517
0 0.7381507381507382 0.4924137931034483 0.004662004662004662 0.011034482758620689
0 0.6670551670551671 0.48137931034482756 0.005439005439005439 0.011034482758620689
0 0.64996114996115 0.4827586206896552 0.005439005439005439 0.011034482758620689
0 0.6266511266511267 0.48344827586206895 0.003885003885003885 0.006896551724137931
0 0.6227661227661228 0.47793103448275864 0.005439005439005439 0.009655172413793104
0 0.5955710955710956 0.4917241379310345 0.005439005439005439 0.012413793103448275
0 0.5808080808080808 0.4889655172413793 0.005439005439005439 0.009655172413793104
0 0.5582750582750583 0.476551724137931 0.005439005439005439 0.009655172413793104
0 0.5644910644910645 0.48482758620689653 0.005439005439005439 0.009655172413793104
0 0.5718725718725719 0.48137931034482756 0.004662004662004662 0.008275862068965517
0 0.5046620046620046 0.4786206896551724 0.005439005439005439 0.011034482758620689
0 0.4887334887334887 0.4731034482758621 0.004662004662004662 0.008275862068965517
0 0.473970473970474 0.47586206896551725 0.00777000777000777 0.016551724137931035
0 0.426961926961927 0.4724137931034483 0.008547008547008548 0.01793103448275862
0 0.4331779331779332 0.46620689655172415 0.006993006993006993 0.016551724137931035
