0 0.08414396887159534 0.9958333333333333 0.037937743190661476 0.20833333333333334
0 0.029182879377431907 0.7104166666666667 0.023346303501945526 0.1375
0 0.08073929961089495 0.7333333333333333 0.023346303501945526 0.14166666666666666
0 0.2174124513618677 0.9375 0.053501945525291826 0.3333333333333333
0 0.47616731517509725 1.1229166666666666 0.05544747081712062 0.29583333333333334
0 0.622568093385214 1.05625 0.06031128404669261 0.2875
0 0.8404669260700389 0.7166666666666667 0.058365758754863814 0.2916666666666667
0 0.9236381322957199 0.70625 0.07879377431906615 0.3958333333333333
0 0.9849221789883269 0.8166666666666667 0.0651750972762646 0.325
0 0.8015564202334631 0.9395833333333333 0.05058365758754864 0.2791666666666667
0 0.747568093385214 0.9333333333333333 0.04182879377431906 0.26666666666666666
0 0.6288910505836576 0.8354166666666667 0.04182879377431906 0.1875
0 0.521887159533074 0.65625 0.07101167315175097 0.30416666666666664
0 0.681420233463035 0.7041666666666667 0.04571984435797665 0.21666666666666667
0 0.6673151750972762 0.6229166666666667 0.03696498054474708 0.17083333333333334
0 0.666828793774319 0.46875 0.03404669260700389 0.20416666666666666
0 0.6653696498054474 0.61875 0.033073929961089495 0.17916666666666667
0 0.7276264591439688 0.44375 0.027237354085603113 0.15416666666666667
0 0.6921206225680934 0.4083333333333333 0.024319066147859923 0.14166666666666666
0 0.7913424124513618 0.5104166666666666 0.01848249027237354 0.07916666666666666
0 0.6536964980544747 0.3375 0.023346303501945526 0.13333333333333333
0 0.6113813229571985 0.3625 0.026264591439688716 0.125
0 0.6026264591439688 0.54375 0.02821011673151751 0.14583333333333334
0 0.5836575875486382 0.6395833333333333 0.048638132295719845 0.2125
0 0.5598249027237354 0.35625 0.020428015564202335 0.09583333333333334
0 0.5398832684824902 0.38958333333333334 0.023346303501945526 0.12083333333333333
0 0.5671206225680934 0.5479166666666667 0.02529182879377432 0.1375
0 0.5107003891050583 0.37083333333333335 0.017509727626459144 0.10833333333333334
0 0.48151750972762647 0.44375 0.021400778210116732 0.1125
0 0.48784046692607 0.40208333333333335 0.016536964980544747 0.09583333333333334
0 0.45330739299610895 0.35208333333333336 0.01556420233463035 0.09583333333333334
0 0.428988326848249 0.3875 0.01556420233463035 0.09166666666666666
0 0.428988326848249 0.3875 0.01556420233463035 0.09166666666666666
0 0.446011673151751 0.5479166666666667 0.02821011673151751 0.1625
0 0.4571984435797665 0.61875 0.029182879377431907 0.1625
0 0.48638132295719844 0.6208333333333333 0.05058365758754864 0.275
0 0.39056420233463035 0.40625 0.037937743190661476 0.17916666666666667
0 0.38715953307393 0.6791666666666667 0.06420233463035019 0.30833333333333335
0 0.313715953307393 0.5604166666666667 0.05155642023346303 0.25416666666666665
0 0.2733463035019455 0.6458333333333334 0.06420233463035019 0.31666666666666665
0 0.2193579766536965 0.5270833333333333 0.03988326848249027 0.24583333333333332
0 0.35700389105058367 0.34791666666666665 0.01556420233463035 0.07916666666666666
0 0.10651750972762646 0.5125 0.01264591439688716 0.06666666666666667
0 0.11284046692607004 0.3958333333333333 0.013618677042801557 0.06666666666666667
0 0.0933852140077821 0.41458333333333336 0.013618677042801557 0.0625
0 0.06857976653696499 0.46875 0.01264591439688716 0.07083333333333333
0 0.04571984435797665 0.38958333333333334 0.013618677042801557 0.0625
0 0.1566147859922179 0.35833333333333334 0.013618677042801557 0.06666666666666667
0 0.11332684824902724 0.55 0.010700389105058366 0.058333333333333334
