0 0.0732484076433121 1.632867132867133 0.016560509554140127 0.11888111888111888
0 0.12101910828025478 1.6748251748251748 0.015286624203821656 0.09090909090909091
0 0.13184713375796178 1.7902097902097902 0.02165605095541401 0.13986013986013987
0 0.17452229299363056 1.8006993006993006 0.015286624203821656 0.1048951048951049
0 0.08025477707006369 1.8566433566433567 0.030573248407643312 0.20279720279720279
0 0.1554140127388535 1.8041958041958042 0.033121019108280254 0.1958041958041958
0 0.20191082802547772 1.7202797202797202 0.03694267515923567 0.23776223776223776
0 0.2464968152866242 1.5874125874125875 0.011464968152866241 0.08391608391608392
0 0.2751592356687898 1.597902097902098 0.012738853503184714 0.07692307692307693
0 0.2968152866242038 1.6643356643356644 0.02038216560509554 0.0979020979020979
0 0.31337579617834393 1.5734265734265733 0.012738853503184714 0.08391608391608392
0 0.3343949044585987 1.6013986013986015 0.014012738853503185 0.0979020979020979
0 0.34968152866242036 1.6013986013986015 0.011464968152866241 0.06993006993006994
0 0.3681528662420382 1.6013986013986015 0.01019108280254777 0.055944055944055944
0 0.44331210191082804 1.548951048951049 0.007643312101910828 0.04895104895104895
0 0.4624203821656051 1.6468531468531469 0.007643312101910828 0.03496503496503497
0 0.4445859872611465 1.8041958041958042 0.012738853503184714 0.06993006993006994
0 0.4751592356687898 1.6643356643356644 0.022929936305732482 0.15384615384615385
0 0.34267515923566877 1.951048951048951 0.04076433121019108 0.2517482517482518
0 0.42356687898089174 1.8356643356643356 0.03949044585987261 0.24475524475524477
0 0.5178343949044586 1.5909090909090908 0.008917197452229299 0.04895104895104895
0 0.5031847133757962 1.667832167832168 0.015286624203821656 0.09090909090909091
0 0.5210191082802548 1.7447552447552448 0.02038216560509554 0.11888111888111888
0 0.5726114649681529 1.534965034965035 0.008917197452229299 0.06293706293706294
0 0.5898089171974522 1.5419580419580419 0.01019108280254777 0.04895104895104895
0 0.6140127388535032 1.583916083916084 0.007643312101910828 0.06293706293706294
0 0.621656050955414 1.6503496503496504 0.022929936305732482 0.13986013986013987
0 0.6203821656050955 1.7832167832167831 0.030573248407643312 0.16783216783216784
0 0.6885350318471337 1.6503496503496504 0.034394904458598725 0.2097902097902098
0 0.7127388535031847 1.7762237762237763 0.008917197452229299 0.06993006993006994
0 0.7273885350318471 1.6223776223776223 0.012738853503184714 0.06993006993006994
0 0.7560509554140128 1.6608391608391608 0.016560509554140127 0.09090909090909091
0 0.79171974522293 1.6398601398601398 0.014012738853503185 0.1048951048951049
0 0.8191082802547771 1.5944055944055944 0.012738853503184714 0.08391608391608392
0 0.8789808917197452 1.5874125874125875 0.01019108280254777 0.055944055944055944
0 0.8821656050955414 1.7132867132867133 0.011464968152866241 0.055944055944055944
0 0.8968152866242038 1.6083916083916083 0.007643312101910828 0.04195804195804196
0 0.9171974522292994 1.632867132867133 0.01019108280254777 0.06293706293706294
0 0.9318471337579618 1.5874125874125875 0.014012738853503185 0.08391608391608392
0 0.9732484076433121 1.6013986013986015 0.02038216560509554 0.11188811188811189
0 0.989171974522293 1.5594405594405594 0.02165605095541401 0.1258741258741259
