0 1.3362573099415205 5.610169491525424 0.017543859649122806 0.2033898305084746
0 1.2426900584795322 5.1525423728813555 0.025341130604288498 0.23728813559322035
0 1.2124756335282652 5.0508474576271185 0.02729044834307992 0.2711864406779661
0 1.2037037037037037 5.296610169491525 0.03313840155945419 0.3220338983050847
0 1.1432748538011697 4.991525423728813 0.03313840155945419 0.3220338983050847
0 1.0799220272904484 5.067796610169491 0.023391812865497075 0.1694915254237288
0 1.010721247563353 5.737288135593221 0.017543859649122806 0.15254237288135594
0 1.0029239766081872 5.279661016949152 0.021442495126705652 0.15254237288135594
0 0.956140350877193 5.466101694915254 0.017543859649122806 0.15254237288135594
0 0.878167641325536 5.305084745762712 0.017543859649122806 0.1694915254237288
0 0.942495126705653 5.186440677966102 0.017543859649122806 0.2033898305084746
0 0.9181286549707602 5.228813559322034 0.011695906432748537 0.11864406779661017
0 0.7553606237816765 5.127118644067797 0.005847953216374269 0.05084745762711865
0 0.7378167641325536 5.177966101694915 0.009746588693957114 0.0847457627118644
0 0.7105263157894737 5.271186440677966 0.017543859649122806 0.4067796610169492
0 0.7241715399610137 5.279661016949152 0.017543859649122806 0.3898305084745763
0 0.6578947368421053 5.194915254237288 0.009746588693957114 0.0847457627118644
0 0.6432748538011696 5.228813559322034 0.007797270955165692 0.05084745762711865
0 0.6179337231968811 5.279661016949152 0.015594541910331383 0.15254237288135594
0 0.5526315789473685 5.1440677966101696 0.009746588693957114 0.0847457627118644
0 0.5360623781676414 5.110169491525424 0.007797270955165692 0.0847457627118644
0 0.48927875243664715 5.101694915254237 0.011695906432748537 0.1016949152542373
0 0.41130604288499023 5.1440677966101696 0.011695906432748537 0.11864406779661017
0 0.37524366471734893 5.101694915254237 0.01364522417153996 0.13559322033898305
0 0.3508771929824561 5.135593220338983 0.011695906432748537 0.13559322033898305
