0 0.06287425149700598 2.0083333333333333 0.036783575705731396 0.13
0 0.1680923866552609 1.7933333333333332 0.05389221556886228 0.22666666666666666
0 0.2570573139435415 1.955 0.017964071856287425 0.09
0 0.09751924721984602 1.9833333333333334 0.015397775876817793 0.08
0 0.30196749358426006 1.645 0.032506415739948676 0.15
0 0.3455945252352438 1.745 0.03592814371257485 0.13666666666666666
0 0.3973481608212147 1.6633333333333333 0.033361847733105215 0.14
0 0.46749358426005133 1.7133333333333334 0.023096663815226688 0.1
0 0.4871685201026518 1.77 0.016253207869974338 0.08
0 0.5089820359281437 1.8366666666666667 0.022241231822070145 0.12
0 0.5684345594525235 1.8816666666666666 0.019674935842600515 0.08333333333333333
0 0.6723695466210436 1.59 0.06330196749358426 0.29333333333333333
0 0.6171941830624466 1.76 0.01454234388366125 0.07333333333333333
0 0.8310521813515825 1.7633333333333334 0.019674935842600515 0.08666666666666667
0 0.8721129170230967 1.7716666666666667 0.011120615911035072 0.043333333333333335
0 0.723267750213858 1.7183333333333333 0.019674935842600515 0.09
0 0.7544910179640718 1.7616666666666667 0.010265183917878529 0.043333333333333335
0 0.7780153977758768 1.8933333333333333 0.007698887938408896 0.03333333333333333
0 0.7929854576561164 1.7633333333333334 0.010265183917878529 0.04666666666666667
0 0.80196749358426 1.765 0.011120615911035072 0.05
0 0.9059024807527801 1.7166666666666666 0.020530367835757058 0.08
0 0.932420872540633 1.7433333333333334 0.013686911890504704 0.05333333333333334
0 0.9627887082976904 1.705 0.01283147989734816 0.05
0 0.9910179640718563 1.755 0.009409751924721984 0.03666666666666667
0 1.0171086398631308 1.74 0.00855431993156544 0.03333333333333333
0 1.0312232677502138 1.7283333333333333 0.011120615911035072 0.043333333333333335
0 1.0389221556886228 1.745 0.011120615911035072 0.043333333333333335
0 0.38323353293413176 1.6233333333333333 0.06159110350727117 0.25333333333333335
0 0.8887938408896493 1.7366666666666666 0.006843455945252352 0.02666666666666667
0 0.8524379811804962 1.765 0.007698887938408896 0.03
0 0.7660393498716852 1.7766666666666666 0.007698887938408896 0.03333333333333333
