0 0.7398720682302772 4.6421052631578945 0.0255863539445629 0.3157894736842105
0 1.0639658848614073 4.447368421052632 0.042643923240938165 0.49473684210526314
0 0.447228144989339 4.942105263157894 0.03304904051172708 0.3894736842105263
0 0.3267590618336887 4.973684210526316 0.035181236673773986 0.45263157894736844
0 0.19562899786780383 4.931578947368421 0.054371002132196165 0.5157894736842106
0 0.1396588486140725 4.689473684210526 0.04477611940298507 0.4105263157894737
0 0.09808102345415778 4.463157894736842 0.0255863539445629 0.2736842105263158
0 0.24680170575692964 4.594736842105263 0.013859275053304905 0.15789473684210525
0 0.27452025586353945 4.536842105263158 0.011727078891257996 0.12631578947368421
0 0.27878464818763327 4.526315789473684 0.013859275053304905 0.16842105263157894
0 0.2979744136460554 4.510526315789473 0.013859275053304905 0.1368421052631579
0 0.3272921108742004 4.568421052631579 0.01279317697228145 0.10526315789473684
0 0.4035181236673774 4.657894736842105 0.013859275053304905 0.15789473684210525
0 0.48081023454157784 4.668421052631579 0.014925373134328358 0.17894736842105263
0 0.5191897654584222 4.589473684210526 0.019189765458422176 0.21052631578947367
0 0.6279317697228145 4.563157894736842 0.019189765458422176 0.2
0 0.5927505330490405 4.521052631578947 0.021321961620469083 0.22105263157894736
0 0.5570362473347548 4.578947368421052 0.007462686567164179 0.08421052631578947
0 0.5730277185501066 4.6 0.007462686567164179 0.08421052631578947
0 0.6071428571428571 4.621052631578947 0.009594882729211088 0.10526315789473684
0 0.48880597014925375 4.594736842105263 0.013859275053304905 0.17894736842105263
0 0.5367803837953091 4.684210526315789 0.009594882729211088 0.10526315789473684
0 0.4578891257995736 4.521052631578947 0.007462686567164179 0.09473684210526316
0 0.4525586353944563 4.526315789473684 0.009594882729211088 0.08421052631578947
0 0.43923240938166314 4.526315789473684 0.006396588486140725 0.06315789473684211
0 0.4312366737739872 4.5 0.005330490405117271 0.05263157894736842
