0 0.13783160322952712 3.0206489675516224 0.06113033448673587 0.18289085545722714
0 0.18166089965397925 2.976401179941003 0.04498269896193772 0.13569321533923304
0 0.22202998846597463 2.9365781710914454 0.04267589388696655 0.12094395280235988
0 0.2946943483275663 2.9306784660766962 0.04498269896193772 0.13864306784660768
0 0.3621683967704729 3.0147492625368733 0.05074971164936563 0.12389380530973451
0 0.4129181084198385 2.9793510324483776 0.0461361014994233 0.15339233038348082
0 0.4232987312572088 2.864306784660767 0.03690888119953864 0.11209439528023599
0 0.7133794694348328 2.9808259587020647 0.058823529411764705 0.15634218289085547
0 0.6418685121107266 2.9926253687315634 0.05420991926182238 0.16224188790560473
0 0.6453287197231834 2.868731563421829 0.04498269896193772 0.10914454277286136
0 0.7998846597462514 2.9631268436578173 0.04498269896193772 0.1504424778761062
0 0.8292964244521338 3.075221238938053 0.0530565167243368 0.17404129793510326
0 0.9452133794694348 2.971976401179941 0.04498269896193772 0.14454277286135694
