0 0.4423076923076923 2.7410714285714284 0.08193979933110368 0.5178571428571429
0 0.41387959866220736 2.7589285714285716 0.07190635451505016 0.5
0 0.3403010033444816 2.2767857142857144 0.04180602006688963 0.26785714285714285
0 0.3779264214046823 2.138392857142857 0.030100334448160536 0.1875
0 0.5392976588628763 2.2544642857142856 0.03177257525083612 0.20535714285714285
0 0.6755852842809364 2.111607142857143 0.03678929765886288 0.20535714285714285
0 0.7934782608695652 2.2857142857142856 0.028428093645484948 0.19642857142857142
0 0.681438127090301 2.580357142857143 0.05518394648829431 0.35714285714285715
0 0.7525083612040134 2.607142857142857 0.07357859531772576 0.39285714285714285
0 0.9172240802675585 2.642857142857143 0.048494983277591976 0.32142857142857145
0 0.9665551839464883 2.59375 0.05351170568561873 0.3482142857142857
0 1.1321070234113713 2.625 0.06020066889632107 0.35714285714285715
0 1.2959866220735785 2.65625 0.046822742474916385 0.3125
0 1.161371237458194 2.71875 0.04180602006688963 0.29464285714285715
0 1.088628762541806 2.625 0.04013377926421405 0.23214285714285715
0 1.0108695652173914 2.205357142857143 0.028428093645484948 0.16071428571428573
