0 0.02315914489311164 0.9394463667820069 0.0059382422802850355 0.01730103806228374
0 0.020783847980997625 1.0536332179930796 0.010688836104513063 0.031141868512110725
0 0.05819477434679335 0.8961937716262975 0.004750593824228029 0.01384083044982699
0 0.06353919239904988 0.9204152249134948 0.0059382422802850355 0.01384083044982699
0 0.032660332541567694 0.8875432525951558 0.0059382422802850355 0.01730103806228374
0 0.08669833729216152 0.9567474048442907 0.007125890736342043 0.01730103806228374
0 0.27969121140142517 0.9826989619377162 0.017814726840855107 0.09688581314878893
0 0.27256532066508316 0.9809688581314879 0.017814726840855107 0.08650519031141868
0 0.2678147268408551 0.9619377162629758 0.0059382422802850355 0.01384083044982699
0 0.23159144893111638 0.9359861591695502 0.004750593824228029 0.01730103806228374
0 0.24465558194774348 0.9394463667820069 0.004750593824228029 0.01730103806228374
0 0.08966745843230403 1.1505190311418685 0.015439429928741092 0.03806228373702422
0 0.18824228028503562 1.1055363321799307 0.010688836104513063 0.031141868512110725
0 0.342042755344418 1.0622837370242215 0.026128266033254157 0.1245674740484429
0 0.35748218527315917 1.0121107266435987 0.007125890736342043 0.02422145328719723
0 0.37589073634204273 1.0069204152249136 0.00831353919239905 0.020761245674740483
0 0.41211401425178146 1.019031141868512 0.007125890736342043 0.02422145328719723
0 0.44299287410926363 1.032871972318339 0.007125890736342043 0.031141868512110725
0 0.4507125890736342 1.0207612456747406 0.00831353919239905 0.02768166089965398
0 0.503562945368171 1.0311418685121108 0.007125890736342043 0.02768166089965398
0 0.5195961995249406 1.0311418685121108 0.0059382422802850355 0.020761245674740483
0 0.5926365795724465 1.0103806228373702 0.007125890736342043 0.02768166089965398
0 0.6015439429928741 0.9930795847750865 0.0059382422802850355 0.020761245674740483
0 0.6134204275534442 1.0242214532871972 0.00831353919239905 0.02768166089965398
0 0.6152019002375297 0.986159169550173 0.007125890736342043 0.020761245674740483
0 0.6193586698337292 0.9705882352941176 0.0059382422802850355 0.01730103806228374
0 0.6306413301662708 0.972318339100346 0.007125890736342043 0.020761245674740483
0 0.6383610451306413 0.9740484429065744 0.0059382422802850355 0.01730103806228374
0 0.6454869358669834 0.9826989619377162 0.0059382422802850355 0.01384083044982699
0 0.6656769596199525 0.9930795847750865 0.0059382422802850355 0.020761245674740483
0 0.6793349168646081 0.9584775086505191 0.007125890736342043 0.020761245674740483
0 0.6929928741092637 0.9498269896193772 0.0059382422802850355 0.01730103806228374
0 0.7114014251781473 0.9307958477508651 0.004750593824228029 0.01384083044982699
0 0.7220902612826603 0.9134948096885813 0.004750593824228029 0.01384083044982699
0 0.7648456057007126 1.1678200692041523 0.011876484560570071 0.04498269896193772
0 0.8117577197149644 0.9775086505190311 0.0059382422802850355 0.01730103806228374
0 0.7785035629453682 0.9550173010380623 0.0059382422802850355 0.020761245674740483
0 0.7577197149643705 0.9948096885813149 0.007125890736342043 0.02422145328719723
0 0.6858669833729216 0.9982698961937716 0.00831353919239905 0.02422145328719723
0 0.6033254156769596 1.0674740484429066 0.011876484560570071 0.031141868512110725
0 0.5855106888361045 1.1089965397923875 0.007125890736342043 0.02422145328719723
0 0.5688836104513064 1.1141868512110726 0.009501187648456057 0.02768166089965398
0 0.6460807600950119 1.2283737024221453 0.014251781472684086 0.04844290657439446
0 0.6300475059382423 1.1868512110726643 0.010688836104513063 0.03460207612456748
0 0.584916864608076 1.2716262975778547 0.013064133016627079 0.03806228373702422
0 0.584916864608076 1.1955017301038062 0.013064133016627079 0.04498269896193772
0 0.5807600950118765 1.3996539792387543 0.0166270783847981 0.0657439446366782
0 0.5742280285035629 1.472318339100346 0.017814726840855107 0.0657439446366782
0 0.5207838479809976 1.4186851211072664 0.022565320665083134 0.07612456747404844
0 0.5409738717339667 1.1747404844290656 0.013064133016627079 0.05190311418685121
0 0.48990498812351546 1.2006920415224913 0.015439429928741092 0.04844290657439446
0 0.45902612826603323 1.273356401384083 0.013064133016627079 0.04844290657439446
0 0.413895486935867 1.3373702422145328 0.017814726840855107 0.04498269896193772
0 0.40439429928741094 1.273356401384083 0.015439429928741092 0.05536332179930796
0 0.3473871733966746 1.3373702422145328 0.020190023752969122 0.058823529411764705
0 0.3527315914489311 1.2698961937716262 0.011876484560570071 0.04152249134948097
0 0.3010688836104513 1.527681660899654 0.022565320665083134 0.08650519031141868
0 0.29513064133016625 1.4083044982698962 0.020190023752969122 0.07612456747404844
0 0.2505938242280285 1.5103806228373702 0.023752969121140142 0.058823529411764705
0 0.28741092636579574 1.3131487889273357 0.019002375296912115 0.058823529411764705
