0 0.6239612188365651 1.2112068965517242 0.04016620498614958 0.28448275862068967
0 0.7382271468144044 1.4267241379310345 0.036011080332409975 0.2672413793103448
0 0.685595567867036 1.5560344827586208 0.0221606648199446 0.14655172413793102
0 0.8836565096952909 1.3103448275862069 0.036011080332409975 0.2413793103448276
0 0.868421052631579 1.6810344827586208 0.013850415512465374 0.08620689655172414
0 1.0609418282548477 1.4827586206896552 0.024930747922437674 0.1724137931034483
0 1.0948753462603877 1.6293103448275863 0.02077562326869806 0.15517241379310345
0 1.1426592797783934 2.0 0.019390581717451522 0.13793103448275862
0 1.131578947368421 1.5258620689655173 0.024930747922437674 0.1724137931034483
0 0.7894736842105263 1.6293103448275863 0.01662049861495845 0.10344827586206896
0 0.8213296398891967 1.6379310344827587 0.01662049861495845 0.13793103448275862
0 0.564404432132964 1.5344827586206897 0.02631578947368421 0.1896551724137931
0 0.3981994459833795 1.581896551724138 0.029085872576177285 0.23275862068965517
0 0.36634349030470914 1.728448275862069 0.02077562326869806 0.12931034482758622
0 0.3220221606648199 1.6982758620689655 0.02077562326869806 0.1206896551724138
0 0.25761772853185594 1.7198275862068966 0.0221606648199446 0.12931034482758622
0 0.2984764542936288 1.7456896551724137 0.015235457063711912 0.11206896551724138
0 0.36149584487534625 1.7456896551724137 0.01662049861495845 0.11206896551724138
0 0.16551246537396122 1.728448275862069 0.018005540166204988 0.12931034482758622
0 0.19667590027700832 1.668103448275862 0.013850415512465374 0.07758620689655173
0 0.21537396121883656 1.7629310344827587 0.012465373961218837 0.09482758620689655
0 0.15997229916897507 1.4827586206896552 0.015235457063711912 0.10344827586206896
0 1.1385041551246537 1.375 0.013850415512465374 0.09482758620689655
