0 0.040780141843971635 0.3329015544041451 0.05555555555555555 0.13730569948186527
0 0.040780141843971635 0.327720207253886 0.05319148936170213 0.13730569948186527
0 0.1566193853427896 0.30958549222797926 0.03900709219858156 0.10621761658031088
0 0.1908983451536643 0.2189119170984456 0.06028368794326241 0.14766839378238342
0 0.21690307328605202 0.3380829015544041 0.07210401891252956 0.18911917098445596
0 0.2706855791962175 0.34067357512953367 0.03309692671394799 0.08549222797927461
0 0.3747044917257683 0.2616580310880829 0.04491725768321513 0.12435233160621761
0 0.4580378250591017 0.2033678756476684 0.07446808510638298 0.19430051813471502
0 0.6365248226950354 0.24870466321243523 0.05555555555555555 0.18134715025906736
0 0.741725768321513 0.2979274611398964 0.07210401891252956 0.19170984455958548
0 0.9816784869976359 0.2927461139896373 0.06264775413711583 0.17616580310880828
