0 0.8754480286738351 2.294392523364486 0.034050179211469536 0.22429906542056074
0 0.9336917562724014 2.3271028037383177 0.02867383512544803 0.14953271028037382
0 0.921594982078853 2.4345794392523366 0.024193548387096774 0.14953271028037382
0 0.7096774193548387 2.352803738317757 0.03225806451612903 0.2102803738317757
0 0.671594982078853 2.4369158878504673 0.03494623655913978 0.21962616822429906
0 0.6388888888888888 2.3317757009345796 0.03225806451612903 0.19626168224299065
0 0.5685483870967742 2.4182242990654204 0.03494623655913978 0.19158878504672897
0 0.4789426523297491 2.4088785046728973 0.0528673835125448 0.37850467289719625
0 0.5183691756272402 2.5303738317757007 0.04390681003584229 0.2850467289719626
0 0.3673835125448029 2.207943925233645 0.035842293906810034 0.22897196261682243
0 0.2132616487455197 2.4018691588785046 0.03942652329749104 0.29906542056074764
0 0.10349462365591398 2.22196261682243 0.06182795698924731 0.397196261682243
0 0.5206093189964157 2.336448598130841 0.017921146953405017 0.11214953271028037
0 0.6196236559139785 2.3621495327102804 0.015232974910394265 0.08878504672897196
0 1.0577956989247312 2.1705607476635516 0.02956989247311828 0.17289719626168223
