0 1.0014177693761814 0.7632211538461539 0.008506616257088847 0.026442307692307692
0 0.9395085066162571 0.7896634615384616 0.011342155009451797 0.03125
0 0.23109640831758035 0.9326923076923077 0.0330812854442344 0.10576923076923077
0 0.31143667296786387 0.9555288461538461 0.023629489603024575 0.07451923076923077
0 0.3799621928166352 0.9423076923076923 0.01890359168241966 0.07211538461538461
0 0.45132325141776936 1.0 0.031190926275992438 0.08173076923076923
0 0.45746691871455575 0.9375 0.022684310018903593 0.0625
0 0.5146502835538752 0.9459134615384616 0.01984877126654064 0.06009615384615385
0 0.5236294896030246 0.9819711538461539 0.022684310018903593 0.0889423076923077
0 0.5760869565217391 0.9615384615384616 0.02930056710775047 0.07692307692307693
0 0.7013232514177694 0.9290865384615384 0.03969754253308128 0.13701923076923078
0 0.7495274102079396 0.9074519230769231 0.034026465028355386 0.0985576923076923
0 0.7618147448015122 0.9266826923076923 0.02835538752362949 0.0985576923076923
0 0.7982041587901701 0.8786057692307693 0.017958412098298678 0.04567307692307692
0 0.8180529300567108 0.9771634615384616 0.023629489603024575 0.06490384615384616
0 0.8492438563327032 0.859375 0.03497164461247637 0.0985576923076923
0 0.9068998109640832 0.9002403846153846 0.02551984877126654 0.07451923076923077
0 0.9385633270321361 0.9278846153846154 0.026465028355387523 0.08173076923076923
