0 1.0482336956521738 1.428813559322034 0.06929347826086957 0.2135593220338983
0 0.907608695652174 1.2728813559322034 0.06793478260869565 0.2
0 0.7479619565217391 1.3101694915254238 0.06657608695652174 0.20677966101694914
0 0.608016304347826 1.4610169491525424 0.06657608695652174 0.21016949152542372
0 0.45040760869565216 1.4491525423728813 0.07201086956521739 0.24067796610169492
0 0.25271739130434784 1.347457627118644 0.08152173913043478 0.2542372881355932
0 0.17391304347826086 0.747457627118644 0.06521739130434782 0.1864406779661017
0 0.27377717391304346 0.7813559322033898 0.06657608695652174 0.17288135593220338
0 0.37160326086956524 0.8305084745762712 0.05298913043478261 0.17627118644067796
0 0.453804347826087 0.8355932203389831 0.04891304347826087 0.16610169491525423
0 0.532608695652174 0.6559322033898305 0.059782608695652176 0.17288135593220338
0 0.6399456521739131 0.7423728813559322 0.059782608695652176 0.19661016949152543
0 0.7275815217391305 0.8796610169491526 0.05570652173913043 0.17288135593220338
0 0.8213315217391305 0.864406779661017 0.05298913043478261 0.1694915254237288
0 0.9191576086956522 0.7576271186440678 0.05570652173913043 0.1864406779661017
0 1.0040760869565217 0.8050847457627118 0.06521739130434782 0.19322033898305085
0 1.1331521739130435 1.3542372881355933 0.016304347826086956 0.04406779661016949
