0 0.11182519280205655 1.7760416666666667 0.05912596401028278 0.2708333333333333
0 0.2847043701799486 1.6484375 0.04498714652956298 0.21354166666666666
0 0.08033419023136247 1.53125 0.032133676092544985 0.125
0 0.243573264781491 1.5208333333333333 0.016709511568123392 0.07291666666666667
0 0.17866323907455012 1.4322916666666667 0.04627249357326478 0.19791666666666666
0 0.38688946015424164 1.7005208333333333 0.03598971722365039 0.171875
0 0.36632390745501286 1.6302083333333333 0.028277634961439587 0.125
0 0.5212082262210797 1.7864583333333333 0.04498714652956298 0.20833333333333334
0 0.4877892030848329 1.7213541666666667 0.03470437017994859 0.171875
0 0.40167095115681234 1.59375 0.016709511568123392 0.07291666666666667
0 0.4434447300771208 1.5807291666666667 0.010282776349614395 0.057291666666666664
0 0.4402313624678663 1.5182291666666667 0.011568123393316195 0.046875
0 0.6413881748071979 1.7421875 0.030848329048843187 0.13020833333333334
0 0.6690231362467867 1.59375 0.02956298200514139 0.13541666666666666
0 0.6870179948586118 1.6692708333333333 0.016709511568123392 0.078125
0 0.7410025706940874 1.5963541666666667 0.019280205655526992 0.078125
0 0.7969151670951157 1.5598958333333333 0.02313624678663239 0.09895833333333333
0 0.8682519280205655 1.6510416666666667 0.021850899742930592 0.08333333333333333
0 0.9061696658097687 1.5885416666666667 0.02056555269922879 0.08333333333333333
0 0.949228791773779 1.59375 0.021850899742930592 0.11458333333333333
0 1.0347043701799485 1.734375 0.05912596401028278 0.21875
