0 0.6572289156626506 0.5720081135902637 0.12891566265060242 0.23123732251521298
0 0.7789156626506024 0.6379310344827587 0.12409638554216867 0.2616632860040568
0 0.8018072289156627 0.46754563894523327 0.09759036144578313 0.20081135902636918
0 0.9259036144578313 0.1845841784989858 0.056626506024096385 0.12170385395537525
0 0.6903614457831325 0.13995943204868155 0.07710843373493977 0.15010141987829614
0 0.45843373493975903 0.1643002028397566 0.08072289156626505 0.15415821501014199
0 0.5228915662650603 0.18255578093306288 0.0746987951807229 0.1460446247464503
0 0.6277108433734939 0.23935091277890466 0.04578313253012048 0.09330628803245436
0 0.7530120481927711 0.23225152129817445 0.03855421686746988 0.06693711967545639
0 0.8746987951807229 0.14807302231237324 0.024096385542168676 0.04462474645030426
0 0.8313253012048193 0.20689655172413793 0.03614457831325301 0.056795131845841784
0 0.7777108433734939 0.18255578093306288 0.03975903614457831 0.08113590263691683
0 0.6457831325301204 0.12880324543610547 0.03614457831325301 0.07505070993914807
0 0.6090361445783132 0.14503042596348883 0.03493975903614458 0.07505070993914807
0 0.5704819277108434 0.14300202839756593 0.04457831325301205 0.07505070993914807
0 0.07168674698795181 0.0922920892494929 0.08795180722891566 0.1845841784989858
0 0.16265060240963855 0.05070993914807302 0.10120481927710843 0.1744421906693712
0 0.23313253012048193 0.035496957403651115 0.06385542168674699 0.14807302231237324
0 0.31867469879518073 0.05476673427991886 0.08072289156626505 0.1460446247464503
