0 0.8759162303664921 2.2088607594936707 0.03455497382198953 0.26582278481012656
0 0.7424083769633508 2.0632911392405062 0.041884816753926704 0.26582278481012656
0 0.7801047120418848 2.221518987341772 0.031413612565445025 0.189873417721519
0 0.7204188481675393 2.3354430379746836 0.0356020942408377 0.21518987341772153
0 0.6392670157068063 2.240506329113924 0.030366492146596858 0.21518987341772153
0 0.5544502617801047 2.300632911392405 0.028272251308900525 0.25949367088607594
0 0.5785340314136126 2.170886075949367 0.024083769633507852 0.189873417721519
0 0.506806282722513 1.9525316455696202 0.02931937172774869 0.1962025316455696
0 0.5298429319371728 2.189873417721519 0.02931937172774869 0.189873417721519
0 0.46282722513089003 2.1107594936708862 0.020942408376963352 0.1962025316455696
0 0.43350785340314135 2.1772151898734178 0.02931937172774869 0.20253164556962025
0 0.4157068062827225 2.0727848101265822 0.023036649214659685 0.18354430379746836
0 0.3633507853403141 1.9050632911392404 0.02931937172774869 0.189873417721519
0 0.3146596858638743 1.9841772151898733 0.032460732984293195 0.23417721518987342
0 0.2764397905759162 1.8322784810126582 0.0356020942408377 0.25949367088607594
0 0.23089005235602095 1.9240506329113924 0.030366492146596858 0.21518987341772153
0 0.17172774869109947 1.8291139240506329 0.03769633507853403 0.24050632911392406
0 0.10575916230366492 1.7626582278481013 0.0356020942408377 0.23417721518987342
0 0.650261780104712 2.3037974683544302 0.025130890052356022 0.16455696202531644
