0 0.1764361078546307 1.4448979591836735 0.10199296600234467 0.37551020408163266
0 0.38159437280187575 1.3387755102040817 0.038686987104337635 0.13877551020408163
0 0.05803048065650645 1.4551020408163264 0.031652989449003514 0.1346938775510204
0 0.26670574443141853 1.4122448979591837 0.029308323563892145 0.1306122448979592
0 0.3552168815943728 1.2897959183673469 0.03751465416178194 0.1306122448979592
0 0.4056271981242673 1.3428571428571427 0.02579132473622509 0.11428571428571428
0 0.4988276670574443 1.4918367346938775 0.03634232121922626 0.15918367346938775
0 0.5902696365767878 1.4836734693877551 0.04337631887456037 0.17551020408163265
0 0.6465416178194607 1.542857142857143 0.03399765533411489 0.16326530612244897
0 0.6805392731535757 1.3755102040816327 0.038686987104337635 0.17142857142857143
0 0.8669402110199297 1.4326530612244899 0.0246189917936694 0.12244897959183673
0 0.9384525205158265 1.3938775510204082 0.03634232121922626 0.14285714285714285
0 0.9566236811254396 1.263265306122449 0.023446658851113716 0.08571428571428572
0 0.9103165298944901 1.3081632653061224 0.026963657678780773 0.10204081632653061
0 0.7473622508792497 1.4653061224489796 0.04337631887456037 0.15510204081632653
0 0.712778429073857 1.3061224489795917 0.02813599062133646 0.09795918367346938
0 0.761430246189918 1.2755102040816326 0.015240328253223915 0.06938775510204082
0 0.7842907385697538 1.263265306122449 0.01875732708089097 0.06938775510204082
0 0.809495896834701 1.2591836734693878 0.01992966002344666 0.07755102040816327
0 0.04689331770222743 1.279591836734694 0.02579132473622509 0.11836734693877551
0 0.134232121922626 1.2306122448979593 0.012895662368112544 0.053061224489795916
0 0.11078546307151231 1.2897959183673469 0.0246189917936694 0.09795918367346938
0 0.19988276670574442 1.2061224489795919 0.008206330597889801 0.036734693877551024
0 0.2256740914419695 1.236734693877551 0.015240328253223915 0.0653061224489796
0 0.2508792497069168 1.2408163265306122 0.01875732708089097 0.08163265306122448
0 0.4296600234466589 1.2816326530612245 0.01992966002344666 0.09795918367346938
0 0.47889800703399765 1.273469387755102 0.017584994138335287 0.08163265306122448
0 0.48182883939038684 1.389795918367347 0.02813599062133646 0.11020408163265306
0 0.5357561547479485 1.3183673469387756 0.03985932004689332 0.16326530612244897
0 0.5515826494724502 1.2673469387755103 0.017584994138335287 0.061224489795918366
0 0.6242672919109027 1.2102040816326531 0.01992966002344666 0.07755102040816327
0 0.645369284876905 1.2959183673469388 0.017584994138335287 0.07755102040816327
