0 0.07511737089201878 2.323529411764706 0.009389671361502348 0.058823529411764705
0 0.08509389671361503 2.5555555555555554 0.01995305164319249 0.11764705882352941
0 0.15258215962441316 2.480392156862745 0.018779342723004695 0.1111111111111111
0 0.2482394366197183 2.5163398692810457 0.017605633802816902 0.10457516339869281
0 0.38967136150234744 2.5686274509803924 0.01643192488262911 0.10457516339869281
0 0.4102112676056338 2.735294117647059 0.02464788732394366 0.17647058823529413
0 0.5557511737089202 2.366013071895425 0.015258215962441314 0.10457516339869281
0 0.6238262910798122 2.4411764705882355 0.012910798122065728 0.09803921568627451
0 0.6508215962441315 2.34640522875817 0.012910798122065728 0.10457516339869281
0 0.6913145539906104 2.3790849673202614 0.014084507042253521 0.0915032679738562
0 0.6965962441314554 2.450980392156863 0.017605633802816902 0.10457516339869281
0 0.7059859154929577 2.3758169934640523 0.015258215962441314 0.1111111111111111
0 0.7347417840375586 2.418300653594771 0.01643192488262911 0.11764705882352941
0 0.5551643192488263 2.2712418300653594 0.011737089201877934 0.0718954248366013
0 0.5686619718309859 2.2516339869281046 0.01056338028169014 0.058823529411764705
0 0.511150234741784 2.235294117647059 0.012910798122065728 0.0784313725490196
0 0.5070422535211268 2.1862745098039214 0.009389671361502348 0.058823529411764705
0 0.40023474178403756 2.1241830065359477 0.009389671361502348 0.05228758169934641
0 0.3767605633802817 2.19281045751634 0.011737089201877934 0.0718954248366013
0 0.32805164319248825 2.150326797385621 0.005868544600938967 0.05228758169934641
0 0.3039906103286385 2.1699346405228757 0.009389671361502348 0.05228758169934641
0 0.3004694835680751 2.2058823529411766 0.009389671361502348 0.058823529411764705
0 0.2828638497652582 2.2483660130718954 0.011737089201877934 0.06535947712418301
0 0.3104460093896714 2.2516339869281046 0.01056338028169014 0.058823529411764705
0 0.25880281690140844 2.189542483660131 0.01056338028169014 0.06535947712418301
0 0.2312206572769953 2.215686274509804 0.009389671361502348 0.06535947712418301
0 0.21244131455399062 2.173202614379085 0.011737089201877934 0.0718954248366013
0 0.198943661971831 2.2483660130718954 0.012910798122065728 0.0784313725490196
