0 0.19408945686900958 0.6697080291970803 0.07188498402555911 0.20072992700729927
0 0.26198083067092653 0.781021897810219 0.04472843450479233 0.12408759124087591
0 0.3226837060702875 0.8321167883211679 0.03194888178913738 0.08029197080291971
0 0.38498402555910544 0.7445255474452555 0.04792332268370607 0.145985401459854
0 0.4289137380191693 0.7901459854014599 0.036741214057507986 0.11313868613138686
0 0.505591054313099 0.8120437956204379 0.036741214057507986 0.10583941605839416
0 0.5575079872204473 0.916058394160584 0.019169329073482427 0.051094890510948905
0 0.5910543130990416 0.7791970802919708 0.03514376996805112 0.09124087591240876
0 0.6853035143769968 0.9087591240875912 0.01597444089456869 0.0364963503649635
0 0.7212460063897763 0.9032846715328468 0.020766773162939296 0.04744525547445255
0 0.8146964856230032 0.8521897810218978 0.05750798722044728 0.11313868613138686
0 0.8170926517571885 0.7554744525547445 0.06230031948881789 0.16058394160583941
0 0.8746006389776357 0.8302919708029197 0.036741214057507986 0.10583941605839416
0 0.9329073482428115 0.8156934306569343 0.04792332268370607 0.11313868613138686
0 1.0694888178913737 0.8175182481751825 0.04313099041533546 0.10218978102189781
