0 0.021997621878715814 1.4634703196347032 0.0178359096313912 0.0684931506849315
0 0.036860879904875146 1.4748858447488584 0.014268727705112961 0.0639269406392694
0 0.20630202140309156 1.4908675799086757 0.01070154577883472 0.0593607305936073
0 0.2568370986920333 1.4977168949771689 0.009512485136741973 0.045662100456621
0 0.34244946492271106 1.45662100456621 0.009512485136741973 0.045662100456621
0 0.4946492271105826 1.4863013698630136 0.007134363852556481 0.0319634703196347
0 0.6004756242568371 1.4908675799086757 0.0047562425683709865 0.0228310502283105
0 0.6105826397146255 1.4840182648401827 0.005945303210463734 0.0273972602739726
0 0.6272294887039239 1.4908675799086757 0.005945303210463734 0.0228310502283105
0 0.6438763376932224 1.4817351598173516 0.005945303210463734 0.0228310502283105
0 0.6623067776456599 1.5114155251141552 0.0047562425683709865 0.0182648401826484
0 0.7324613555291319 1.5022831050228311 0.0047562425683709865 0.0182648401826484
0 0.7431629013079667 1.5547945205479452 0.007134363852556481 0.0228310502283105
0 0.7502972651605232 1.5022831050228311 0.007134363852556481 0.0273972602739726
0 0.7621878715814506 1.5182648401826484 0.007134363852556481 0.0319634703196347
0 0.8513674197384067 1.4977168949771689 0.007134363852556481 0.0273972602739726
0 0.9785969084423306 1.504566210045662 0.02140309155766944 0.0958904109589041
0 0.9447086801426873 1.5114155251141552 0.013079667063020214 0.0547945205479452
0 0.9417360285374554 1.5205479452054795 0.011890606420927468 0.045662100456621
