0 1.0545489591364687 0.9886018237082067 0.030454895913646876 0.1474164133738602
0 1.0491518889745566 0.5691489361702128 0.03662297609868928 0.1899696048632219
0 0.9909406322282189 0.6344984802431611 0.03122590593677718 0.135258358662614
0 0.9296453353893601 0.6139817629179332 0.03122590593677718 0.16109422492401215
0 0.8585196607555898 0.6694528875379939 0.03546646106399383 0.18085106382978725
0 0.8492675404780262 0.4673252279635258 0.026214340786430222 0.12006079027355623
0 0.8290285273708559 0.2507598784194529 0.02274479568234387 0.1094224924012158
0 0.7873939861218195 0.6276595744680851 0.03353893600616808 0.1641337386018237
0 0.8060909791827294 0.3951367781155015 0.02235929067077872 0.11854103343465046
0 0.7147262914417888 0.7796352583586627 0.03084040092521203 0.1458966565349544
0 0.648804934464148 0.7735562310030395 0.026985350809560524 0.1458966565349544
0 0.5774865073245952 1.1101823708206686 0.02467232074016962 0.12006079027355623
0 0.5732459521973786 0.7545592705167173 0.029298380878951428 0.16869300911854104
0 0.5312259059367772 0.7788753799392097 0.027756360832690823 0.15045592705167174
0 0.46858134155744025 0.709726443768997 0.026599845797995375 0.12462006079027356
0 0.38955281418658444 0.9992401215805471 0.02428681572860447 0.135258358662614
0 0.41518889745566695 0.6740121580547113 0.029298380878951428 0.16869300911854104
0 0.3128373168851195 0.925531914893617 0.029683885890516577 0.1519756838905775
0 0.31784888203546646 0.8366261398176292 0.030454895913646876 0.15653495440729484
0 0.2609868928296068 0.8639817629179332 0.027756360832690823 0.14437689969604864
0 0.2528912875867386 0.7621580547112462 0.03315343099460293 0.1595744680851064
0 0.2018118735543562 0.9308510638297872 0.027370855821125674 0.12613981762917933
0 0.1809946029298381 0.8016717325227963 0.03122590593677718 0.1656534954407295
0 0.08326908249807248 0.797112462006079 0.026985350809560524 0.12006079027355623
0 0.1202775636083269 0.7424012158054711 0.036237471087124135 0.1656534954407295
0 0.2787201233616037 0.4696048632218845 0.025443330763299923 0.1398176291793313
0 0.33191981495759443 0.5372340425531915 0.02235929067077872 0.12917933130699089
0 0.3872397841171935 0.45440729483282677 0.02428681572860447 0.11246200607902736
0 0.4379336931380108 0.5851063829787234 0.02235929067077872 0.11854103343465046
0 0.4344641480339244 0.46200607902735563 0.02235929067077872 0.1033434650455927
0 0.47860447185813415 0.41109422492401215 0.02120277563608327 0.12006079027355623
0 0.49942174248265225 0.4878419452887538 0.025828835774865073 0.11550151975683891
0 0.5269853508095605 0.6747720364741642 0.026985350809560524 0.13069908814589665
0 0.5522359290670779 0.6679331306990881 0.028141865844255976 0.12613981762917933
0 0.5907864302235929 0.5972644376899696 0.025057825751734774 0.1398176291793313
0 0.6632613723978412 0.6231003039513677 0.026599845797995375 0.13677811550151975
0 0.5745952197378565 0.3655015197568389 0.02197378565921357 0.10486322188449848
0 0.6272166538164996 0.32598784194528874 0.02313030069390902 0.09574468085106383
0 0.6409020817270624 0.48556231003039513 0.027370855821125674 0.15045592705167174
0 0.6725134926754048 0.4490881458966565 0.02274479568234387 0.11398176291793313
0 0.7093292212798766 0.45364741641337386 0.02235929067077872 0.11398176291793313
0 0.7388203546646106 0.5509118541033434 0.026599845797995375 0.135258358662614
0 0.6904394757131843 0.2256838905775076 0.02313030069390902 0.11094224924012158
0 0.7438319198149576 0.4369300911854103 0.023515805705474173 0.11702127659574468
0 0.7748650732459522 0.43009118541033436 0.026985350809560524 0.12462006079027356
