0 0.0517464424320828 0.7848970251716247 0.02328589909443726 0.05034324942791762
0 0.06338939197930142 0.7803203661327232 0.02069857697283312 0.05034324942791762
0 0.19598965071151359 0.7391304347826086 0.027166882276843468 0.05034324942791762
0 0.2645536869340233 0.7734553775743707 0.02457956015523933 0.05034324942791762
0 0.35963777490297544 0.7631578947368421 0.02069857697283312 0.04805491990846682
0 0.3978007761966365 0.7654462242562929 0.029754204398447608 0.057208237986270026
0 0.4844760672703752 0.7322654462242563 0.027166882276843468 0.04576659038901602
0 0.536869340232859 0.7356979405034325 0.018111254851228976 0.038901601830663615
0 0.6241914618369987 0.7551487414187643 0.03492884864165589 0.059496567505720827
0 0.6804657179818887 0.7425629290617849 0.018111254851228976 0.038901601830663615
0 0.9346701164294955 0.7654462242562929 0.019404915912031046 0.04805491990846682
0 1.0200517464424321 0.7025171624713958 0.040103492884864166 0.06864988558352403
