0 0.16354044548651817 0.22826086956521738 0.05744431418522861 0.11264822134387352
0 0.388042203985932 0.16996047430830039 0.03751465416178194 0.07509881422924901
0 0.5035169988276671 0.17885375494071146 0.041031652989449004 0.0691699604743083
0 0.5381008206330598 0.14723320158102768 0.03751465416178194 0.06126482213438735
0 0.5533411488862837 0.14130434782608695 0.02579132473622509 0.04940711462450593
0 0.6066822977725674 0.17588932806324112 0.022274325908558032 0.04743083003952569
0 0.6348182883939039 0.15810276679841898 0.03634232121922626 0.07114624505928854
0 0.6828839390386869 0.16106719367588934 0.031652989449003514 0.06126482213438735
0 0.6488862837045721 0.09881422924901186 0.0246189917936694 0.05928853754940711
0 0.7233294255568582 0.13142292490118576 0.02579132473622509 0.04940711462450593
0 0.7596717467760844 0.12549407114624506 0.01875732708089097 0.037549407114624504
0 0.6277842907385698 0.12450592885375494 0.029308323563892145 0.04743083003952569
0 0.6922626025791325 0.1274703557312253 0.01992966002344666 0.045454545454545456
0 0.43141852286049237 0.17786561264822134 0.023446658851113716 0.05533596837944664
0 0.3698710433763189 0.19268774703557312 0.03399765533411489 0.0533596837944664
0 0.36635404454865184 0.14723320158102768 0.022274325908558032 0.04940711462450593
0 0.30539273153575613 0.1324110671936759 0.0246189917936694 0.05138339920948617
0 0.3141852286049238 0.19268774703557312 0.02579132473622509 0.0533596837944664
0 0.2690504103165299 0.21640316205533597 0.031652989449003514 0.06521739130434782
0 0.235052754982415 0.20553359683794467 0.031652989449003514 0.05928853754940711
0 0.18405627198124266 0.17588932806324112 0.03985932004689332 0.06324110671936758
0 0.194021101992966 0.2707509881422925 0.0246189917936694 0.043478260869565216
0 0.123094958968347 0.2440711462450593 0.03751465416178194 0.07312252964426877
0 0.053341148886283704 0.26383399209486164 0.04806565064478312 0.07312252964426877
0 0.09495896834701055 0.1907114624505929 0.032825322391559206 0.0691699604743083
0 0.05041031652989449 0.22233201581027667 0.03751465416178194 0.0691699604743083
0 0.2801875732708089 0.9071146245059288 0.19226260257913247 0.31225296442687744
0 0.5756154747948418 0.7302371541501976 0.21336459554513482 0.41304347826086957
0 0.6166471277842908 0.5563241106719368 0.12895662368112543 0.21146245059288538
0 0.6846424384525205 0.4209486166007905 0.10082063305978899 0.18181818181818182
0 0.847010550996483 0.26383399209486164 0.06916764361078546 0.16403162055335968
0 0.9431418522860492 0.2381422924901186 0.0668229777256741 0.10869565217391304
0 0.2924970691676436 0.18972332015810275 0.022274325908558032 0.04743083003952569
