0 0.04885654885654886 2.6666666666666665 0.0395010395010395 0.28205128205128205
0 0.07692307692307693 2.628205128205128 0.037422037422037424 0.2564102564102564
0 0.1257796257796258 2.621794871794872 0.056133056133056136 0.4230769230769231
0 0.15696465696465697 2.4743589743589745 0.0395010395010395 0.2564102564102564
0 0.2047817047817048 2.6025641025641026 0.04365904365904366 0.3333333333333333
0 0.24636174636174638 2.551282051282051 0.035343035343035345 0.28205128205128205
0 0.2993762993762994 2.4743589743589745 0.016632016632016633 0.10256410256410256
0 0.3471933471933472 2.551282051282051 0.0498960498960499 0.3333333333333333
0 0.3794178794178794 2.423076923076923 0.04781704781704782 0.358974358974359
0 0.446985446985447 2.4423076923076925 0.04573804573804574 0.2948717948717949
0 0.420997920997921 2.0641025641025643 0.0395010395010395 0.28205128205128205
0 0.4812889812889813 2.5256410256410255 0.031185031185031187 0.23076923076923078
0 0.5072765072765073 2.3461538461538463 0.029106029106029108 0.20512820512820512
0 0.5197505197505198 2.467948717948718 0.033264033264033266 0.21794871794871795
0 0.5343035343035343 2.6474358974358974 0.033264033264033266 0.2692307692307692
0 0.5571725571725572 2.3076923076923075 0.029106029106029108 0.20512820512820512
0 0.5738045738045738 2.4551282051282053 0.029106029106029108 0.24358974358974358
0 0.6018711018711018 2.480769230769231 0.0395010395010395 0.34615384615384615
0 0.6372141372141372 2.423076923076923 0.0395010395010395 0.2564102564102564
0 0.6528066528066528 2.58974358974359 0.033264033264033266 0.2564102564102564
0 0.7193347193347194 2.5256410256410255 0.04573804573804574 0.3333333333333333
0 0.7744282744282744 2.480769230769231 0.0395010395010395 0.2948717948717949
0 0.7993762993762994 2.769230769230769 0.04365904365904366 0.3076923076923077
0 0.8367983367983368 2.4358974358974357 0.0395010395010395 0.2564102564102564
0 0.8555093555093555 2.6923076923076925 0.0395010395010395 0.3333333333333333
0 0.922037422037422 2.628205128205128 0.04365904365904366 0.3076923076923077
0 1.002079002079002 2.3525641025641026 0.05405405405405406 0.3974358974358974
