0 0.985969387755102 1.13 0.012755102040816327 0.037142857142857144
0 1.030612244897959 0.9971428571428571 0.012755102040816327 0.02857142857142857
0 1.0293367346938775 0.9757142857142858 0.01020408163265306 0.025714285714285714
0 0.9579081632653061 0.81 0.007653061224489796 0.014285714285714285
0 0.9477040816326531 0.7871428571428571 0.007653061224489796 0.014285714285714285
0 0.9349489795918368 1.0542857142857143 0.012755102040816327 0.04
0 0.9158163265306123 1.0085714285714287 0.01020408163265306 0.02857142857142857
0 0.8093112244897959 1.1171428571428572 0.01403061224489796 0.03428571428571429
0 0.7997448979591837 1.1057142857142856 0.015306122448979591 0.04
0 0.8507653061224489 1.0471428571428572 0.01020408163265306 0.025714285714285714
0 0.8616071428571429 1.0471428571428572 0.008928571428571428 0.025714285714285714
0 0.8329081632653061 1.0057142857142858 0.012755102040816327 0.02857142857142857
0 0.8488520408163265 0.9757142857142858 0.011479591836734694 0.025714285714285714
0 0.8042091836734694 1.0314285714285714 0.008928571428571428 0.022857142857142857
0 0.78125 1.022857142857143 0.011479591836734694 0.022857142857142857
0 0.7691326530612245 1.01 0.01020408163265306 0.03142857142857143
0 0.7181122448979592 1.0357142857142858 0.012755102040816327 0.03142857142857143
0 0.875 0.8757142857142857 0.01020408163265306 0.025714285714285714
0 0.8660714285714286 0.87 0.01020408163265306 0.025714285714285714
0 0.8864795918367347 0.8342857142857143 0.007653061224489796 0.022857142857142857
0 0.8883928571428571 0.78 0.008928571428571428 0.022857142857142857
0 0.8679846938775511 0.8185714285714286 0.008928571428571428 0.025714285714285714
0 0.8488520408163265 0.8057142857142857 0.008928571428571428 0.022857142857142857
0 0.8443877551020408 0.7742857142857142 0.007653061224489796 0.017142857142857144
0 0.8284438775510204 0.8228571428571428 0.008928571428571428 0.022857142857142857
0 0.8131377551020408 0.8385714285714285 0.008928571428571428 0.025714285714285714
0 0.7908163265306123 0.8614285714285714 0.01020408163265306 0.025714285714285714
0 0.7493622448979592 0.8914285714285715 0.006377551020408163 0.017142857142857144
0 0.7933673469387755 0.8142857142857143 0.007653061224489796 0.022857142857142857
0 0.7748724489795918 0.8071428571428572 0.008928571428571428 0.02
0 0.8042091836734694 0.7928571428571428 0.008928571428571428 0.02
0 0.8086734693877551 0.8042857142857143 0.007653061224489796 0.02
0 0.8163265306122449 0.7657142857142857 0.007653061224489796 0.017142857142857144
0 0.7914540816326531 0.7671428571428571 0.008928571428571428 0.02
0 0.8571428571428571 0.7257142857142858 0.007653061224489796 0.017142857142857144
0 0.8201530612244898 0.7185714285714285 0.007653061224489796 0.02
0 0.7908163265306123 0.73 0.007653061224489796 0.014285714285714285
0 0.7793367346938775 0.7657142857142857 0.017857142857142856 0.09142857142857143
0 0.7544642857142857 0.7857142857142857 0.008928571428571428 0.022857142857142857
0 0.7614795918367347 0.7871428571428571 0.007653061224489796 0.02
0 0.7563775510204082 0.7285714285714285 0.007653061224489796 0.017142857142857144
0 0.7755102040816326 0.7285714285714285 0.007653061224489796 0.017142857142857144
0 0.7429846938775511 0.7714285714285715 0.008928571428571428 0.017142857142857144
0 0.7397959183673469 0.7542857142857143 0.007653061224489796 0.022857142857142857
0 0.7244897959183674 0.7714285714285715 0.007653061224489796 0.022857142857142857
0 0.625 1.14 0.017857142857142856 0.04
0 0.6409438775510204 1.02 0.008928571428571428 0.02857142857142857
0 0.5822704081632653 1.012857142857143 0.011479591836734694 0.03142857142857143
0 0.5822704081632653 0.9871428571428571 0.011479591836734694 0.03142857142857143
0 0.6836734693877551 0.8457142857142858 0.01020408163265306 0.022857142857142857
0 0.6575255102040817 0.8528571428571429 0.008928571428571428 0.02
0 0.6938775510204082 0.78 0.007653061224489796 0.017142857142857144
0 0.704719387755102 0.7742857142857142 0.008928571428571428 0.017142857142857144
0 0.7417091836734694 0.7728571428571429 0.021683673469387755 0.10571428571428572
0 0.7168367346938775 0.7314285714285714 0.007653061224489796 0.017142857142857144
0 0.6989795918367347 0.7571428571428571 0.007653061224489796 0.017142857142857144
0 0.7040816326530612 0.7585714285714286 0.017857142857142856 0.08285714285714285
0 0.6632653061224489 0.7942857142857143 0.007653061224489796 0.017142857142857144
0 0.65625 0.7785714285714286 0.006377551020408163 0.014285714285714285
0 0.6875 0.7328571428571429 0.007653061224489796 0.02
0 0.6721938775510204 0.7242857142857143 0.007653061224489796 0.014285714285714285
0 0.6600765306122449 0.76 0.016581632653061226 0.09142857142857143
0 0.6600765306122449 0.7257142857142858 0.006377551020408163 0.017142857142857144
0 0.4260204081632653 1.3485714285714285 0.02040816326530612 0.05142857142857143
0 0.35841836734693877 1.3 0.017857142857142856 0.045714285714285714
0 0.48660714285714285 1.01 0.01403061224489796 0.037142857142857144
0 0.4770408163265306 1.0057142857142858 0.012755102040816327 0.02857142857142857
0 0.5082908163265306 0.84 0.008928571428571428 0.017142857142857144
0 0.5082908163265306 0.7557142857142857 0.006377551020408163 0.014285714285714285
0 0.5344387755102041 0.7428571428571429 0.007653061224489796 0.017142857142857144
0 0.548469387755102 0.75 0.007653061224489796 0.014285714285714285
0 0.5573979591836735 0.7342857142857143 0.007653061224489796 0.017142857142857144
0 0.4190051020408163 0.9371428571428572 0.008928571428571428 0.02857142857142857
0 0.2423469387755102 1.302857142857143 0.02040816326530612 0.05714285714285714
0 0.20216836734693877 1.4385714285714286 0.04974489795918367 0.24285714285714285
0 0.1996173469387755 1.312857142857143 0.01913265306122449 0.054285714285714284
0 0.16135204081632654 1.3214285714285714 0.016581632653061226 0.054285714285714284
0 0.21301020408163265 1.2057142857142857 0.017857142857142856 0.04
0 0.1677295918367347 1.1642857142857144 0.01403061224489796 0.037142857142857144
0 0.08035714285714286 1.2757142857142858 0.02040816326530612 0.054285714285714284
0 0.044642857142857144 1.2185714285714286 0.015306122448979591 0.037142857142857144
0 0.08418367346938775 1.1542857142857144 0.015306122448979591 0.04
0 0.13584183673469388 1.0042857142857142 0.011479591836734694 0.025714285714285714
0 0.12181122448979592 1.0414285714285714 0.01403061224489796 0.03142857142857143
0 0.13903061224489796 0.9771428571428571 0.012755102040816327 0.02857142857142857
0 0.13839285714285715 0.9785714285714285 0.016581632653061226 0.03142857142857143
0 0.15816326530612246 0.94 0.01020408163265306 0.02857142857142857
0 0.3207908163265306 0.9157142857142857 0.011479591836734694 0.025714285714285714
0 0.29783163265306123 0.91 0.008928571428571428 0.025714285714285714
0 0.27614795918367346 0.9214285714285714 0.011479591836734694 0.025714285714285714
0 0.4100765306122449 0.8671428571428571 0.011479591836734694 0.025714285714285714
0 0.38137755102040816 0.8357142857142857 0.01020408163265306 0.025714285714285714
0 0.3673469387755102 0.8285714285714286 0.007653061224489796 0.022857142857142857
0 0.3424744897959184 0.8242857142857143 0.008928571428571428 0.02
0 0.31760204081632654 0.87 0.007653061224489796 0.02
0 0.3042091836734694 0.8214285714285714 0.008928571428571428 0.02
0 0.28188775510204084 0.8328571428571429 0.007653061224489796 0.025714285714285714
0 0.3309948979591837 0.8014285714285714 0.008928571428571428 0.02
0 0.35331632653061223 0.8085714285714286 0.007653061224489796 0.017142857142857144
0 0.38137755102040816 0.7657142857142857 0.01020408163265306 0.022857142857142857
0 0.40114795918367346 0.7842857142857143 0.008928571428571428 0.02
0 0.38392857142857145 0.7442857142857143 0.007653061224489796 0.02
0 0.42857142857142855 0.7457142857142857 0.007653061224489796 0.017142857142857144
0 0.44642857142857145 0.7542857142857143 0.007653061224489796 0.017142857142857144
0 0.5019132653061225 0.6814285714285714 0.006377551020408163 0.014285714285714285
0 0.45982142857142855 0.6514285714285715 0.006377551020408163 0.011428571428571429
0 0.10841836734693877 0.85 0.007653061224489796 0.014285714285714285
