0 0.0124036205162588 0.12484848484848485 0.03352329869259135 0.07757575757575758
0 0.09403285283271874 0.17909090909090908 0.03184713375796178 0.08303030303030302
0 0.18203151190077105 0.1315151515151515 0.03486423064029501 0.08848484848484849
0 0.21102916526986257 0.14181818181818182 0.03922225947033188 0.08
0 0.27807576265504524 0.13757575757575757 0.03989272544418371 0.07272727272727272
0 0.32953402614817295 0.1621212121212121 0.028830036875628563 0.06606060606060606
0 0.3959101575595039 0.10696969696969696 0.03687562856185048 0.07696969696969697
0 0.3744552463962454 0.16545454545454547 0.026148172980221252 0.05696969696969697
0 0.44368085819644654 0.16303030303030303 0.025142474019443514 0.059393939393939395
0 0.5149178679182032 0.13 0.03821656050955414 0.08424242424242424
0 0.5874958095876635 0.12 0.03654039557492457 0.07151515151515152
0 0.7314783774723432 0.1606060606060606 0.02950050284948039 0.07515151515151515
0 0.7881327522628226 0.13515151515151516 0.03352329869259135 0.07757575757575758
0 0.8441166610794503 0.11212121212121212 0.030170968823332214 0.06060606060606061
0 0.8823332215890044 0.07242424242424242 0.03486423064029501 0.07939393939393939
0 0.934461951055984 0.14878787878787877 0.025812939993295342 0.062424242424242424
0 0.945524639624539 0.11 0.03519946362722092 0.06606060606060606
0 0.10593362386858866 0.5866666666666667 0.04156889037881328 0.1006060606060606
0 0.16107945021790143 0.7475757575757576 0.03922225947033188 0.08424242424242424
0 0.182199128394234 0.6354545454545455 0.03519946362722092 0.0903030303030303
0 0.2913174656386188 0.5290909090909091 0.038887026483405966 0.08969696969696969
0 0.41250419041233655 0.6875757575757576 0.03586992960107275 0.08303030303030302
0 0.693597049949715 0.5160606060606061 0.036205162587998656 0.07090909090909091
0 0.7386858866912505 0.4709090909090909 0.0372108615487764 0.09696969696969697
0 0.8531679517264499 0.45484848484848484 0.03754609453570231 0.0903030303030303
0 0.8613811599061347 0.8836363636363637 0.043245055313442846 0.09696969696969697
0 0.976701307408649 0.9866666666666667 0.037881327522628225 0.09212121212121212
0 0.9093194770365404 0.19 0.044585987261146494 0.09515151515151515
