0 0.049586776859504134 5.564285714285714 0.01652892561983471 0.21428571428571427
0 0.02066115702479339 5.564285714285714 0.012987012987012988 0.15714285714285714
0 0.3854781582054309 5.707142857142857 0.008264462809917356 0.1
0 0.4279811097992916 6.164285714285715 0.010625737898465172 0.12857142857142856
0 0.43270365997638727 5.892857142857143 0.008264462809917356 0.12857142857142856
0 0.4675324675324675 5.7785714285714285 0.0070838252656434475 0.1
0 0.47756788665879574 5.707142857142857 0.015348288075560802 0.5
0 0.4946871310507674 5.635714285714286 0.011806375442739079 0.18571428571428572
0 0.5608028335301063 5.564285714285714 0.0070838252656434475 0.1
0 0.6157024793388429 5.785714285714286 0.010625737898465172 0.11428571428571428
0 0.6369539551357734 5.807142857142857 0.010625737898465172 0.15714285714285714
0 0.654073199527745 5.585714285714285 0.011806375442739079 0.14285714285714285
0 0.615112160566706 5.535714285714286 0.009445100354191263 0.12857142857142856
0 0.5956316410861865 5.821428571428571 0.020070838252656435 0.6428571428571429
0 0.6263282172373081 5.292857142857143 0.008264462809917356 0.1
0 0.6304604486422668 5.8 0.021251475796930343 0.7714285714285715
0 0.769185360094451 5.514285714285714 0.012987012987012988 0.2
0 0.8671782762691853 5.742857142857143 0.008264462809917356 0.11428571428571428
0 0.8807556080283353 5.635714285714286 0.009445100354191263 0.15714285714285714
0 0.8949232585596222 5.521428571428571 0.004722550177095631 0.07142857142857142
0 0.8305785123966942 5.578571428571428 0.0059031877213695395 0.07142857142857142
0 0.9268004722550177 5.492857142857143 0.004722550177095631 0.04285714285714286
0 0.9138134592680047 5.507142857142857 0.004722550177095631 0.07142857142857142
