0 0.07669172932330827 0.8181818181818182 0.006015037593984963 0.0106951871657754
0 0.059398496240601506 0.8489304812834224 0.019548872180451128 0.05080213903743316
0 0.038345864661654135 0.8368983957219251 0.004511278195488722 0.0106951871657754
0 0.4481203007518797 0.3342245989304813 0.06616541353383458 0.1497326203208556
0 0.43007518796992483 0.7513368983957219 0.07518796992481203 0.13903743315508021
0 0.4691729323308271 1.108288770053476 0.08421052631578947 0.21657754010695188
0 0.7015037593984963 0.696524064171123 0.06766917293233082 0.13636363636363635
0 0.650375939849624 0.8850267379679144 0.07669172932330827 0.18716577540106952
0 0.5969924812030075 1.1590909090909092 0.08721804511278196 0.20053475935828877
0 0.7315789473684211 1.0949197860962567 0.08270676691729323 0.18983957219251338
0 0.7864661654135339 0.8716577540106952 0.07819548872180451 0.1925133689839572
0 0.8924812030075188 0.9438502673796791 0.061654135338345864 0.16042780748663102
0 0.869172932330827 0.786096256684492 0.07218045112781955 0.1711229946524064
0 0.98796992481203 0.7981283422459893 0.081203007518797 0.16844919786096257
