0 0.1580188679245283 5.288732394366197 0.01179245283018868 0.15492957746478872
0 0.22110849056603774 5.154929577464789 0.01061320754716981 0.14084507042253522
0 0.33726415094339623 5.23943661971831 0.009433962264150943 0.14084507042253522
0 0.34139150943396224 5.154929577464789 0.01061320754716981 0.14084507042253522
0 0.4380896226415094 5.225352112676056 0.008254716981132075 0.11267605633802817
0 0.4681603773584906 5.140845070422535 0.01179245283018868 0.11267605633802817
0 0.4994103773584906 5.253521126760563 0.008254716981132075 0.11267605633802817
0 0.566627358490566 5.154929577464789 0.01061320754716981 0.14084507042253522
0 0.5807783018867925 5.535211267605634 0.01061320754716981 0.11267605633802817
0 0.5866745283018868 5.176056338028169 0.01061320754716981 0.1267605633802817
0 0.6084905660377359 5.274647887323944 0.01179245283018868 0.1267605633802817
0 0.6686320754716981 5.126760563380282 0.009433962264150943 0.11267605633802817
0 0.6945754716981132 5.225352112676056 0.009433962264150943 0.11267605633802817
0 0.6285377358490566 5.161971830985915 0.009433962264150943 0.1267605633802817
0 0.6255896226415094 5.232394366197183 0.012971698113207548 0.18309859154929578
