0 1.0354645354645355 9.032467532467532 0.01898101898101898 0.24675324675324675
0 0.997002997002997 9.090909090909092 0.01998001998001998 0.3116883116883117
0 0.952047952047952 9.14935064935065 0.02197802197802198 0.3246753246753247
0 0.9425574425574426 9.194805194805195 0.014985014985014986 0.2077922077922078
0 0.8756243756243757 9.194805194805195 0.014985014985014986 0.2077922077922078
0 0.7687312687312687 9.181818181818182 0.014985014985014986 0.2077922077922078
0 0.6928071928071928 9.311688311688311 0.008991008991008992 0.12987012987012986
0 0.6848151848151848 9.266233766233766 0.008991008991008992 0.11688311688311688
0 0.6768231768231768 9.318181818181818 0.008991008991008992 0.14285714285714285
0 0.6643356643356644 9.2987012987013 0.00999000999000999 0.12987012987012986
0 0.6548451548451548 9.376623376623376 0.008991008991008992 0.12987012987012986
0 0.6463536463536463 9.357142857142858 0.007992007992007992 0.11688311688311688
0 0.6458541458541458 9.376623376623376 0.006993006993006993 0.1038961038961039
0 0.6473526473526473 9.25974025974026 0.00999000999000999 0.12987012987012986
0 0.6273726273726273 9.25974025974026 0.00999000999000999 0.12987012987012986
0 0.6338661338661339 9.2987012987013 0.006993006993006993 0.1038961038961039
0 0.6183816183816184 9.35064935064935 0.007992007992007992 0.12987012987012986
0 0.6058941058941059 9.441558441558442 0.008991008991008992 0.12987012987012986
0 0.6118881118881119 9.246753246753247 0.006993006993006993 0.1038961038961039
0 0.5844155844155844 9.415584415584416 0.007992007992007992 0.12987012987012986
0 0.593906093906094 9.246753246753247 0.008991008991008992 0.12987012987012986
0 0.5824175824175825 9.266233766233766 0.007992007992007992 0.11688311688311688
0 0.5719280719280719 9.279220779220779 0.006993006993006993 0.11688311688311688
0 0.5569430569430569 9.318181818181818 0.006993006993006993 0.11688311688311688
0 0.544955044955045 9.571428571428571 0.014985014985014986 0.6753246753246753
0 0.534965034965035 9.272727272727273 0.01898101898101898 0.2857142857142857
0 0.5204795204795205 9.246753246753247 0.005994005994005994 0.07792207792207792
0 0.515984015984016 9.272727272727273 0.004995004995004995 0.07792207792207792
0 0.508991008991009 9.292207792207792 0.004995004995004995 0.09090909090909091
0 0.5054945054945055 9.454545454545455 0.00999000999000999 0.4935064935064935
0 0.501998001998002 9.35064935064935 0.004995004995004995 0.07792207792207792
0 0.49600399600399603 9.331168831168831 0.004995004995004995 0.06493506493506493
0 0.4905094905094905 9.357142857142858 0.003996003996003996 0.06493506493506493
0 0.4925074925074925 9.285714285714286 0.003996003996003996 0.05194805194805195
0 0.48001998001998003 9.38961038961039 0.006993006993006993 0.07792207792207792
0 0.4695304695304695 9.35064935064935 0.007992007992007992 0.1038961038961039
0 0.46553446553446554 9.272727272727273 0.005994005994005994 0.07792207792207792
0 0.45754245754245754 9.2987012987013 0.003996003996003996 0.05194805194805195
0 0.44655344655344653 9.331168831168831 0.003996003996003996 0.06493506493506493
0 0.058941058941058944 9.357142857142858 0.027972027972027972 0.35064935064935066
0 0.10989010989010989 9.123376623376624 0.01998001998001998 0.2727272727272727
0 0.15384615384615385 9.331168831168831 0.017982017982017984 0.2727272727272727
0 0.1938061938061938 9.207792207792208 0.01998001998001998 0.33766233766233766
0 0.22977022977022976 9.11038961038961 0.023976023976023976 0.35064935064935066
0 0.23776223776223776 9.266233766233766 0.025974025974025976 0.3246753246753247
0 0.26823176823176825 9.285714285714286 0.02097902097902098 0.3116883116883117
0 0.3146853146853147 9.168831168831169 0.023976023976023976 0.33766233766233766
0 0.30719280719280717 9.24025974025974 0.012987012987012988 0.19480519480519481
0 0.37362637362637363 9.188311688311689 0.013986013986013986 0.19480519480519481
0 0.3691308691308691 9.207792207792208 0.012987012987012988 0.15584415584415584
0 0.3436563436563437 9.25974025974026 0.00999000999000999 0.15584415584415584
0 0.35714285714285715 9.272727272727273 0.01098901098901099 0.15584415584415584
