0 0.0029171528588098016 0.5326975476839237 0.029171528588098017 0.08991825613079019
0 0.19661610268378063 0.5149863760217984 0.052508751458576426 0.12534059945504086
0 0.3080513418903151 0.5381471389645777 0.039673278879813305 0.10626702997275204
0 0.41540256709451573 0.34877384196185285 0.049008168028004666 0.12534059945504086
0 0.5630105017502918 0.5217983651226158 0.043173862310385065 0.11716621253405994
0 0.6341890315052509 0.5504087193460491 0.029171528588098017 0.07084468664850137
0 0.6936989498249708 0.5953678474114441 0.03617269544924154 0.09536784741144415
0 0.7631271878646441 0.47956403269754766 0.042007001166861145 0.08174386920980926
0 0.8798133022170361 0.35013623978201636 0.07934655775962661 0.16621253405994552
0 0.9585764294049008 0.44141689373297005 0.047841306884480746 0.1307901907356948
