0 0.9874141876430206 0.555699481865285 0.016018306636155607 0.038860103626943004
0 0.9565217391304348 0.46632124352331605 0.016018306636155607 0.046632124352331605
0 0.9290617848970252 0.4896373056994819 0.018306636155606407 0.046632124352331605
0 0.8907322654462243 0.47150259067357514 0.017162471395881007 0.046632124352331605
0 0.8907322654462243 0.49093264248704666 0.017162471395881007 0.04404145077720207
0 0.8729977116704806 0.5207253886010362 0.016018306636155607 0.03626943005181347
0 0.8747139588100686 0.5259067357512953 0.017162471395881007 0.03626943005181347
0 0.8884439359267735 0.5673575129533679 0.017162471395881007 0.04145077720207254
0 0.8146453089244852 0.5284974093264249 0.016018306636155607 0.04145077720207254
0 0.8895881006864989 0.7150259067357513 0.021739130434782608 0.06217616580310881
0 0.937070938215103 0.8238341968911918 0.02517162471395881 0.05699481865284974
0 0.7717391304347826 0.8290155440414507 0.021739130434782608 0.06217616580310881
0 0.7179633867276888 0.7655440414507773 0.021739130434782608 0.06476683937823834
0 0.6098398169336384 0.7784974093264249 0.02745995423340961 0.06476683937823834
0 0.6155606407322655 0.6347150259067358 0.016018306636155607 0.046632124352331605
0 0.4902745995423341 0.8277202072538861 0.02402745995423341 0.06476683937823834
0 0.4576659038901602 0.8393782383419689 0.020594965675057208 0.05699481865284974
0 0.43135011441647597 0.8199481865284974 0.020594965675057208 0.054404145077720206
0 0.35297482837528604 0.7487046632124352 0.02402745995423341 0.05699481865284974
0 0.4971395881006865 0.5660621761658031 0.012585812356979404 0.03367875647668394
0 0.5062929061784897 0.5492227979274611 0.010297482837528604 0.031088082901554404
0 0.5778032036613272 0.44689119170984454 0.013729977116704805 0.03367875647668394
0 0.6058352402745996 0.4650259067357513 0.014874141876430207 0.03367875647668394
0 0.6435926773455377 0.3756476683937824 0.010297482837528604 0.025906735751295335
0 0.6218535469107551 0.3549222797927461 0.010297482837528604 0.02072538860103627
0 0.6292906178489702 0.33419689119170987 0.013729977116704805 0.025906735751295335
0 0.6893592677345538 0.29922279792746115 0.012585812356979404 0.02849740932642487
0 0.6733409610983981 0.2694300518134715 0.008009153318077803 0.02072538860103627
0 0.6973684210526315 0.2707253886010363 0.010297482837528604 0.023316062176165803
0 0.7202517162471396 0.27461139896373055 0.010297482837528604 0.02072538860103627
0 0.7299771167048055 0.2538860103626943 0.006864988558352402 0.015544041450777202
0 0.7522883295194508 0.25129533678756477 0.008009153318077803 0.02072538860103627
0 0.7683066361556065 0.2655440414507772 0.010297482837528604 0.023316062176165803
0 0.8930205949656751 0.3471502590673575 0.012585812356979404 0.031088082901554404
0 0.9050343249427918 0.2927461139896373 0.009153318077803204 0.02072538860103627
0 0.9221967963386728 0.2694300518134715 0.009153318077803204 0.025906735751295335
0 0.9610983981693364 0.26295336787564766 0.011441647597254004 0.023316062176165803
0 0.8672768878718535 0.17487046632124353 0.006864988558352402 0.018134715025906734
0 0.868421052631579 0.16580310880829016 0.006864988558352402 0.015544041450777202
0 0.8609839816933639 0.16191709844559585 0.005720823798627002 0.012953367875647668
0 0.8575514874141876 0.20207253886010362 0.008009153318077803 0.015544041450777202
0 0.8421052631578947 0.20207253886010362 0.009153318077803204 0.02072538860103627
0 0.8363844393592678 0.21502590673575128 0.009153318077803204 0.02072538860103627
0 0.8123569794050344 0.18264248704663213 0.006864988558352402 0.018134715025906734
0 0.7991990846681922 0.20077720207253885 0.008009153318077803 0.018134715025906734
0 0.801487414187643 0.13212435233160622 0.005720823798627002 0.015544041450777202
0 0.7448512585812357 0.21761658031088082 0.009153318077803204 0.02072538860103627
0 0.7345537757437071 0.20595854922279794 0.006864988558352402 0.018134715025906734
0 0.7511441647597255 0.10621761658031088 0.005720823798627002 0.015544041450777202
0 0.7008009153318078 0.13212435233160622 0.003432494279176201 0.010362694300518135
0 0.7059496567505721 0.09326424870466321 0.004576659038901602 0.010362694300518135
0 0.7162471395881007 0.09844559585492228 0.004576659038901602 0.010362694300518135
0 0.6967963386727689 0.10621761658031088 0.009153318077803204 0.05699481865284974
0 0.6864988558352403 0.11269430051813471 0.009153318077803204 0.05958549222797927
0 0.6784897025171625 0.08031088082901554 0.004576659038901602 0.010362694300518135
0 0.6859267734553776 0.1489637305699482 0.005720823798627002 0.012953367875647668
0 0.6567505720823799 0.19430051813471502 0.009153318077803204 0.02072538860103627
0 0.620137299771167 0.10362694300518134 0.004576659038901602 0.010362694300518135
0 0.618421052631579 0.16968911917098445 0.005720823798627002 0.012953367875647668
0 0.5903890160183066 0.04404145077720207 0.004576659038901602 0.010362694300518135
0 0.5966819221967964 0.12823834196891193 0.005720823798627002 0.012953367875647668
0 0.601258581235698 0.17357512953367876 0.005720823798627002 0.015544041450777202
0 0.5932494279176201 0.22020725388601037 0.005720823798627002 0.015544041450777202
0 0.5903890160183066 0.25906735751295334 0.006864988558352402 0.015544041450777202
0 0.568649885583524 0.20077720207253885 0.006864988558352402 0.018134715025906734
0 0.5537757437070938 0.21502590673575128 0.006864988558352402 0.02072538860103627
0 0.014302059496567507 0.8937823834196891 0.028604118993135013 0.06735751295336788
0 0.01887871853546911 0.5479274611398963 0.019450800915331808 0.04404145077720207
0 0.10411899313501144 0.5569948186528497 0.018306636155606407 0.04145077720207254
0 0.17562929061784896 0.47150259067357514 0.014874141876430207 0.03626943005181347
0 0.1956521739130435 0.4792746113989637 0.013729977116704805 0.03626943005181347
0 0.2545766590389016 0.49222797927461137 0.017162471395881007 0.04145077720207254
0 0.2808924485125858 0.5544041450777202 0.017162471395881007 0.03626943005181347
0 0.46510297482837526 0.24740932642487046 0.008009153318077803 0.023316062176165803
0 0.4399313501144165 0.24093264248704663 0.008009153318077803 0.02072538860103627
0 0.4267734553775744 0.21761658031088082 0.006864988558352402 0.015544041450777202
0 0.43077803203661325 0.2707253886010363 0.010297482837528604 0.023316062176165803
0 0.4330663615560641 0.2759067357512953 0.010297482837528604 0.023316062176165803
0 0.40675057208237986 0.15155440414507773 0.005720823798627002 0.012953367875647668
0 0.39530892448512583 0.133419689119171 0.008009153318077803 0.018134715025906734
0 0.38558352402745993 0.16709844559585493 0.006864988558352402 0.018134715025906734
0 0.37299771167048057 0.17357512953367876 0.006864988558352402 0.015544041450777202
0 0.3609839816933638 0.23575129533678757 0.008009153318077803 0.02072538860103627
0 0.35697940503432496 0.22279792746113988 0.006864988558352402 0.015544041450777202
0 0.3438215102974828 0.23963730569948186 0.008009153318077803 0.018134715025906734
0 0.28718535469107553 0.29404145077720206 0.009153318077803204 0.02849740932642487
0 0.2889016018306636 0.4067357512953368 0.019450800915331808 0.03626943005181347
0 0.0011441647597254005 0.38082901554404147 0.011441647597254004 0.031088082901554404
0 0.021739130434782608 0.4015544041450777 0.013729977116704805 0.031088082901554404
0 0.02688787185354691 0.3471502590673575 0.010297482837528604 0.025906735751295335
0 0.002860411899313501 0.24481865284974094 0.008009153318077803 0.018134715025906734
0 0.01887871853546911 0.21502590673575128 0.008009153318077803 0.02072538860103627
0 0.04233409610983982 0.21373056994818654 0.006864988558352402 0.018134715025906734
0 0.05434782608695652 0.26295336787564766 0.010297482837528604 0.023316062176165803
0 0.07837528604118993 0.3082901554404145 0.010297482837528604 0.02072538860103627
0 0.06464530892448513 0.20854922279792745 0.008009153318077803 0.018134715025906734
0 0.06464530892448513 0.18652849740932642 0.008009153318077803 0.02072538860103627
0 0.07208237986270023 0.19689119170984457 0.006864988558352402 0.015544041450777202
0 0.08352402745995423 0.20595854922279794 0.009153318077803204 0.018134715025906734
0 0.08981693363844394 0.20466321243523317 0.017162471395881007 0.08808290155440414
0 0.10526315789473684 0.20725388601036268 0.006864988558352402 0.015544041450777202
0 0.11556064073226545 0.2033678756476684 0.009153318077803204 0.018134715025906734
0 0.12757437070938216 0.20854922279792745 0.008009153318077803 0.018134715025906734
0 0.13501144164759726 0.21502590673575128 0.009153318077803204 0.02072538860103627
0 0.14473684210526316 0.2033678756476684 0.008009153318077803 0.018134715025906734
0 0.14073226544622425 0.20207253886010362 0.006864988558352402 0.02072538860103627
0 0.16762013729977115 0.23704663212435234 0.008009153318077803 0.018134715025906734
0 0.17276887871853547 0.20984455958549222 0.006864988558352402 0.015544041450777202
0 0.19164759725400457 0.21373056994818654 0.008009153318077803 0.018134715025906734
0 0.18192219679633867 0.2266839378238342 0.02517162471395881 0.12694300518134716
0 0.16590389016018306 0.14637305699481865 0.006864988558352402 0.012953367875647668
0 0.19279176201372997 0.15155440414507773 0.014874141876430207 0.05958549222797927
0 0.20194508009153317 0.16968911917098445 0.005720823798627002 0.012953367875647668
0 0.204233409610984 0.1489637305699482 0.005720823798627002 0.012953367875647668
0 0.21739130434782608 0.15155440414507773 0.004576659038901602 0.012953367875647668
0 0.22711670480549198 0.16321243523316062 0.005720823798627002 0.015544041450777202
0 0.2339816933638444 0.20595854922279794 0.008009153318077803 0.018134715025906734
0 0.2351258581235698 0.25777202072538863 0.008009153318077803 0.018134715025906734
0 0.2551487414187643 0.21502590673575128 0.006864988558352402 0.015544041450777202
0 0.2665903890160183 0.22020725388601037 0.006864988558352402 0.02072538860103627
0 0.2528604118993135 0.29404145077720206 0.009153318077803204 0.023316062176165803
0 0.2551487414187643 0.25 0.006864988558352402 0.018134715025906734
0 0.26887871853546913 0.16191709844559585 0.004576659038901602 0.012953367875647668
0 0.2820366132723112 0.15803108808290156 0.005720823798627002 0.015544041450777202
0 0.3094965675057208 0.22020725388601037 0.005720823798627002 0.015544041450777202
0 0.30720823798627 0.16580310880829016 0.008009153318077803 0.015544041450777202
0 0.32151029748283755 0.17746113989637305 0.006864988558352402 0.018134715025906734
0 0.3266590389016018 0.1878238341968912 0.005720823798627002 0.012953367875647668
0 0.33581235697940504 0.17357512953367876 0.005720823798627002 0.015544041450777202
0 0.34782608695652173 0.18134715025906736 0.004576659038901602 0.015544041450777202
0 0.35640732265446223 0.16580310880829016 0.005720823798627002 0.015544041450777202
