0 0.9414414414414415 0.7321116928446771 0.07657657657657657 0.14834205933682373
0 0.9127252252252253 0.62478184991274 0.010135135135135136 0.013961605584642234
0 0.884009009009009 0.6492146596858639 0.006756756756756757 0.013961605584642234
0 0.7286036036036037 0.6815008726003491 0.12387387387387387 0.2286212914485166
0 0.7342342342342343 0.6745200698080279 0.11936936936936937 0.2286212914485166
0 0.40709459459459457 0.5776614310645725 0.11599099099099099 0.2582897033158813
0 0.46903153153153154 0.6780104712041884 0.09797297297297297 0.1762652705061082
0 0.2708333333333333 0.6649214659685864 0.0777027027027027 0.15008726003490402
0 0.23198198198198197 0.8228621291448517 0.060810810810810814 0.09598603839441536
0 0.02252252252252252 0.6509598603839442 0.08558558558558559 0.16404886561954624
0 0.08783783783783784 0.7015706806282722 0.06981981981981981 0.13263525305410123
