0 1.2369565217391305 1.7237762237762237 0.021739130434782608 0.13286713286713286
0 1.1065217391304347 1.7062937062937062 0.02753623188405797 0.13986013986013987
0 1.0239130434782608 1.7342657342657342 0.02753623188405797 0.13986013986013987
0 1.0057971014492753 1.7377622377622377 0.020289855072463767 0.1048951048951049
0 0.9101449275362319 1.7167832167832169 0.020289855072463767 0.11888111888111888
0 0.9260869565217391 1.7237762237762237 0.017391304347826087 0.09090909090909091
0 0.9398550724637681 1.6958041958041958 0.01884057971014493 0.1048951048951049
0 0.8992753623188405 1.6608391608391608 0.013043478260869565 0.06293706293706294
0 0.8173913043478261 1.8426573426573427 0.017391304347826087 0.07692307692307693
0 0.8340579710144927 1.6363636363636365 0.015942028985507246 0.06993006993006994
0 0.8594202898550725 1.667832167832168 0.011594202898550725 0.06293706293706294
0 0.8152173913043478 1.597902097902098 0.013043478260869565 0.07692307692307693
0 0.768840579710145 1.618881118881119 0.015942028985507246 0.09090909090909091
0 0.7391304347826086 1.6153846153846154 0.008695652173913044 0.04195804195804196
0 0.7137681159420289 1.5769230769230769 0.007246376811594203 0.03496503496503497
0 0.6934782608695652 1.6818181818181819 0.01884057971014493 0.09090909090909091
0 0.6369565217391304 1.6013986013986015 0.010144927536231883 0.055944055944055944
0 0.6144927536231884 1.6398601398601398 0.011594202898550725 0.06293706293706294
0 0.42391304347826086 1.7692307692307692 0.03333333333333333 0.2097902097902098
0 0.263768115942029 1.9055944055944056 0.03188405797101449 0.20279720279720279
0 0.32318840579710145 1.6083916083916083 0.017391304347826087 0.0979020979020979
0 0.3652173913043478 1.7657342657342658 0.014492753623188406 0.06293706293706294
0 0.39492753623188404 1.6398601398601398 0.013043478260869565 0.06293706293706294
0 0.4717391304347826 1.6503496503496504 0.015942028985507246 0.0979020979020979
0 0.5398550724637681 1.6643356643356644 0.015942028985507246 0.0979020979020979
0 0.41884057971014493 1.6013986013986015 0.011594202898550725 0.06993006993006994
0 0.4985507246376812 1.6083916083916083 0.008695652173913044 0.055944055944055944
0 0.5181159420289855 1.597902097902098 0.007246376811594203 0.03496503496503497
0 0.5507246376811594 1.6398601398601398 0.011594202898550725 0.06293706293706294
