0 0.12836185819070906 0.5955056179775281 0.06845965770171149 0.24719101123595505
0 0.26344743276283616 0.9812734082397003 0.006112469437652812 0.02247191011235955
0 0.2952322738386308 0.9176029962546817 0.030562347188264057 0.27715355805243447
0 0.36491442542787283 0.9157303370786517 0.028117359413202935 0.10112359550561797
0 0.4089242053789731 0.9850187265917603 0.006112469437652812 0.02247191011235955
0 0.460880195599022 0.897003745318352 0.017114914425427872 0.04868913857677903
0 0.5647921760391198 0.897003745318352 0.014669926650366748 0.06367041198501873
0 0.5929095354523227 0.8951310861423221 0.012224938875305624 0.0449438202247191
0 0.6161369193154034 0.9456928838951311 0.014669926650366748 0.056179775280898875
0 0.6491442542787286 0.949438202247191 0.009779951100244499 0.033707865168539325
0 0.6931540342298288 0.8820224719101124 0.017114914425427872 0.06367041198501873
0 0.7059902200488998 0.8951310861423221 0.013447432762836185 0.052434456928838954
0 0.7518337408312958 0.8670411985018727 0.014669926650366748 0.056179775280898875
0 0.7976772616136919 0.9588014981273408 0.006112469437652812 0.02247191011235955
0 0.8887530562347188 0.9138576779026217 0.009779951100244499 0.03745318352059925
0 0.8979217603911981 0.9119850187265918 0.011002444987775062 0.033707865168539325
0 0.9547677261613692 0.9176029962546817 0.012224938875305624 0.0449438202247191
0 0.32946210268948656 0.9569288389513109 0.006112469437652812 0.026217228464419477
0 0.33924205378973105 0.9719101123595506 0.008557457212713936 0.026217228464419477
0 0.3471882640586797 1.0280898876404494 0.012224938875305624 0.13857677902621723
0 0.3245721271393643 1.0299625468164795 0.008557457212713936 0.12734082397003746
0 0.4889975550122249 0.9737827715355806 0.004889975550122249 0.0149812734082397
0 0.49816625916870416 1.0056179775280898 0.011002444987775062 0.10112359550561797
0 0.5103911980440098 0.9550561797752809 0.006112469437652812 0.02247191011235955
0 0.5794621026894865 0.9194756554307116 0.007334963325183374 0.026217228464419477
0 0.6742053789731052 1.0299625468164795 0.01589242053789731 0.1647940074906367
0 0.6656479217603912 1.0168539325842696 0.011002444987775062 0.15355805243445692
0 0.6577017114914425 0.949438202247191 0.004889975550122249 0.018726591760299626
0 0.7328850855745721 0.9569288389513109 0.008557457212713936 0.026217228464419477
