0 -0.004050925925925926 0.6170634920634921 0.028935185185185185 0.11507936507936507
0 0.08333333333333333 0.6924603174603174 0.03009259259259259 0.1388888888888889
0 0.14583333333333334 0.6785714285714286 0.03009259259259259 0.15079365079365079
0 0.18518518518518517 0.626984126984127 0.03009259259259259 0.11904761904761904
0 0.25405092592592593 0.7003968253968254 0.028935185185185185 0.11507936507936507
0 0.30960648148148145 0.75 0.03125 0.1349206349206349
0 0.3940972222222222 0.5873015873015873 0.04050925925925926 0.19047619047619047
0 0.42766203703703703 0.7003968253968254 0.03356481481481482 0.12301587301587301
0 0.5277777777777778 0.6944444444444444 0.032407407407407406 0.1349206349206349
0 0.6047453703703703 0.7083333333333334 0.03125 0.12301587301587301
0 0.7008101851851852 0.6845238095238095 0.03356481481481482 0.1388888888888889
0 0.7372685185185185 0.6488095238095238 0.032407407407407406 0.12301587301587301
0 0.7945601851851852 0.7321428571428571 0.03125 0.12301587301587301
0 0.8576388888888888 0.6805555555555556 0.034722222222222224 0.14682539682539683
0 0.6689814814814815 0.6607142857142857 0.023148148148148147 0.09126984126984126
0 0.9282407407407407 0.6567460317460317 0.027777777777777776 0.09126984126984126
0 0.9716435185185185 0.7301587301587301 0.019675925925925927 0.07936507936507936
0 0.46469907407407407 0.7063492063492064 0.028935185185185185 0.12698412698412698
0 0.8871527777777778 0.6448412698412699 0.02199074074074074 0.08333333333333333
