0 1.0104166666666667 2.3333333333333335 0.017045454545454544 0.10666666666666667
0 0.9554924242424242 2.28 0.017045454545454544 0.13333333333333333
0 0.9289772727272727 2.4266666666666667 0.017045454545454544 0.10666666666666667
0 0.7339015151515151 2.2266666666666666 0.04734848484848485 0.37333333333333335
0 0.5246212121212122 2.2333333333333334 0.045454545454545456 0.38666666666666666
0 0.3854166666666667 2.2533333333333334 0.032196969696969696 0.29333333333333333
0 0.29640151515151514 2.3133333333333335 0.05113636363636364 0.38666666666666666
0 0.28882575757575757 2.12 0.03598484848484849 0.32
0 0.6392045454545454 2.3466666666666667 0.013257575757575758 0.10666666666666667
0 0.17613636363636365 2.3 0.01893939393939394 0.14666666666666667
0 0.10606060606060606 2.2733333333333334 0.011363636363636364 0.09333333333333334
0 0.04071969696969697 2.3 0.00946969696969697 0.06666666666666667
0 0.023674242424242424 2.2933333333333334 0.00946969696969697 0.05333333333333334
0 0.6373106060606061 2.36 0.013257575757575758 0.10666666666666667
