0 0.0034653465346534654 0.7287581699346405 0.0900990099009901 0.30718954248366015
0 0.10148514851485149 0.7178649237472767 0.0900990099009901 0.1895424836601307
0 0.13910891089108912 0.6328976034858388 0.046534653465346534 0.1328976034858388
0 0.19900990099009902 0.4869281045751634 0.06732673267326733 0.16775599128540306
0 0.2391089108910891 0.5479302832244008 0.0504950495049505 0.14161220043572983
0 0.2876237623762376 0.5980392156862745 0.03663366336633663 0.09803921568627451
0 0.3292079207920792 0.6808278867102396 0.05643564356435644 0.1503267973856209
0 0.3777227722772277 0.6383442265795207 0.032673267326732675 0.07407407407407407
0 0.39504950495049507 0.6002178649237473 0.023762376237623763 0.06753812636165578
0 0.45643564356435645 0.5610021786492375 0.04554455445544554 0.11982570806100218
0 0.4801980198019802 0.7015250544662309 0.047524752475247525 0.12200435729847495
0 0.5178217821782178 0.630718954248366 0.03564356435643564 0.10675381263616558
0 0.5648514851485148 0.5196078431372549 0.1 0.20261437908496732
0 0.6915841584158415 0.6252723311546841 0.03663366336633663 0.0915032679738562
0 0.7173267326732673 0.6318082788671024 0.034653465346534656 0.08714596949891068
0 0.6925742574257425 0.659041394335512 0.0504950495049505 0.12854030501089325
0 0.7861386138613862 0.5773420479302832 0.033663366336633666 0.10893246187363835
0 0.945049504950495 0.6132897603485838 0.026732673267326732 0.08496732026143791
0 0.9044554455445545 0.6089324618736384 0.0504950495049505 0.11546840958605664
0 0.8316831683168316 0.6241830065359477 0.10693069306930693 0.24618736383442266
0 0.8381188118811881 1.1100217864923747 0.07425742574257425 0.22004357298474944
