0 0.9 0.9933333333333333 0.12544802867383512 0.5866666666666667
0 -0.01039426523297491 1.0316666666666667 0.053763440860215055 0.31666666666666665
0 0.04551971326164875 1.08 0.055197132616487454 0.24
0 0.1060931899641577 1.27 0.032974910394265235 0.16666666666666666
0 0.1867383512544803 1.0583333333333333 0.07240143369175628 0.41
0 0.22258064516129034 0.9233333333333333 0.05806451612903226 0.34
0 0.27956989247311825 0.99 0.02867383512544803 0.14666666666666667
0 0.3204301075268817 1.09 0.025806451612903226 0.11333333333333333
0 0.3720430107526882 1.0833333333333333 0.02007168458781362 0.10666666666666667
0 0.3842293906810036 1.1316666666666666 0.015770609318996417 0.08333333333333333
0 0.46702508960573474 0.9816666666666667 0.03369175627240143 0.21666666666666667
0 0.5111111111111111 1.035 0.02007168458781362 0.11666666666666667
0 0.5379928315412187 0.9816666666666667 0.022222222222222223 0.11
0 0.5698924731182796 1.0016666666666667 0.015770609318996417 0.09
0 0.5885304659498208 0.95 0.021505376344086023 0.13333333333333333
0 0.5853046594982079 1.0516666666666667 0.017921146953405017 0.09
0 0.6279569892473118 0.9666666666666667 0.01863799283154122 0.10666666666666667
0 0.6444444444444445 0.9716666666666667 0.01003584229390681 0.05
0 0.6584229390681003 0.905 0.016487455197132617 0.10333333333333333
0 0.6799283154121863 0.7933333333333333 0.01935483870967742 0.12
0 0.7017921146953405 0.805 0.02007168458781362 0.11
0 0.7333333333333333 0.81 0.022939068100358423 0.12
0 0.7792114695340502 0.5466666666666666 0.032974910394265235 0.2
0 0.796415770609319 0.4766666666666667 0.04874551971326165 0.24666666666666667
0 0.8670250896057348 0.73 0.03655913978494624 0.18666666666666668
0 0.9157706093189965 0.6283333333333333 0.053763440860215055 0.25
0 0.6007168458781362 1.005 0.011469534050179211 0.06333333333333334
0 0.3860215053763441 1.1266666666666667 0.012186379928315413 0.06666666666666667
0 0.4118279569892473 1.1716666666666666 0.013620071684587814 0.08333333333333333
