0 0.027479091995221028 0.9005524861878453 0.06690561529271206 0.19889502762430938
0 0.06929510155316607 0.8218232044198895 0.009557945041816009 0.024861878453038673
0 0.0985663082437276 0.8204419889502762 0.010752688172043012 0.027624309392265192
0 0.26045400238948624 0.81353591160221 0.016726403823178016 0.052486187845303865
0 0.24253285543608125 0.8093922651933702 0.009557945041816009 0.022099447513812154
0 0.2951015531660693 0.8397790055248618 0.011947431302270013 0.03314917127071823
0 0.3249701314217443 0.8218232044198895 0.014336917562724014 0.03591160220994475
0 0.33273596176821985 0.7955801104972375 0.022700119474313024 0.06077348066298342
0 0.3727598566308244 0.8176795580110497 0.011947431302270013 0.027624309392265192
0 0.3996415770609319 0.8093922651933702 0.013142174432497013 0.03314917127071823
0 0.4551971326164875 0.8425414364640884 0.021505376344086023 0.049723756906077346
0 0.49522102747909197 0.8107734806629834 0.010752688172043012 0.03038674033149171
0 0.5286738351254481 0.8204419889502762 0.017921146953405017 0.03867403314917127
0 0.5663082437275986 0.7817679558011049 0.021505376344086023 0.06629834254143646
0 0.6146953405017921 0.8342541436464088 0.022700119474313024 0.06077348066298342
0 0.7019115890083633 0.7748618784530387 0.017921146953405017 0.04143646408839779
0 0.6523297491039427 0.81353591160221 0.011947431302270013 0.024861878453038673
0 0.4169653524492234 0.9019337016574586 0.02867383512544803 0.17403314917127072
0 0.9802867383512545 0.8011049723756906 0.027479091995221028 0.09392265193370165
