0 1.2341176470588235 2.300751879699248 0.04 0.16541353383458646
0 1.0976470588235294 2.3233082706766917 0.04470588235294118 0.16541353383458646
0 0.9705882352941176 2.338345864661654 0.04 0.18045112781954886
0 0.9117647058823529 2.327067669172932 0.03058823529411765 0.09774436090225563
0 0.9988235294117647 2.3684210526315788 0.02588235294117647 0.09022556390977443
0 1.06 2.2706766917293235 0.01647058823529412 0.06015037593984962
0 1.1352941176470588 2.357142857142857 0.02588235294117647 0.09774436090225563
0 1.3458823529411765 2.206766917293233 0.009411764705882352 0.03759398496240601
0 1.8823529411764706 2.330827067669173 0.02823529411764706 0.10526315789473684
0 1.1776470588235295 2.3045112781954886 0.021176470588235293 0.06766917293233082
0 1.2658823529411765 2.2593984962406015 0.03294117647058824 0.11278195488721804
0 1.2882352941176471 2.206766917293233 0.021176470588235293 0.06766917293233082
