0 0.9835164835164835 0.9878934624697336 0.050061050061050064 0.13559322033898305
0 0.8553113553113553 0.8535108958837773 0.03785103785103785 0.1089588377723971
0 0.7619047619047619 0.8753026634382567 0.04151404151404151 0.09443099273607748
0 0.7087912087912088 0.864406779661017 0.03785103785103785 0.08232445520581114
0 0.5915750915750916 0.9527845036319612 0.045177045177045176 0.09927360774818401
0 0.5824175824175825 0.9285714285714286 0.04151404151404151 0.09927360774818401
0 0.6092796092796092 0.864406779661017 0.031746031746031744 0.06779661016949153
0 0.5170940170940171 0.8680387409200968 0.030525030525030524 0.07990314769975787
0 0.4536019536019536 0.9636803874092009 0.050061050061050064 0.10653753026634383
0 0.4554334554334554 0.8656174334140436 0.03418803418803419 0.0847457627118644
0 0.47924297924297926 0.8559322033898306 0.03296703296703297 0.07990314769975787
0 0.34737484737484736 0.8268765133171913 0.03540903540903541 0.07990314769975787
0 0.22954822954822954 0.8523002421307506 0.03418803418803419 0.0774818401937046
0 0.163003663003663 0.9430992736077481 0.052503052503052504 0.10411622276029056
0 0.1105006105006105 0.9322033898305084 0.045177045177045176 0.08716707021791767
0 0.029304029304029304 0.8450363196125908 0.04151404151404151 0.09685230024213075
0 0.03540903540903541 0.9430992736077481 0.0463980463980464 0.09927360774818401
0 0.11355311355311355 0.7457627118644068 0.02197802197802198 0.043583535108958835
0 0.16788766788766787 0.7215496368038741 0.02564102564102564 0.05811138014527845
0 0.19597069597069597 0.7929782082324455 0.028083028083028084 0.06537530266343826
0 0.1984126984126984 0.7433414043583535 0.0231990231990232 0.048426150121065374
0 0.22832722832722832 0.7360774818401937 0.02197802197802198 0.048426150121065374
0 0.27350427350427353 0.7772397094430993 0.02197802197802198 0.048426150121065374
0 0.29853479853479853 0.8002421307506054 0.028083028083028084 0.06537530266343826
0 0.2771672771672772 0.715496368038741 0.019536019536019536 0.04600484261501211
0 0.257020757020757 0.7167070217917676 0.015873015873015872 0.0387409200968523
0 0.32112332112332115 0.7445520581113801 0.017094017094017096 0.03631961259079903
0 0.29365079365079366 0.715496368038741 0.018315018315018316 0.04116222760290557
0 0.2967032967032967 0.6840193704600485 0.009768009768009768 0.021791767554479417
0 0.30158730158730157 0.6537530266343826 0.009768009768009768 0.024213075060532687
0 0.31135531135531136 0.6658595641646489 0.007326007326007326 0.01937046004842615
0 0.3876678876678877 0.7857142857142857 0.0231990231990232 0.05084745762711865
0 0.3534798534798535 0.7336561743341404 0.020757020757020756 0.043583535108958835
0 0.34065934065934067 0.6852300242130751 0.01221001221001221 0.029055690072639227
0 0.3412698412698413 0.648910411622276 0.008547008547008548 0.01937046004842615
0 0.3711843711843712 0.6803874092009685 0.014652014652014652 0.029055690072639227
0 0.3601953601953602 0.6791767554479419 0.009768009768009768 0.021791767554479417
0 0.3803418803418803 0.698547215496368 0.01098901098901099 0.026634382566585957
0 0.3601953601953602 0.6719128329297821 0.01221001221001221 0.07506053268765134
0 0.39133089133089133 0.7590799031476998 0.020757020757020756 0.04600484261501211
0 0.452991452991453 0.7397094430992736 0.02442002442002442 0.05084745762711865
0 0.42918192918192916 0.738498789346247 0.020757020757020756 0.048426150121065374
0 0.42185592185592186 0.7021791767554479 0.006105006105006105 0.014527845036319613
0 0.4017094017094017 0.7312348668280871 0.014652014652014652 0.08232445520581114
0 0.5170940170940171 0.788135593220339 0.0231990231990232 0.05569007263922518
0 0.5561660561660562 0.837772397094431 0.015873015873015872 0.03389830508474576
0 0.6282051282051282 0.7953995157384988 0.030525030525030524 0.06053268765133172
0 0.6733821733821734 0.761501210653753 0.020757020757020756 0.04600484261501211
0 0.6019536019536019 0.7445520581113801 0.019536019536019536 0.04600484261501211
0 0.6135531135531136 0.7276029055690073 0.018315018315018316 0.04600484261501211
0 0.6257631257631258 0.7179176755447942 0.01098901098901099 0.031476997578692496
0 0.6501831501831502 0.7699757869249395 0.015873015873015872 0.03389830508474576
0 0.5158730158730159 0.7300242130750605 0.013431013431013432 0.03631961259079903
0 0.4706959706959707 0.761501210653753 0.013431013431013432 0.03631961259079903
0 0.4694749694749695 0.6852300242130751 0.01098901098901099 0.024213075060532687
0 0.4597069597069597 0.6767554479418886 0.01098901098901099 0.031476997578692496
0 0.5061050061050061 0.6912832929782082 0.01098901098901099 0.031476997578692496
0 0.4884004884004884 0.6803874092009685 0.01221001221001221 0.024213075060532687
0 0.45848595848595847 0.6380145278450363 0.008547008547008548 0.01694915254237288
0 0.5378510378510378 0.7142857142857143 0.013431013431013432 0.03389830508474576
0 0.5201465201465202 0.7033898305084746 0.014652014652014652 0.026634382566585957
0 0.5598290598290598 0.6924939467312349 0.013431013431013432 0.03389830508474576
0 0.5958485958485958 0.7094430992736077 0.014652014652014652 0.03389830508474576
0 0.6117216117216118 0.6924939467312349 0.014652014652014652 0.03389830508474576
0 0.5958485958485958 0.6658595641646489 0.009768009768009768 0.01937046004842615
0 0.575091575091575 0.6900726392251816 0.014652014652014652 0.029055690072639227
0 0.5738705738705738 0.6634382566585957 0.01221001221001221 0.024213075060532687
0 0.525030525030525 0.6537530266343826 0.007326007326007326 0.014527845036319613
0 0.5500610500610501 0.6561743341404358 0.008547008547008548 0.01937046004842615
0 0.45115995115995117 0.5702179176755447 0.003663003663003663 0.007263922518159807
0 0.9230769230769231 0.860774818401937 0.026862026862026864 0.05569007263922518
0 0.8199023199023199 0.923728813559322 0.030525030525030524 0.07990314769975787
0 0.5836385836385837 0.6707021791767555 0.009768009768009768 0.01937046004842615
