0 0.8642857142857143 -0.009828009828009828 0.15178571428571427 0.3931203931203931
0 0.6383928571428571 0.2371007371007371 0.05714285714285714 0.2334152334152334
0 0.48928571428571427 0.7014742014742015 0.055357142857142855 0.18427518427518427
0 0.3919642857142857 0.17813267813267813 0.07321428571428572 0.25307125307125306
0 0.3151785714285714 0.37714987714987713 0.05178571428571429 0.17936117936117937
0 0.2883928571428571 0.07493857493857493 0.05 0.14496314496314497
0 0.13794642857142858 0.0085995085995086 0.054464285714285715 0.13022113022113022
0 0.475 0.19656019656019655 0.01607142857142857 0.05896805896805897
0 0.43392857142857144 0.15356265356265356 0.019642857142857142 0.06633906633906633
0 0.33125 0.10810810810810811 0.0125 0.0343980343980344
0 0.490625 0.1597051597051597 0.011607142857142858 0.0343980343980344
0 0.5151785714285714 0.1732186732186732 0.0125 0.03194103194103194
0 0.5379464285714286 0.16216216216216217 0.013392857142857142 0.03931203931203931
0 0.5616071428571429 0.16339066339066338 0.010714285714285714 0.03194103194103194
0 0.5910714285714286 0.1732186732186732 0.01607142857142857 0.04668304668304668
0 0.9879464285714286 0.2371007371007371 0.024107142857142858 0.06633906633906633
0 1.0995535714285714 0.2972972972972973 0.022321428571428572 0.05896805896805897
0 1.0870535714285714 0.3181818181818182 0.01875 0.056511056511056514
0 1.021875 0.2764127764127764 0.022321428571428572 0.056511056511056514
0 0.98125 0.24078624078624078 0.019642857142857142 0.05896805896805897
