0 0.16733067729083664 3.809090909090909 0.0398406374501992 0.45454545454545453
0 0.2290836653386454 3.709090909090909 0.0398406374501992 0.4
0 0.27191235059760954 3.581818181818182 0.037848605577689244 0.4727272727272727
0 0.300796812749004 3.881818181818182 0.03187250996015936 0.34545454545454546
0 0.35358565737051795 3.7818181818181817 0.03386454183266932 0.4
0 0.3794820717131474 3.590909090909091 0.03386454183266932 0.41818181818181815
0 0.398406374501992 3.827272727272727 0.0398406374501992 0.45454545454545453
0 0.42330677290836655 3.827272727272727 0.037848605577689244 0.41818181818181815
0 0.4800796812749004 3.9545454545454546 0.035856573705179286 0.38181818181818183
0 0.4810756972111554 3.9545454545454546 0.03386454183266932 0.38181818181818183
0 0.5298804780876494 3.6454545454545455 0.035856573705179286 0.34545454545454546
0 0.5428286852589641 3.9272727272727272 0.03386454183266932 0.43636363636363634
0 0.5816733067729084 3.7181818181818183 0.03187250996015936 0.38181818181818183
0 0.6115537848605578 4.072727272727272 0.035856573705179286 0.43636363636363634
0 0.6344621513944223 3.709090909090909 0.037848605577689244 0.43636363636363634
0 0.6553784860557769 3.5636363636363635 0.03187250996015936 0.36363636363636365
0 0.6942231075697212 3.6272727272727274 0.045816733067729085 0.45454545454545453
0 0.7529880478087649 3.5272727272727273 0.043824701195219126 0.4727272727272727
0 0.8266932270916335 3.6636363636363636 0.035856573705179286 0.45454545454545453
0 0.8764940239043825 3.6818181818181817 0.043824701195219126 0.41818181818181815
0 0.8854581673306773 3.890909090909091 0.037848605577689244 0.4
0 0.9302788844621513 3.727272727272727 0.043824701195219126 0.43636363636363634
0 0.9721115537848606 3.8636363636363638 0.03187250996015936 0.41818181818181815
0 1.000996015936255 3.8636363636363638 0.037848605577689244 0.45454545454545453
0 1.0358565737051793 3.5636363636363635 0.035856573705179286 0.4
0 1.0816733067729083 3.672727272727273 0.0398406374501992 0.4
0 1.1264940239043826 3.6454545454545455 0.04183266932270916 0.4909090909090909
