0 0.3437125748502994 0.13871635610766045 0.00718562874251497 0.012422360248447204
0 0.4 0.15838509316770186 0.016766467065868262 0.07246376811594203
0 0.4694610778443114 0.14182194616977226 0.004790419161676647 0.010351966873706004
0 0.5568862275449101 0.13561076604554864 0.00718562874251497 0.010351966873706004
0 0.5586826347305389 0.12939958592132506 0.005988023952095809 0.010351966873706004
0 0.6089820359281437 0.11904761904761904 0.010778443113772455 0.022774327122153208
0 0.6209580838323353 0.11801242236024845 0.010778443113772455 0.024844720496894408
0 0.7017964071856287 0.10351966873706005 0.01437125748502994 0.028985507246376812
0 0.7748502994011977 0.07349896480331262 0.023952095808383235 0.047619047619047616
0 0.8946107784431138 -0.005175983436853002 0.033532934131736525 0.06418219461697723
0 0.9191616766467066 0.06521739130434782 0.025149700598802394 0.047619047619047616
0 0.9652694610778443 0.033126293995859216 0.03832335329341317 0.06625258799171843
0 1.0137724550898204 0.09213250517598344 0.029940119760479042 0.060041407867494824
0 0.3059880239520958 0.7194616977225673 0.013173652694610778 0.026915113871635612
0 0.3904191616766467 0.40683229813664595 0.00718562874251497 0.010351966873706004
0 0.4125748502994012 0.3198757763975155 0.013173652694610778 0.051759834368530024
0 0.418562874251497 0.2950310559006211 0.003592814371257485 0.006211180124223602
0 0.4419161676646707 0.30124223602484473 0.004790419161676647 0.010351966873706004
0 0.455688622754491 0.2805383022774327 0.003592814371257485 0.006211180124223602
0 0.46526946107784434 0.2826086956521739 0.003592814371257485 0.006211180124223602
0 0.455688622754491 0.2919254658385093 0.003592814371257485 0.008281573498964804
0 0.5215568862275449 0.2981366459627329 0.013173652694610778 0.045548654244306416
0 0.525748502994012 0.3053830227743271 0.011976047904191617 0.055900621118012424
0 0.5341317365269461 0.2919254658385093 0.004790419161676647 0.008281573498964804
0 0.5395209580838324 0.33126293995859213 0.003592814371257485 0.008281573498964804
0 0.5449101796407185 0.34782608695652173 0.009580838323353293 0.049689440993788817
0 0.5455089820359281 0.3084886128364389 0.003592814371257485 0.008281573498964804
0 0.5544910179640719 0.3022774327122153 0.011976047904191617 0.049689440993788817
0 0.5682634730538922 0.2857142857142857 0.005988023952095809 0.008281573498964804
0 0.551497005988024 0.3250517598343685 0.003592814371257485 0.008281573498964804
0 0.5640718562874252 0.34057971014492755 0.011976047904191617 0.055900621118012424
0 0.5724550898203593 0.3188405797101449 0.004790419161676647 0.008281573498964804
0 0.5059880239520959 0.38716356107660455 0.008383233532934131 0.041407867494824016
0 0.5838323353293413 0.36645962732919257 0.005988023952095809 0.012422360248447204
0 0.6011976047904192 0.37577639751552794 0.004790419161676647 0.010351966873706004
0 0.592814371257485 0.43685300207039335 0.00718562874251497 0.016563146997929608
0 0.6035928143712574 0.427536231884058 0.00718562874251497 0.014492753623188406
0 0.6227544910179641 0.44616977225672877 0.004790419161676647 0.010351966873706004
0 0.6281437125748504 0.45962732919254656 0.008383233532934131 0.016563146997929608
0 0.6497005988023952 0.43788819875776397 0.008383233532934131 0.018633540372670808
0 0.567065868263473 0.6014492753623188 0.005988023952095809 0.010351966873706004
0 0.5790419161676646 0.6024844720496895 0.005988023952095809 0.012422360248447204
0 0.5916167664670658 0.7857142857142857 0.009580838323353293 0.018633540372670808
0 0.5988023952095808 0.8571428571428571 0.009580838323353293 0.016563146997929608
0 0.4808383233532934 0.6811594202898551 0.003592814371257485 0.008281573498964804
0 0.49700598802395207 0.6728778467908902 0.004790419161676647 0.008281573498964804
0 0.5095808383233533 0.6759834368530021 0.003592814371257485 0.010351966873706004
0 0.5071856287425149 0.7370600414078675 0.005988023952095809 0.012422360248447204
0 0.4467065868263473 0.839544513457557 0.004790419161676647 0.010351966873706004
0 0.4479041916167665 0.8509316770186336 0.00718562874251497 0.012422360248447204
0 0.45868263473053894 0.8064182194616977 0.00718562874251497 0.010351966873706004
0 0.4682634730538922 0.8240165631469979 0.00718562874251497 0.012422360248447204
0 0.43832335329341315 0.9503105590062112 0.00718562874251497 0.012422360248447204
0 0.4940119760479042 0.8995859213250518 0.005988023952095809 0.010351966873706004
0 0.5071856287425149 0.8995859213250518 0.013173652694610778 0.060041407867494824
0 0.5155688622754491 0.9109730848861284 0.005988023952095809 0.012422360248447204
