0 0.3755274261603376 6.315217391304348 0.06751054852320675 0.32608695652173914
0 0.4240506329113924 6.282608695652174 0.05485232067510549 0.30434782608695654
0 0.6371308016877637 5.913043478260869 0.05907172995780591 0.30434782608695654
0 0.7257383966244726 6.0 0.05063291139240506 0.2608695652173913
0 0.810126582278481 5.989130434782608 0.04219409282700422 0.2391304347826087
0 0.8945147679324894 5.804347826086956 0.03375527426160337 0.17391304347826086
0 0.9936708860759493 5.826086956521739 0.029535864978902954 0.17391304347826086
0 1.0421940928270041 6.065217391304348 0.06751054852320675 0.34782608695652173
0 1.1729957805907174 6.021739130434782 0.05063291139240506 0.391304347826087
0 1.3206751054852321 5.989130434782608 0.04219409282700422 0.2391304347826087
0 1.2848101265822784 5.934782608695652 0.05485232067510549 0.30434782608695654
