0 0.9665450121654501 0.6323943661971831 0.01338199513381995 0.030985915492957747
0 0.9513381995133819 0.6338028169014085 0.029197080291970802 0.07323943661971831
0 0.9124087591240876 0.6605633802816901 0.0170316301703163 0.04225352112676056
0 0.8619221411192214 0.6084507042253521 0.027980535279805353 0.061971830985915494
0 0.8017031630170316 0.4323943661971831 0.04866180048661801 0.10422535211267606
0 0.7998783454987834 0.5112676056338028 0.06447688564476886 0.14929577464788732
0 0.7110705596107056 0.6535211267605634 0.030413625304136254 0.0676056338028169
0 0.6447688564476886 0.604225352112676 0.10218978102189781 0.28450704225352114
0 0.5711678832116789 0.6619718309859155 0.027980535279805353 0.0676056338028169
0 0.5115571776155717 0.6422535211267606 0.032846715328467155 0.09577464788732394
0 0.47141119221411193 0.704225352112676 0.032846715328467155 0.0676056338028169
0 0.4543795620437956 0.6788732394366197 0.015815085158150853 0.05070422535211268
0 0.44038929440389296 0.6943661971830986 0.014598540145985401 0.04225352112676056
0 0.42031630170316303 0.6887323943661972 0.02068126520681265 0.0647887323943662
0 0.40875912408759124 0.6704225352112676 0.0267639902676399 0.07323943661971831
0 0.39172749391727496 0.7056338028169014 0.012165450121654502 0.036619718309859155
0 0.3777372262773723 0.8112676056338028 0.032846715328467155 0.11267605633802817
0 0.3424574209245742 0.7225352112676057 0.027980535279805353 0.059154929577464786
0 0.30961070559610704 0.7352112676056338 0.02068126520681265 0.061971830985915494
0 0.25304136253041365 0.7492957746478873 0.031630170316301706 0.08450704225352113
0 0.22688564476885645 0.7746478873239436 0.015815085158150853 0.03943661971830986
0 0.22992700729927007 0.7619718309859155 0.014598540145985401 0.036619718309859155
0 0.2159367396593674 0.7507042253521127 0.01338199513381995 0.036619718309859155
0 0.1794403892944039 0.7563380281690141 0.01338199513381995 0.036619718309859155
0 0.19038929440389293 0.7676056338028169 0.01824817518248175 0.04788732394366197
0 0.19099756690997566 0.7845070422535211 0.014598540145985401 0.036619718309859155
0 0.19343065693430658 0.8704225352112676 0.038929440389294405 0.09577464788732394
0 0.1721411192214112 1.1971830985915493 0.06447688564476886 0.16901408450704225
0 0.0535279805352798 0.7845070422535211 0.058394160583941604 0.16056338028169015
0 0.1362530413625304 0.7718309859154929 0.014598540145985401 0.03943661971830986
0 0.01338199513381995 0.9056338028169014 0.0267639902676399 0.3464788732394366
0 0.7427007299270073 0.6309859154929578 0.027980535279805353 0.08450704225352113
0 0.28102189781021897 0.7830985915492957 0.021897810218978103 0.05070422535211268
0 0.2767639902676399 0.752112676056338 0.01824817518248175 0.04507042253521127
