0 0.2226148409893993 0.19540229885057472 0.02120141342756184 0.08045977011494253
0 0.2773851590106007 0.014367816091954023 0.028268551236749116 0.07471264367816093
0 0.37190812720848054 0.1781609195402299 0.030035335689045935 0.27586206896551724
0 0.40724381625441697 0.10919540229885058 0.030035335689045935 0.09195402298850575
0 0.4549469964664311 0.08620689655172414 0.022968197879858657 0.08045977011494253
0 0.4752650176678445 0.11494252873563218 0.02120141342756184 0.06896551724137931
0 0.5026501766784452 0.21839080459770116 0.015901060070671377 0.05747126436781609
0 0.5326855123674912 0.22701149425287356 0.015901060070671377 0.06321839080459771
0 0.5671378091872792 0.21264367816091953 0.0176678445229682 0.05747126436781609
0 0.5662544169611308 0.21839080459770116 0.015901060070671377 0.05747126436781609
0 0.6095406360424028 0.1839080459770115 0.02120141342756184 0.06896551724137931
0 0.38162544169611307 0.5545977011494253 0.1166077738515901 0.5229885057471264
0 0.8091872791519434 0.7471264367816092 0.1166077738515901 0.45977011494252873
0 0.6952296819787986 0.5948275862068966 0.09717314487632508 0.39655172413793105
0 1.1280918727915195 0.34195402298850575 0.030035335689045935 0.13218390804597702
0 1.0097173144876326 0.3879310344827586 0.044169611307420496 0.13218390804597702
0 0.9204946996466431 0.10919540229885058 0.038869257950530034 0.14942528735632185
0 0.8021201413427562 0.1925287356321839 0.02120141342756184 0.06321839080459771
0 0.7438162544169611 0.20114942528735633 0.014134275618374558 0.05747126436781609
0 0.808303886925795 0.04885057471264368 0.019434628975265017 0.05172413793103448
0 0.7093639575971732 0.11494252873563218 0.012367491166077738 0.04597701149425287
0 1.0273851590106007 0.14367816091954022 0.022968197879858657 0.08045977011494253
0 1.0680212014134276 0.1867816091954023 0.026501766784452298 0.08620689655172414
0 0.9885159010600707 0.3218390804597701 0.03356890459363958 0.3448275862068966
0 0.9885159010600707 0.23563218390804597 0.026501766784452298 0.26436781609195403
