0 0.01097560975609756 1.5621301775147929 0.024390243902439025 0.1301775147928994
0 0.03597560975609756 1.7071005917159763 0.025609756097560974 0.1242603550295858
0 0.06646341463414634 1.8047337278106508 0.015853658536585366 0.09467455621301775
0 0.1823170731707317 1.6863905325443787 0.025609756097560974 0.14201183431952663
0 0.21280487804878048 1.6420118343195267 0.025609756097560974 0.13609467455621302
0 0.28597560975609754 1.665680473372781 0.023170731707317073 0.1242603550295858
0 0.32378048780487806 1.6952662721893492 0.025609756097560974 0.1242603550295858
0 0.3621951219512195 1.5562130177514792 0.026829268292682926 0.14201183431952663
0 0.4298780487804878 1.7100591715976332 0.023170731707317073 0.14201183431952663
0 0.5115853658536585 1.7781065088757397 0.023170731707317073 0.1242603550295858
0 0.5756097560975609 1.7633136094674555 0.02195121951219512 0.10650887573964497
0 0.6170731707317073 1.816568047337278 0.02195121951219512 0.1301775147928994
0 0.6402439024390244 1.8136094674556213 0.01951219512195122 0.1242603550295858
0 0.7554878048780488 1.71301775147929 0.023170731707317073 0.1242603550295858
0 0.7914634146341464 1.9171597633136095 0.014634146341463415 0.07100591715976332
0 0.8579268292682927 1.8106508875739644 0.023170731707317073 0.11834319526627218
0 0.9865853658536585 1.5917159763313609 0.024390243902439025 0.15384615384615385
