0 0.6197183098591549 1.061046511627907 0.04225352112676056 0.18023255813953487
0 0.511443661971831 0.9505813953488372 0.04401408450704225 0.20348837209302326
0 0.35651408450704225 0.997093023255814 0.04753521126760563 0.18023255813953487
0 0.2579225352112676 1.1482558139534884 0.03345070422535211 0.14534883720930233
0 0.19982394366197184 1.1715116279069768 0.03345070422535211 0.14534883720930233
0 0.08538732394366197 1.0290697674418605 0.04753521126760563 0.18604651162790697
0 0.17165492957746478 1.0203488372093024 0.03697183098591549 0.18023255813953487
0 0.2007042253521127 0.9941860465116279 0.03169014084507042 0.12790697674418605
0 0.09859154929577464 0.811046511627907 0.04225352112676056 0.1686046511627907
0 0.20950704225352113 0.7848837209302325 0.035211267605633804 0.13953488372093023
0 0.2878521126760563 0.7877906976744186 0.040492957746478875 0.1569767441860465
0 0.31690140845070425 0.875 0.03873239436619718 0.18023255813953487
0 0.3512323943661972 0.9040697674418605 0.03697183098591549 0.1686046511627907
0 0.43838028169014087 0.9447674418604651 0.03873239436619718 0.1686046511627907
0 0.46566901408450706 0.9825581395348837 0.03697183098591549 0.1511627906976744
0 0.5492957746478874 0.877906976744186 0.03169014084507042 0.13953488372093023
0 0.5959507042253521 0.9011627906976745 0.03345070422535211 0.12790697674418605
0 0.6514084507042254 0.9040697674418605 0.03169014084507042 0.14534883720930233
0 0.7253521126760564 0.8401162790697675 0.03169014084507042 0.13372093023255813
0 0.7552816901408451 0.8343023255813954 0.028169014084507043 0.14534883720930233
0 0.7561619718309859 0.8343023255813954 0.02992957746478873 0.14534883720930233
0 0.8477112676056338 0.7354651162790697 0.02640845070422535 0.09883720930232558
0 0.6875 0.8662790697674418 0.03345070422535211 0.12790697674418605
0 0.6241197183098591 0.8633720930232558 0.02992957746478873 0.13372093023255813
0 0.5977112676056338 0.8953488372093024 0.03345070422535211 0.12790697674418605
0 0.4005281690140845 0.8343023255813954 0.03697183098591549 0.14534883720930233
0 0.48151408450704225 0.7616279069767442 0.02992957746478873 0.12790697674418605
0 0.3767605633802817 0.6918604651162791 0.035211267605633804 0.1511627906976744
0 0.40933098591549294 0.7906976744186046 0.03345070422535211 0.13953488372093023
0 0.2984154929577465 0.7354651162790697 0.02992957746478873 0.12209302325581395
0 0.20862676056338028 0.45058139534883723 0.01232394366197183 0.040697674418604654
0 1.0149647887323943 0.6104651162790697 0.01232394366197183 0.046511627906976744
0 0.9419014084507042 0.6540697674418605 0.02112676056338028 0.0872093023255814
0 0.8970070422535211 0.6511627906976745 0.01936619718309859 0.08139534883720931
0 0.8609154929577465 0.7034883720930233 0.02112676056338028 0.08139534883720931
0 0.8045774647887324 0.6366279069767442 0.017605633802816902 0.0755813953488372
0 0.7640845070422535 0.7267441860465116 0.03169014084507042 0.10465116279069768
0 0.7121478873239436 0.7848837209302325 0.02992957746478873 0.13953488372093023
0 0.6875 0.7587209302325582 0.02992957746478873 0.09883720930232558
0 0.5924295774647887 0.6686046511627907 0.022887323943661973 0.09302325581395349
0 0.670774647887324 0.686046511627907 0.02464788732394366 0.08139534883720931
0 0.5713028169014085 0.7732558139534884 0.02640845070422535 0.11627906976744186
0 0.5246478873239436 0.7587209302325582 0.028169014084507043 0.12209302325581395
0 0.5184859154929577 0.8604651162790697 0.03345070422535211 0.12790697674418605
0 0.971830985915493 0.5872093023255814 0.017605633802816902 0.05813953488372093
