0 0.4376391982182628 2.485576923076923 0.0200445434298441 0.10576923076923077
0 0.5233853006681515 2.4326923076923075 0.031180400890868598 0.15384615384615385
0 0.6158129175946548 2.4951923076923075 0.028953229398663696 0.125
0 0.6481069042316259 2.5 0.026726057906458798 0.11538461538461539
0 0.7015590200445434 2.581730769230769 0.008908685968819599 0.04807692307692308
0 0.7461024498886414 2.5384615384615383 0.022271714922048998 0.11538461538461539
0 0.7984409799554566 2.514423076923077 0.0200445434298441 0.10576923076923077
0 0.8507795100222717 2.5 0.044543429844097995 0.25
0 0.8652561247216035 2.5240384615384617 0.028953229398663696 0.18269230769230768
0 1.0011135857461024 2.4326923076923075 0.0467706013363029 0.25
0 1.2093541202672606 2.6153846153846154 0.026726057906458798 0.15384615384615385
0 1.3040089086859687 2.576923076923077 0.0334075723830735 0.15384615384615385
0 1.3853006681514477 2.6153846153846154 0.013363028953229399 0.057692307692307696
0 1.4198218262806237 2.6153846153846154 0.015590200445434299 0.07692307692307693
