0 1.4897435897435898 2.0760869565217392 0.02564102564102564 0.03260869565217391
0 1.3974358974358974 2.0652173913043477 0.02564102564102564 0.03260869565217391
0 1.3512820512820514 2.0706521739130435 0.035897435897435895 0.043478260869565216
0 1.3 2.0489130434782608 0.035897435897435895 0.043478260869565216
0 1.2025641025641025 1.9266304347826086 0.02564102564102564 0.03804347826086957
0 1.3051282051282052 1.953804347826087 0.035897435897435895 0.03804347826086957
0 1.6205128205128205 1.8070652173913044 0.020512820512820513 0.02717391304347826
0 1.6666666666666667 1.8043478260869565 0.03076923076923077 0.03260869565217391
0 1.8717948717948718 1.6603260869565217 0.020512820512820513 0.02717391304347826
0 1.841025641025641 1.6630434782608696 0.020512820512820513 0.021739130434782608
0 1.8564102564102565 1.559782608695652 0.020512820512820513 0.021739130434782608
0 1.8871794871794871 1.6141304347826086 0.05128205128205128 0.11956521739130435
0 2.0153846153846153 1.4782608695652173 0.020512820512820513 0.021739130434782608
0 1.9820512820512821 1.5108695652173914 0.046153846153846156 0.10869565217391304
0 1.0461538461538462 1.4184782608695652 0.03076923076923077 0.03260869565217391
