0 0.06947697111631537 0.4573820395738204 0.0312256049960968 0.0441400304414003
0 0.3114754098360656 0.4436834094368341 0.0312256049960968 0.0715372907153729
0 0.41920374707259955 0.34779299847793 0.0468384074941452 0.0989345509893455
0 0.4968774395003903 0.4657534246575342 0.0273224043715847 0.0578386605783866
0 0.5597189695550351 0.4406392694063927 0.03278688524590164 0.0867579908675799
0 0.656128024980484 0.4132420091324201 0.0273224043715847 0.0745814307458143
0 0.7041373926619828 0.4444444444444444 0.02654176424668228 0.0547945205479452
0 0.7544886807181889 0.45662100456621 0.0195160031225605 0.0487062404870624
0 0.819672131147541 0.484779299847793 0.03590944574551132 0.0837138508371385
0 0.9504293520686963 0.4223744292237443 0.04449648711943794 0.0837138508371385
0 0.849336455893833 0.4056316590563166 0.04996096799375488 0.1354642313546423
0 0.8735362997658079 0.7602739726027398 0.10616705698672912 0.1933028919330289
0 0.6198282591725215 0.4497716894977169 0.0702576112412178 0.1750380517503805
0 0.41842310694769713 0.4345509893455099 0.06713505074160812 0.1659056316590563
0 0.22209211553473848 0.4794520547945205 0.07728337236533958 0.1917808219178082
