0 0.21673003802281368 1.1709558823529411 0.04055766793409379 0.14338235294117646
0 0.3244613434727503 1.2022058823529411 0.030418250950570342 0.10294117647058823
0 0.3897338403041825 1.1709558823529411 0.008871989860583017 0.025735294117647058
0 0.4024081115335868 1.161764705882353 0.008871989860583017 0.029411764705882353
0 0.4100126742712294 1.213235294117647 0.01394169835234474 0.04411764705882353
0 0.44740177439797213 1.1415441176470589 0.022813688212927757 0.07720588235294118
0 0.48986058301647656 1.1360294117647058 0.021546261089987327 0.0661764705882353
0 0.5196451204055766 1.1544117647058822 0.012674271229404309 0.03676470588235294
0 0.5570342205323194 1.1488970588235294 0.019011406844106463 0.07720588235294118
0 0.5880861850443599 1.1856617647058822 0.015209125475285171 0.04779411764705882
0 0.5994930291508238 1.1452205882352942 0.017743979721166033 0.0625
0 0.6368821292775665 1.1654411764705883 0.019011406844106463 0.051470588235294115
0 0.6539923954372624 1.125 0.015209125475285171 0.04411764705882353
0 0.6692015209125475 1.1433823529411764 0.017743979721166033 0.051470588235294115
0 0.7179974651457541 1.1525735294117647 0.029150823827629912 0.10661764705882353
0 0.7655259822560203 1.1709558823529411 0.017743979721166033 0.04779411764705882
0 0.8079847908745247 1.1856617647058822 0.031685678073510776 0.10661764705882353
0 0.8523447401774398 1.2022058823529411 0.036755386565272496 0.11029411764705882
0 0.9258555133079848 1.1783088235294117 0.04182509505703422 0.13602941176470587
0 0.9835234474017744 1.2003676470588236 0.017743979721166033 0.0625
