0 0.3755426917510854 0.8349900596421471 0.02170767004341534 0.03578528827037773
0 0.49493487698986977 0.8946322067594433 0.02604920405209841 0.039761431411530816
0 0.49855282199710566 0.8658051689860835 0.024602026049204053 0.033797216699801194
0 0.49782923299565845 0.8071570576540755 0.020260492040520984 0.03180914512922465
0 0.4761215629522431 0.7455268389662028 0.02604920405209841 0.03180914512922465
0 0.3154848046309696 0.610337972166998 0.020260492040520984 0.039761431411530816
0 0.48480463096960924 0.6332007952286283 0.02894356005788712 0.03777335984095427
0 0.45803183791606367 0.5874751491053678 0.02170767004341534 0.02982107355864811
0 0.49782923299565845 0.5636182902584493 0.023154848046309694 0.033797216699801194
0 0.507959479015919 0.5407554671968191 0.023154848046309694 0.03180914512922465
0 0.5050651230101303 0.46819085487077533 0.023154848046309694 0.033797216699801194
0 0.5260492040520984 0.44532803180914515 0.02170767004341534 0.03180914512922465
0 0.5318379160636758 0.3817097415506958 0.02170767004341534 0.03180914512922465
0 0.5318379160636758 0.2614314115308151 0.024602026049204053 0.03777335984095427
0 0.35672937771345875 0.39065606361829025 0.02170767004341534 0.033797216699801194
0 0.39725036179450074 0.3717693836978131 0.024602026049204053 0.03578528827037773
0 0.4602026049204052 0.3667992047713718 0.02604920405209841 0.03777335984095427
0 0.46960926193921854 0.33001988071570576 0.02170767004341534 0.027833001988071572
0 0.48118668596237335 0.3240556660039761 0.02170767004341534 0.03578528827037773
0 0.23589001447178004 0.3926441351888668 0.020260492040520984 0.02584493041749503
0 0.3386396526772793 0.2803180914512923 0.017366136034732273 0.03180914512922465
0 0.36034732272069464 0.2634194831013916 0.017366136034732273 0.02982107355864811
0 0.2937771345875543 0.2355864811133201 0.02604920405209841 0.03777335984095427
0 0.4211287988422576 0.15805168986083498 0.02604920405209841 0.041749502982107355
0 0.5289435600578871 0.2345924453280318 0.01881331403762663 0.03180914512922465
0 0.487698986975398 0.2147117296222664 0.02604920405209841 0.03180914512922465
0 0.4609261939218524 0.12027833001988071 0.02170767004341534 0.033797216699801194
0 0.5072358900144718 0.1610337972166998 0.01881331403762663 0.03180914512922465
0 0.5209840810419681 0.11133200795228629 0.020260492040520984 0.03578528827037773
0 0.5289435600578871 0.06759443339960239 0.01881331403762663 0.03578528827037773
0 0.540520984081042 0.04671968190854871 0.013024602026049204 0.02982107355864811
0 0.6005788712011577 0.04970178926441352 0.020260492040520984 0.03180914512922465
0 0.32344428364688854 0.09145129224652088 0.02170767004341534 0.03578528827037773
0 0.3458755426917511 0.09443339960238568 0.017366136034732273 0.02982107355864811
0 0.2633863965267728 0.03479125248508946 0.01447178002894356 0.02186878727634195
0 0.402315484804631 0.08946322067594434 0.023154848046309694 0.03180914512922465
0 0.46599131693198265 0.02982107355864811 0.023154848046309694 0.03180914512922465
0 0.40882778581765555 0.03777335984095427 0.02170767004341534 0.03180914512922465
0 0.4377713458755427 0.017892644135188866 0.02170767004341534 0.03180914512922465
0 0.552821997105644 -0.03479125248508946 0.011577424023154847 0.017892644135188866
0 0.6599131693198264 0.005964214711729622 0.017366136034732273 0.02385685884691849
0 0.6874095513748191 0.03180914512922465 0.017366136034732273 0.03180914512922465
0 0.7308248914616498 -0.007952286282306162 0.01447178002894356 0.02385685884691849
0 0.8039073806078147 -0.02385685884691849 0.01881331403762663 0.02385685884691849
0 0.8270622286541245 0.03578528827037773 0.02170767004341534 0.03578528827037773
0 0.8639652677279306 0.03578528827037773 0.020260492040520984 0.03578528827037773
0 0.8936324167872648 0.11232604373757456 0.02170767004341534 0.033797216699801194
0 0.9667149059334298 0.02882703777335984 0.020260492040520984 0.033797216699801194
0 1.0477568740955137 -0.014910536779324055 0.020260492040520984 0.02982107355864811
0 1.096960926193922 -0.019880715705765408 0.01447178002894356 0.02385685884691849
0 1.1374819102749638 0.014910536779324055 0.017366136034732273 0.02584493041749503
0 1.03328509406657 0.11133200795228629 0.017366136034732273 0.03180914512922465
0 0.9261939218523878 0.12524850894632206 0.023154848046309694 0.039761431411530816
0 0.9052098408104197 0.1610337972166998 0.027496382054992764 0.03578528827037773
0 0.9305354558610709 0.2355864811133201 0.020260492040520984 0.03777335984095427
0 0.9790159189580319 0.2276341948310139 0.02170767004341534 0.02982107355864811
0 0.9681620839363242 0.20974155069582506 0.017366136034732273 0.02982107355864811
0 0.9204052098408104 0.279324055666004 0.020260492040520984 0.03777335984095427
0 0.9370477568740955 0.3628230616302187 0.024602026049204053 0.03777335984095427
0 0.9377713458755427 0.42047713717693835 0.017366136034732273 0.02584493041749503
0 0.9507959479015919 0.4662027833001988 0.023154848046309694 0.03777335984095427
0 0.9696092619392185 0.5208747514910537 0.020260492040520984 0.03180914512922465
0 0.975397973950796 0.5546719681908548 0.02894356005788712 0.039761431411530816
0 0.9254703328509407 0.6332007952286283 0.024602026049204053 0.02982107355864811
0 0.9276410998552822 0.6958250497017893 0.020260492040520984 0.027833001988071572
0 0.959479015918958 0.8071570576540755 0.023154848046309694 0.039761431411530816
0 1.0311143270622287 0.6829025844930418 0.024602026049204053 0.033797216699801194
0 1.1034732272069465 0.5904572564612326 0.024602026049204053 0.03180914512922465
0 1.1070911722141823 0.6868787276341949 0.02604920405209841 0.033797216699801194
0 1.1837916063675833 0.5228628230616302 0.02604920405209841 0.03578528827037773
0 1.1599131693198264 0.4691848906560636 0.024602026049204053 0.027833001988071572
0 1.0984081041968161 0.4701789264413519 0.02604920405209841 0.03777335984095427
0 0.6729377713458755 0.5168986083499006 0.023154848046309694 0.03578528827037773
0 0.8147612156295224 0.5268389662027833 0.020260492040520984 0.039761431411530816
0 0.7793053545586107 0.3976143141153082 0.015918958031837915 0.03180914512922465
0 0.7402315484804631 0.3757455268389662 0.02170767004341534 0.03578528827037773
0 0.7243125904486252 0.2524850894632207 0.02170767004341534 0.03578528827037773
0 0.7568740955137482 0.26938369781312127 0.017366136034732273 0.033797216699801194
0 0.7916063675832128 0.220675944333996 0.017366136034732273 0.027833001988071572
0 0.715629522431259 0.20178926441351888 0.015918958031837915 0.02584493041749503
0 0.9652677279305355 0.584493041749503 0.03183791606367583 0.039761431411530816
