0 0.8036465638148668 0.4629934210526316 0.05820476858345021 0.14638157894736842
0 0.6095722300140253 0.5057565789473685 0.05049088359046283 0.11266447368421052
0 0.49193548387096775 0.43277138157894735 0.0438288920056101 0.1196546052631579
0 0.33958625525946706 0.5359786184210527 0.03927068723702665 0.11225328947368421
0 0.2291374474053296 0.4652549342105263 0.08870967741935484 0.23396381578947367
0 0.564866760168303 0.48355263157894735 0.020687237026647966 0.05921052631578947
0 0.9730014025245441 0.4438733552631579 0.05539971949509116 0.1196546052631579
0 0.6672510518934082 0.520764802631579 0.004908835904628331 0.011924342105263159
0 0.6875 0.48046875 0.005434782608695652 0.01850328947368421
0 0.7059081346423562 0.48663651315789475 0.007538569424964937 0.025082236842105265
0 0.7265953716690042 0.4987664473684211 0.01349929873772791 0.039473684210526314
0 0.015690743338008416 0.44695723684210525 0.005785413744740533 0.017269736842105265
0 0.03260869565217391 0.48745888157894735 0.020687237026647966 0.13199013157894737
0 0.6342917251051894 0.5444078947368421 0.029803646563814866 0.0805921052631579
