0 1.1568109820485744 1.413109756097561 0.08342133051742344 0.2652439024390244
0 0.9403379091869061 1.5823170731707317 0.06230200633579725 0.17073170731707318
0 0.8468848996832101 1.416158536585366 0.07180570221752904 0.28353658536585363
0 0.9461457233368532 1.5060975609756098 0.03801478352692714 0.12804878048780488
0 0.9134107708553326 1.4557926829268293 0.025343189017951427 0.08841463414634146
0 0.909714889123548 1.333841463414634 0.024287222808870117 0.07621951219512195
0 0.7967265047518479 1.4801829268292683 0.03695881731784583 0.13719512195121952
0 0.7175290390707497 1.475609756097561 0.04329461457233368 0.14634146341463414
0 0.7882787750791974 1.4085365853658536 0.02006335797254488 0.06707317073170732
0 0.7470960929250264 1.3826219512195121 0.024287222808870117 0.0701219512195122
0 0.708025343189018 1.375 0.030623020063357972 0.09146341463414634
0 0.6304118268215417 1.4344512195121952 0.03590285110876452 0.11890243902439024
0 0.6832101372756072 1.3323170731707317 0.021119324181626188 0.07317073170731707
0 0.6562829989440337 1.3414634146341464 0.013727560718057022 0.042682926829268296
0 0.5216473072861668 1.5518292682926829 0.06969376979936642 0.24390243902439024
0 0.2502639915522703 1.5655487804878048 0.10348468848996832 0.3567073170731707
0 0.28616684266103487 1.6935975609756098 0.054910242872228086 0.20426829268292682
0 0.35744456177402323 1.5442073170731707 0.04751847940865892 0.1676829268292683
0 0.4746568109820486 1.4923780487804879 0.04751847940865892 0.15548780487804878
0 0.5258711721224921 1.4725609756097562 0.044350580781414996 0.13414634146341464
0 0.585533262935586 1.3932926829268293 0.028511087645195353 0.08536585365853659
0 0.5702217529039071 1.4054878048780488 0.023231256599788808 0.07317073170731707
0 0.5850052798310454 1.3567073170731707 0.027455121436114043 0.08536585365853659
0 0.6272439281942978 1.353658536585366 0.01900739176346357 0.06097560975609756
0 0.45195353748680045 1.3323170731707317 0.01900739176346357 0.054878048780487805
0 0.4028511087645195 1.3551829268292683 0.01795142555438226 0.051829268292682924
0 0.36536430834213307 1.3658536585365855 0.01900739176346357 0.06097560975609756
0 0.31203801478352694 1.2850609756097562 0.007391763463569166 0.021341463414634148
0 0.353220696937698 1.2530487804878048 0.005279831045406547 0.018292682926829267
0 0.4820485744456177 1.3048780487804879 0.01795142555438226 0.04878048780487805
0 0.41288278775079196 1.420731707317073 0.029567053854276663 0.08536585365853659
