0 0.25202780996523755 0.8602620087336245 0.08922363847045191 0.4104803493449782
0 0.38180764774044035 1.056768558951965 0.03592120509849363 0.1572052401746725
0 0.17033603707995365 1.034934497816594 0.03244495944380069 0.11353711790393013
0 0.0028968713789107765 0.9737991266375546 0.0220162224797219 0.10480349344978165
0 0.043453070683661645 1.0960698689956332 0.019698725376593278 0.07860262008733625
0 0.10081112398609501 1.1091703056768558 0.01853997682502897 0.08733624454148471
0 0.43105446118192353 1.1462882096069869 0.01853997682502897 0.07423580786026202
0 0.46523754345307067 1.1266375545851528 0.01738122827346466 0.07860262008733625
0 0.5179606025492468 1.0087336244541485 0.013904982618771726 0.06986899563318777
0 0.5399768250289687 1.1593886462882097 0.023174971031286212 0.08296943231441048
0 0.6199304750869061 1.0131004366812226 0.0440324449594438 0.17467248908296942
0 0.7149478563151797 0.9978165938864629 0.04866743916570104 0.2052401746724891
0 0.8209733487833141 1.0283842794759825 0.04055619930475087 0.1703056768558952
0 0.9669756662804172 1.0283842794759825 0.04982618771726535 0.17903930131004367
0 0.8870220162224797 1.1921397379912664 0.0220162224797219 0.10480349344978165
0 0.8968713789107764 1.0218340611353711 0.013904982618771726 0.0611353711790393
