0 0.9552180685358256 0.2084639498432602 0.0397196261682243 0.22884012539184953
0 0.7021028037383178 0.28056426332288403 0.042834890965732085 0.2225705329153605
0 0.7437694704049844 0.2852664576802508 0.03894080996884735 0.16927899686520376
0 0.6915887850467289 0.2445141065830721 0.03582554517133956 0.1755485893416928
0 0.5934579439252337 0.322884012539185 0.040498442367601244 0.19435736677115986
0 0.610981308411215 0.3652037617554859 0.027258566978193146 0.16614420062695925
0 0.655373831775701 0.3981191222570533 0.024143302180685357 0.13166144200626959
0 0.5190809968847352 0.4890282131661442 0.02881619937694704 0.13793103448275862
0 0.5432242990654206 0.3871473354231975 0.024143302180685357 0.11598746081504702
0 0.4855919003115265 0.4561128526645768 0.02881619937694704 0.15987460815047022
0 0.43613707165109034 0.5579937304075235 0.06542056074766354 0.3385579937304075
0 0.3142523364485981 0.44670846394984326 0.08333333333333333 0.4169278996865204
0 0.09034267912772585 0.5015673981191222 0.06542056074766354 0.36990595611285265
0 0.13901869158878505 0.5752351097178683 0.02570093457943925 0.1536050156739812
0 0.20638629283489096 0.6316614420062696 0.03115264797507788 0.14733542319749215
0 0.2757009345794392 0.5532915360501567 0.0529595015576324 0.23510971786833856
0 0.36993769470404986 0.5783699059561128 0.037383177570093455 0.1536050156739812
0 0.3917445482866044 0.4608150470219436 0.018691588785046728 0.0877742946708464
0 0.3633177570093458 0.49059561128526646 0.022585669781931463 0.10344827586206896
0 0.2161214953271028 0.5924764890282131 0.022585669781931463 0.10031347962382445
