0 -0.04721030042918455 0.49625468164794007 0.18669527896995708 0.8052434456928839
0 0.46298283261802575 0.8258426966292135 0.033261802575107295 0.13857677902621723
0 0.3562231759656652 0.9625468164794008 0.02145922746781116 0.09737827715355805
0 0.384656652360515 0.9588014981273408 0.016094420600858368 0.06741573033707865
0 0.7060085836909872 0.5955056179775281 0.027896995708154508 0.11235955056179775
0 0.7848712446351931 0.552434456928839 0.02682403433476395 0.10112359550561797
0 0.802038626609442 0.550561797752809 0.018240343347639486 0.08239700374531835
0 0.8170600858369099 0.548689138576779 0.0203862660944206 0.07865168539325842
0 0.6909871244635193 0.6385767790262172 0.017167381974248927 0.07865168539325842
0 0.7639484978540773 0.6235955056179775 0.017167381974248927 0.06367041198501873
0 0.6673819742489271 0.6816479400749064 0.015021459227467811 0.0599250936329588
0 0.6319742489270386 0.7284644194756554 0.017167381974248927 0.06367041198501873
0 0.6051502145922747 0.7602996254681648 0.015021459227467811 0.0599250936329588
0 0.5418454935622318 0.8277153558052435 0.017167381974248927 0.0599250936329588
0 0.5820815450643777 0.8239700374531835 0.016094420600858368 0.06741573033707865
0 0.5670600858369099 0.8202247191011236 0.013948497854077254 0.0599250936329588
0 0.5858369098712446 0.797752808988764 0.012875536480686695 0.052434456928838954
0 0.4898068669527897 0.8389513108614233 0.016094420600858368 0.06741573033707865
0 0.43079399141630903 0.9344569288389513 0.016094420600858368 0.07116104868913857
0 0.4780042918454936 0.8745318352059925 0.018240343347639486 0.08614232209737828
0 0.3830472103004292 0.9550561797752809 0.019313304721030045 0.0749063670411985
0 0.4034334763948498 0.9625468164794008 0.015021459227467811 0.0599250936329588
0 0.3293991416309013 1.0674157303370786 0.012875536480686695 0.052434456928838954
0 0.3208154506437768 1.0580524344569289 0.01072961373390558 0.04119850187265917
0 0.8304721030042919 0.552434456928839 0.015021459227467811 0.056179775280898875
