0 1.0312066574202496 1.0468085106382978 0.07350901525658807 0.3659574468085106
0 0.7142857142857143 0.7914893617021277 0.07212205270457697 0.28936170212765955
0 0.42718446601941745 0.9340425531914893 0.06657420249653259 0.2425531914893617
0 1.0554785020804438 0.776595744680851 0.044382801664355064 0.19148936170212766
0 0.8980582524271845 0.6893617021276596 0.03744798890429958 0.14468085106382977
0 0.7794729542302358 0.7617021276595745 0.019417475728155338 0.07659574468085106
0 0.624133148404993 0.7127659574468085 0.027739251040221916 0.09787234042553192
0 0.5880721220527045 0.7340425531914894 0.033287101248266296 0.1148936170212766
0 0.45423023578363386 0.6553191489361702 0.04576976421636616 0.19574468085106383
0 0.49791955617198336 0.6659574468085107 0.033287101248266296 0.1148936170212766
0 0.5714285714285714 0.7276595744680852 0.024965325936199722 0.10212765957446808
0 0.34812760055478503 0.7276595744680852 0.030513176144244106 0.10212765957446808
0 0.260748959778086 0.9340425531914893 0.033287101248266296 0.13191489361702127
0 0.21705963938973646 0.9723404255319149 0.02912621359223301 0.10638297872340426
0 0.2045769764216366 0.9382978723404255 0.023578363384188627 0.10638297872340426
0 0.2656033287101248 0.7659574468085106 0.026352288488210817 0.10212765957446808
0 0.3751733703190014 0.7063829787234043 0.023578363384188627 0.09361702127659574
0 0.3342579750346741 0.7425531914893617 0.022191400832177532 0.08085106382978724
0 0.2406380027739251 0.6574468085106383 0.012482662968099861 0.03829787234042553
0 0.2815533980582524 0.7957446808510639 0.044382801664355064 0.28085106382978725
0 0.21914008321775313 0.8319148936170213 0.04160887656033287 0.2765957446808511
