0 0.022686025408348458 1.996875 0.045372050816696916 0.18125
0 0.003629764065335753 2.115625 0.039927404718693285 0.20625
0 0.1424682395644283 2.13125 0.08166969147005444 0.3375
0 0.37114337568058076 1.81875 0.06715063520871144 0.2625
0 0.37114337568058076 1.81875 0.06715063520871144 0.2625
0 0.3938294010889292 1.990625 0.05807622504537205 0.20625
0 0.5925589836660617 1.878125 0.05263157894736842 0.21875
0 0.8430127041742287 1.928125 0.07441016333938294 0.25625
0 0.957350272232305 2.490625 0.05263157894736842 0.19375
0 0.46551724137931033 1.684375 0.012704174228675136 0.04375
0 0.5108892921960072 1.653125 0.012704174228675136 0.04375
0 0.5045372050816697 1.715625 0.018148820326678767 0.16875
0 0.6506352087114338 1.66875 0.009074410163339383 0.0375
0 0.6960072595281307 1.7125 0.012704174228675136 0.0375
0 0.7577132486388385 1.659375 0.016333938294010888 0.06875
0 0.8266787658802178 1.625 0.012704174228675136 0.05
0 0.8475499092558983 1.63125 0.010889292196007259 0.0375
0 0.8720508166969148 1.60625 0.009074410163339383 0.0375
