0 1.0182094081942337 5.233695652173913 0.030349013657056147 0.2717391304347826
0 0.9544764795144158 5.336956521739131 0.03338391502276176 0.2391304347826087
0 0.9301972685887708 5.407608695652174 0.027314112291350532 0.25
0 0.8687405159332322 5.391304347826087 0.025796661608497723 0.21739130434782608
0 0.830804248861912 5.418478260869565 0.028831562974203338 0.2717391304347826
0 0.7814871016691958 5.423913043478261 0.024279210925644917 0.2391304347826087
0 0.7397572078907435 5.304347826086956 0.03186646433990895 0.2391304347826087
0 0.6745068285280729 5.423913043478261 0.025796661608497723 0.2391304347826087
0 0.629742033383915 5.456521739130435 0.024279210925644917 0.21739130434782608
0 0.571320182094082 5.369565217391305 0.025796661608497723 0.2391304347826087
0 0.5227617602427921 5.364130434782608 0.03186646433990895 0.25
0 0.4658573596358118 5.3478260869565215 0.030349013657056147 0.2608695652173913
0 0.40971168437025796 5.576086956521739 0.027314112291350532 0.2391304347826087
0 0.36570561456752654 5.418478260869565 0.027314112291350532 0.25
0 0.3254931714719272 5.375 0.03186646433990895 0.2717391304347826
0 0.26479514415781485 5.407608695652174 0.03793626707132018 0.31521739130434784
