0 0.9063517915309446 1.596875 0.03745928338762215 0.16875
0 0.8184039087947883 1.53125 0.030944625407166124 0.125
0 0.7744299674267101 1.534375 0.030944625407166124 0.14375
0 0.746742671009772 1.5375 0.02768729641693811 0.1375
0 0.6946254071661238 1.45 0.030944625407166124 0.1125
0 0.6775244299674267 1.515625 0.026058631921824105 0.10625
0 0.6327361563517915 1.484375 0.014657980456026058 0.05625
0 0.5920195439739414 1.44375 0.02768729641693811 0.125
0 0.5211726384364821 1.478125 0.026058631921824105 0.10625
0 0.46824104234527686 1.55 0.017915309446254073 0.0875
0 0.40879478827361565 1.43125 0.029315960912052116 0.15
0 0.3322475570032573 1.5125 0.029315960912052116 0.1375
0 0.28583061889250816 1.534375 0.017915309446254073 0.08125
0 0.18973941368078176 1.49375 0.011400651465798045 0.0375
0 0.2255700325732899 1.54375 0.04071661237785016 0.1875
0 0.14087947882736157 1.58125 0.03745928338762215 0.15
0 0.08713355048859935 1.4375 0.04723127035830619 0.1875
0 0.05863192182410423 1.459375 0.029315960912052116 0.16875
