0 -0.046063651591289785 0.29707792207792205 0.08207705192629816 0.16558441558441558
0 0.05988274706867672 0.8814935064935064 0.025963149078726967 0.05519480519480519
0 0.2135678391959799 0.5275974025974026 0.07537688442211055 0.15584415584415584
0 0.26046901172529313 1.0478896103896105 0.010050251256281407 0.021103896103896104
0 0.2830820770519263 1.0568181818181819 0.010050251256281407 0.022727272727272728
0 0.35050251256281406 0.7053571428571429 0.059463986599664995 0.1185064935064935
0 0.3873534338358459 1.0089285714285714 0.010887772194304857 0.024350649350649352
0 0.4141541038525963 1.0373376623376624 0.010887772194304857 0.022727272727272728
0 0.44765494137353434 0.9683441558441559 0.020938023450586266 0.04707792207792208
0 0.5690954773869347 0.625 0.05778894472361809 0.11363636363636363
0 0.7893634840871022 0.5324675324675324 0.07956448911222781 0.17532467532467533
0 0.8609715242881072 0.2150974025974026 0.10385259631490787 0.25811688311688313
