0 0.0679959100204499 1.345514950166113 0.046012269938650305 0.13953488372093023
0 0.010736196319018405 1.079734219269103 0.009202453987730062 0.03322259136212625
0 0.02607361963190184 1.0714285714285714 0.011247443762781187 0.036544850498338874
0 0.08537832310838446 1.1827242524916943 0.011247443762781187 0.046511627906976744
0 0.0950920245398773 1.004983388704319 0.006134969325153374 0.016611295681063124
0 0.13496932515337423 1.2674418604651163 0.014314928425357873 0.05647840531561462
0 0.16155419222903886 1.3438538205980066 0.016359918200409 0.05647840531561462
0 0.19069529652351738 1.2641196013289036 0.011247443762781187 0.036544850498338874
0 0.21114519427402864 1.3621262458471761 0.015337423312883436 0.059800664451827246
0 0.23466257668711657 1.388704318936877 0.015337423312883436 0.053156146179401995
0 0.2776073619631902 1.4800664451827243 0.02147239263803681 0.08305647840531562
0 0.25 1.2242524916943522 0.011247443762781187 0.04318936877076412
0 0.26789366053169733 1.2491694352159468 0.010224948875255624 0.03322259136212625
0 0.32515337423312884 1.5132890365448506 0.02044989775051125 0.07641196013289037
0 0.3011247443762781 1.659468438538206 0.019427402862985686 0.06312292358803986
0 0.36349693251533743 1.3122923588039868 0.017382413087934562 0.0664451827242525
0 0.37065439672801637 1.393687707641196 0.017382413087934562 0.06312292358803986
0 0.36809815950920244 1.4900332225913622 0.018404907975460124 0.06976744186046512
0 0.3962167689161554 1.5166112956810631 0.023517382413087935 0.08305647840531562
0 0.41359918200408996 1.4617940199335548 0.017382413087934562 0.059800664451827246
0 0.42433537832310836 1.3438538205980066 0.016359918200409 0.06312292358803986
0 0.4105316973415133 1.3156146179401993 0.013292433537832311 0.046511627906976744
0 0.45296523517382414 1.4700996677740863 0.02044989775051125 0.06976744186046512
0 0.44734151329243355 1.4634551495016612 0.015337423312883436 0.06312292358803986
0 0.47955010224948874 1.5730897009966778 0.02044989775051125 0.06976744186046512
0 0.5061349693251533 1.6245847176079735 0.022494887525562373 0.07973421926910298
0 0.4841513292433538 1.302325581395349 0.015337423312883436 0.053156146179401995
0 0.5030674846625767 1.4003322259136213 0.016359918200409 0.04983388704318937
0 0.537321063394683 1.393687707641196 0.017382413087934562 0.06312292358803986
0 0.5618609406952966 1.3122923588039868 0.011247443762781187 0.046511627906976744
0 0.5761758691206544 1.2408637873754154 0.013292433537832311 0.04983388704318937
0 0.6175869120654397 1.2408637873754154 0.012269938650306749 0.04318936877076412
0 0.6426380368098159 1.2142857142857142 0.013292433537832311 0.04318936877076412
0 0.6554192229038854 1.1710963455149501 0.012269938650306749 0.04318936877076412
0 0.4841513292433538 1.303986710963455 0.015337423312883436 0.05647840531561462
0 0.6779141104294478 1.1877076411960132 0.012269938650306749 0.04983388704318937
0 0.712678936605317 1.1827242524916943 0.012269938650306749 0.03986710963455149
0 0.7285276073619632 1.2475083056478404 0.013292433537832311 0.04983388704318937
0 0.7392638036809815 1.3073089700996678 0.012269938650306749 0.036544850498338874
0 0.7443762781186094 1.393687707641196 0.010224948875255624 0.036544850498338874
0 0.7694274028629857 1.4069767441860466 0.017382413087934562 0.04983388704318937
0 0.838957055214724 1.2757475083056478 0.013292433537832311 0.046511627906976744
0 0.9458077709611452 1.7242524916943522 0.024539877300613498 0.07973421926910298
0 0.9892638036809815 1.686046511627907 0.02147239263803681 0.07641196013289037
0 0.450920245398773 1.0232558139534884 0.006134969325153374 0.026578073089700997
0 0.4427402862985685 1.0199335548172757 0.0081799591002045 0.026578073089700997
0 0.19427402862985685 0.8222591362126246 0.006134969325153374 0.023255813953488372
0 0.17484662576687116 0.8122923588039868 0.006134969325153374 0.023255813953488372
0 0.16820040899795502 0.8438538205980066 0.005112474437627812 0.019933554817275746
0 0.1661554192229039 0.8023255813953488 0.005112474437627812 0.016611295681063124
0 0.1467280163599182 0.8073089700996677 0.005112474437627812 0.019933554817275746
0 0.10736196319018405 0.7990033222591362 0.006134969325153374 0.023255813953488372
0 0.8588957055214724 1.2674418604651163 0.010224948875255624 0.04318936877076412
0 0.8507157464212679 1.3604651162790697 0.0081799591002045 0.029900332225913623
