0 0.01232741617357002 2.0454545454545454 0.026627218934911243 0.2727272727272727
0 0.05325443786982249 2.231818181818182 0.013806706114398421 0.11818181818181818
0 0.0675542406311637 2.2590909090909093 0.014792899408284023 0.13636363636363635
0 0.5118343195266272 2.2 0.027613412228796843 0.2727272727272727
0 0.49556213017751477 2.227272727272727 0.008875739644970414 0.09090909090909091
0 0.5335305719921104 2.45 0.02564102564102564 0.5363636363636364
0 0.6168639053254438 2.3363636363636364 0.016765285996055226 0.16363636363636364
0 0.645956607495069 2.2045454545454546 0.01972386587771203 0.19090909090909092
0 0.7233727810650887 1.9681818181818183 0.03057199211045365 0.35454545454545455
0 0.7859960552268245 2.2181818181818183 0.01775147928994083 0.2
0 0.8249506903353058 2.1818181818181817 0.022682445759368838 0.2727272727272727
0 0.8619329388560157 2.2590909090909093 0.009861932938856016 0.1
0 0.8407297830374754 2.2227272727272727 0.008875739644970414 0.08181818181818182
0 0.9102564102564102 2.190909090909091 0.011834319526627219 0.10909090909090909
0 0.965483234714004 2.2227272727272727 0.007889546351084813 0.08181818181818182
0 0.9807692307692307 2.272727272727273 0.010848126232741617 0.10909090909090909
0 0.9866863905325444 2.4545454545454546 0.02465483234714004 0.6363636363636364
0 0.6000986193293886 2.5272727272727273 0.020710059171597635 0.41818181818181815
