0 0.22208883553421369 3.710526315789474 0.014405762304921969 0.15789473684210525
0 0.28391356542617047 3.694736842105263 0.015606242496998799 0.14736842105263157
0 0.7058823529411765 3.9947368421052634 0.04321728691476591 0.47368421052631576
0 0.6932773109243697 3.7736842105263158 0.025210084033613446 0.28421052631578947
0 0.7647058823529411 3.942105263157895 0.026410564225690276 0.2631578947368421
0 0.06902761104441776 3.763157894736842 0.006002400960384154 0.05263157894736842
0 0.08523409363745499 3.721052631578947 0.004801920768307323 0.05263157894736842
0 0.09723889555822329 3.7421052631578946 0.004801920768307323 0.05263157894736842
0 0.11284513805522209 3.7263157894736842 0.004801920768307323 0.042105263157894736
0 0.12424969987995198 3.7526315789473683 0.006002400960384154 0.05263157894736842
0 0.1566626650660264 3.705263157894737 0.006002400960384154 0.042105263157894736
0 0.14165666266506602 3.7473684210526317 0.004801920768307323 0.06315789473684211
0 0.17466986794717887 3.778947368421053 0.006002400960384154 0.042105263157894736
0 0.19027611044417767 3.731578947368421 0.006002400960384154 0.05263157894736842
0 0.2460984393757503 3.694736842105263 0.007202881152460984 0.06315789473684211
0 0.23649459783913565 3.721052631578947 0.004801920768307323 0.05263157894736842
0 0.30612244897959184 3.705263157894737 0.007202881152460984 0.06315789473684211
0 0.31932773109243695 3.694736842105263 0.007202881152460984 0.06315789473684211
0 0.3559423769507803 3.663157894736842 0.008403361344537815 0.08421052631578947
0 0.3979591836734694 3.668421052631579 0.008403361344537815 0.07368421052631578
0 0.3427370948379352 3.668421052631579 0.006002400960384154 0.05263157894736842
0 0.3871548619447779 3.8210526315789473 0.015606242496998799 0.4421052631578947
0 0.4399759903961585 3.6473684210526316 0.006002400960384154 0.05263157894736842
0 0.43637454981992796 3.805263157894737 0.015606242496998799 0.3684210526315789
0 0.4807923169267707 3.6210526315789475 0.008403361344537815 0.06315789473684211
0 0.4969987995198079 3.6789473684210527 0.009603841536614645 0.09473684210526316
0 0.542016806722689 3.636842105263158 0.008403361344537815 0.07368421052631578
0 0.5678271308523409 3.6473684210526316 0.007202881152460984 0.07368421052631578
0 0.5984393757503002 3.6 0.013205282112845138 0.12631578947368421
0 0.6326530612244898 3.568421052631579 0.009603841536614645 0.08421052631578947
0 0.6758703481392557 3.6315789473684212 0.009603841536614645 0.10526315789473684
0 0.6974789915966386 3.536842105263158 0.007202881152460984 0.06315789473684211
0 0.71968787515006 3.6157894736842104 0.010804321728691477 0.09473684210526316
0 0.7539015606242497 3.526315789473684 0.012004801920768308 0.10526315789473684
0 0.7755102040816326 3.6 0.009603841536614645 0.08421052631578947
0 0.7965186074429772 3.5473684210526315 0.006002400960384154 0.06315789473684211
0 0.8139255702280912 3.6052631578947367 0.012004801920768308 0.11578947368421053
0 0.8337334933973589 3.610526315789474 0.013205282112845138 0.12631578947368421
0 0.8505402160864346 3.4947368421052634 0.013205282112845138 0.12631578947368421
0 0.9237695078031213 3.5 0.008403361344537815 0.05263157894736842
0 0.7376950780312125 3.7736842105263158 0.022809123649459785 0.5368421052631579
0 0.5882352941176471 3.6210526315789475 0.009603841536614645 0.08421052631578947
0 0.5630252100840336 3.626315789473684 0.007202881152460984 0.07368421052631578
0 0.5162064825930373 3.805263157894737 0.01920768307322929 0.47368421052631576
0 0.524609843937575 3.6473684210526316 0.007202881152460984 0.07368421052631578
0 0.4519807923169268 3.6210526315789475 0.006002400960384154 0.06315789473684211
0 0.4021608643457383 3.9 0.004801920768307323 0.05263157894736842
0 0.37755102040816324 3.694736842105263 0.008403361344537815 0.08421052631578947
0 0.36554621848739494 3.6789473684210527 0.006002400960384154 0.05263157894736842
0 0.25690276110444177 3.794736842105263 0.012004801920768308 0.30526315789473685
0 0.1722689075630252 3.9210526315789473 0.015606242496998799 0.17894736842105263
