0 0.05043194022881158 1.2970922882427307 0.03222040625729629 0.19216182048040456
0 0.26721923885127247 1.6573957016434893 0.07728227877655848 0.5031605562579013
0 0.37975717954704646 1.3514538558786346 0.08055101564324071 0.5335018963337548
0 0.30504319402288116 1.5006321112515804 0.010039691804809714 0.0606826801517067
0 0.43462526266635537 1.5031605562579013 0.014242353490544011 0.10366624525916561
0 0.4692972215736633 1.5151706700379266 0.013074947466728928 0.0922882427307206
0 0.5671258463693672 1.5676359039190897 0.012141022647676861 0.06826801517067003
0 0.6163903805743638 1.5486725663716814 0.011674060238150829 0.07079646017699115
0 0.6392715386411394 1.5006321112515804 0.013541909876254962 0.07585335018963338
0 0.6521130049031053 1.8786346396965865 0.03642306794303059 0.2629582806573957
0 0.7354657950035022 1.9728192161820481 0.043894466495447114 0.22376738305941846
0 0.781578332944198 1.599873577749684 0.010973616623861778 0.07458912768647281
0 0.8071445248657483 1.5170670037926675 0.008405323371468596 0.05309734513274336
0 0.8285080551015643 1.5505689001264222 0.00817184216670558 0.04677623261694058
0 0.8300256829325239 1.5518331226295827 0.006537473733364464 0.04424778761061947
0 0.8482372169040392 1.5651074589127687 0.007938360961942564 0.05056890012642225
0 0.9031053000233481 1.3830594184576486 0.005136586504786365 0.035398230088495575
0 0.908125145925753 1.5897597977243996 0.008638804576231613 0.04677623261694058
0 0.9181648377305627 1.5986093552465235 0.01237450385243988 0.06447534766118837
0 0.9287882325472799 1.538558786346397 0.006537473733364464 0.04298356510745891
0 0.9573896801307494 1.6036662452591657 0.009105766985757647 0.05436156763590392
0 0.9696474433808079 1.4690265486725664 0.005603548914312398 0.03286978508217446
0 0.9814382442213402 1.5575221238938053 0.016110203128648144 0.20480404551201012
0 0.9938127480737801 1.4601769911504425 0.004436142890497315 0.02781289506953224
0 1.0168106467429372 1.868520859671302 0.03502218071445248 0.179519595448799
0 0.9189820219472332 1.592920353982301 0.00887228578099463 0.0606826801517067
