0 0.3286384976525822 4.4818181818181815 0.0406885758998435 0.45454545454545453
0 0.4029733959311424 3.9363636363636365 0.03286384976525822 0.45454545454545453
0 0.42566510172143973 4.1454545454545455 0.025039123630672927 0.32727272727272727
0 1.2918622848200314 4.218181818181818 0.0297339593114241 0.32727272727272727
0 1.294209702660407 4.218181818181818 0.028169014084507043 0.2909090909090909
0 0.7198748043818466 4.1454545454545455 0.01564945226917058 0.21818181818181817
0 0.7120500782472613 4.290909090909091 0.01564945226917058 0.21818181818181817
0 0.7503912363067292 4.2 0.010954616588419406 0.14545454545454545
0 1.086071987480438 4.254545454545455 0.02190923317683881 0.2545454545454545
0 1.02660406885759 4.209090909090909 0.01564945226917058 0.2
0 0.9694835680751174 4.172727272727273 0.014084507042253521 0.12727272727272726
0 0.9624413145539906 4.236363636363636 0.012519561815336464 0.14545454545454545
0 0.9311424100156495 4.181818181818182 0.006259780907668232 0.07272727272727272
