0 0.03453453453453453 1.7401315789473684 0.01701701701701702 0.13815789473684212
0 0.26226226226226224 1.6875 0.012012012012012012 0.08552631578947369
0 0.2672672672672673 1.667763157894737 0.01001001001001001 0.07236842105263158
0 0.2847847847847848 1.680921052631579 0.013013013013013013 0.09868421052631579
0 0.3303303303303303 1.6282894736842106 0.016016016016016016 0.125
0 0.36736736736736736 1.605263157894737 0.014014014014014014 0.07894736842105263
0 0.4019019019019019 1.5723684210526316 0.011011011011011011 0.06578947368421052
0 0.43543543543543545 1.5953947368421053 0.01001001001001001 0.08552631578947369
0 0.44494494494494496 1.6085526315789473 0.013013013013013013 0.09868421052631579
0 0.486986986986987 1.575657894736842 0.013013013013013013 0.09868421052631579
0 0.4954954954954955 1.5986842105263157 0.012012012012012012 0.09210526315789473
0 0.5215215215215215 1.611842105263158 0.012012012012012012 0.07894736842105263
0 0.513013013013013 1.5888157894736843 0.009009009009009009 0.07236842105263158
0 0.5435435435435435 1.631578947368421 0.01001001001001001 0.07894736842105263
0 0.5525525525525525 1.6217105263157894 0.012012012012012012 0.08552631578947369
0 0.5730730730730731 1.618421052631579 0.013013013013013013 0.10526315789473684
0 0.5960960960960962 1.611842105263158 0.013013013013013013 0.10526315789473684
0 0.6006006006006006 1.6019736842105263 0.01001001001001001 0.07236842105263158
0 0.6351351351351351 1.6414473684210527 0.009009009009009009 0.07236842105263158
0 0.6701701701701702 1.618421052631579 0.011011011011011011 0.07894736842105263
0 0.7102102102102102 1.605263157894737 0.011011011011011011 0.09210526315789473
0 0.7187187187187187 1.5953947368421053 0.012012012012012012 0.08552631578947369
0 0.7527527527527528 1.5888157894736843 0.016016016016016016 0.1118421052631579
0 0.7657657657657657 1.6019736842105263 0.012012012012012012 0.09868421052631579
0 0.7787787787787788 1.5723684210526316 0.006006006006006006 0.05263157894736842
0 0.9679679679679679 1.5953947368421053 0.05405405405405406 0.3223684210526316
0 0.6881881881881882 1.569078947368421 0.005005005005005005 0.03289473684210526
0 0.3108108108108108 1.618421052631579 0.007007007007007007 0.05263157894736842
0 0.4754754754754755 1.6282894736842106 0.01001001001001001 0.08552631578947369
