0 1.2270168855534709 1.7034313725490196 0.0375234521575985 0.12254901960784313
0 1.2729831144465291 1.9264705882352942 0.17448405253283303 0.47058823529411764
0 1.1716697936210132 1.2598039215686274 0.03564727954971857 0.10784313725490197
0 0.9418386491557224 1.3161764705882353 0.0225140712945591 0.06372549019607843
0 0.8639774859287055 1.3063725490196079 0.020637898686679174 0.06372549019607843
0 0.7889305816135085 1.2916666666666667 0.020637898686679174 0.07352941176470588
0 0.8480300187617261 1.3112745098039216 0.01125703564727955 0.03431372549019608
0 0.9015009380863039 1.2892156862745099 0.013133208255159476 0.049019607843137254
0 0.9559099437148217 1.2990196078431373 0.013133208255159476 0.0392156862745098
0 0.6697936210131332 1.2941176470588236 0.0075046904315197 0.0196078431372549
0 0.6735459662288931 1.3014705882352942 0.0075046904315197 0.024509803921568627
0 0.6519699812382739 1.3088235294117647 0.009380863039399626 0.029411764705882353
0 0.5694183864915572 1.2401960784313726 0.005628517823639775 0.0196078431372549
0 0.4268292682926829 1.2941176470588236 0.009380863039399626 0.029411764705882353
0 1.2954971857410882 1.3602941176470589 0.013133208255159476 0.03431372549019608
0 0.8170731707317073 1.3112745098039216 0.005628517823639775 0.014705882352941176
