0 0.16863905325443787 2.8848484848484848 0.016060862214708368 0.12121212121212122
0 0.30388841927303467 2.684848484848485 0.026204564666103127 0.20606060606060606
0 0.36665257819103975 2.433333333333333 0.07396449704142012 0.6121212121212121
0 0.5099323753169906 2.66969696969697 0.0283178360101437 0.23030303030303031
0 0.595519864750634 2.7363636363636363 0.016060862214708368 0.13333333333333333
0 0.6667371090448013 2.7954545454545454 0.017328825021132713 0.1484848484848485
0 0.6823753169907016 2.709090909090909 0.013102282333051564 0.11515151515151516
0 0.7347844463229078 2.68030303030303 0.013947590870667794 0.11212121212121212
0 0.7871935756551142 2.7363636363636363 0.013947590870667794 0.10303030303030303
0 0.8068469991546915 2.853030303030303 0.0076077768385460695 0.06363636363636363
0 0.834319526627219 2.8136363636363635 0.009298393913778529 0.07575757575757576
0 0.9010989010989011 2.734848484848485 0.016060862214708368 0.14242424242424243
0 0.9224429416737109 2.65 0.018174133558748945 0.1484848484848485
0 1.0752324598478444 2.762121212121212 0.01098901098901099 0.08181818181818182
0 0.9644970414201184 2.9515151515151516 0.03634826711749789 0.32727272727272727
0 1.1314454775993237 2.536363636363636 0.058326289095519866 0.4727272727272727
0 0.6270076077768385 2.6363636363636362 0.033389687235841084 0.24848484848484848
