0 0.05563002680965148 1.3548387096774193 0.02546916890080429 0.12903225806451613
0 0.08512064343163539 1.3612903225806452 0.028150134048257374 0.16774193548387098
0 0.153485254691689 1.3612903225806452 0.0388739946380697 0.2064516129032258
0 0.24463806970509383 1.1806451612903226 0.04423592493297587 0.25806451612903225
0 0.2406166219839142 1.1387096774193548 0.036193029490616625 0.22580645161290322
0 0.32171581769436997 1.3903225806451613 0.02680965147453083 0.14838709677419354
0 0.35924932975871315 1.367741935483871 0.021447721179624665 0.12903225806451613
0 0.4363270777479893 1.4548387096774194 0.028150134048257374 0.17419354838709677
0 0.43766756032171583 1.4225806451612903 0.028150134048257374 0.13548387096774195
0 0.45375335120643434 1.3935483870967742 0.02546916890080429 0.14193548387096774
0 0.532171581769437 1.1580645161290322 0.03753351206434316 0.2129032258064516
0 0.5348525469168901 1.3451612903225807 0.032171581769437 0.17419354838709677
0 0.6092493297587132 1.238709677419355 0.028150134048257374 0.15483870967741936
0 0.6012064343163539 1.3419354838709678 0.049597855227882036 0.24516129032258063
0 0.6823056300268097 1.3516129032258064 0.032171581769437 0.1870967741935484
0 0.6521447721179625 1.3548387096774193 0.01742627345844504 0.1032258064516129
0 0.7466487935656837 1.4 0.024128686327077747 0.1032258064516129
0 0.8418230563002681 1.3 0.03753351206434316 0.2129032258064516
0 0.7714477211796247 1.4129032258064516 0.012064343163538873 0.06451612903225806
0 0.8083109919571045 1.4 0.024128686327077747 0.12903225806451613
0 0.9021447721179625 1.4774193548387098 0.021447721179624665 0.1032258064516129
0 0.9075067024128687 1.4096774193548387 0.0160857908847185 0.07096774193548387
0 0.19772117962466487 1.3548387096774193 0.022788203753351208 0.14193548387096774
