0 0.2944111776447106 1.153225806451613 0.021956087824351298 0.04838709677419355
0 0.46706586826347307 1.0625 0.015968063872255488 0.036290322580645164
0 0.4820359281437126 1.0766129032258065 0.021956087824351298 0.04032258064516129
0 0.5359281437125748 1.155241935483871 0.017964071856287425 0.04435483870967742
0 0.7115768463073853 1.2943548387096775 0.021956087824351298 0.04032258064516129
0 0.6237524950099801 1.3548387096774193 0.017964071856287425 0.04032258064516129
0 0.563872255489022 1.340725806451613 0.021956087824351298 0.05241935483870968
0 0.5518962075848304 1.4758064516129032 0.017964071856287425 0.04032258064516129
0 0.5828343313373253 1.6875 0.023952095808383235 0.05241935483870968
0 0.4550898203592814 1.6290322580645162 0.01996007984031936 0.04838709677419355
0 0.37624750499001997 1.622983870967742 0.021956087824351298 0.05241935483870968
0 0.8822355289421158 1.6189516129032258 0.01996007984031936 0.05241935483870968
0 1.2095808383233533 1.6290322580645162 0.023952095808383235 0.056451612903225805
0 1.2644710578842315 1.5725806451612903 0.021956087824351298 0.056451612903225805
0 1.2714570858283434 1.002016129032258 0.023952095808383235 0.05241935483870968
0 1.1786427145708582 1.0826612903225807 0.021956087824351298 0.04435483870967742
0 1.1367265469061876 1.0846774193548387 0.021956087824351298 0.04838709677419355
0 1.0878243512974053 0.9858870967741935 0.015968063872255488 0.04435483870967742
0 1.0658682634730539 0.9717741935483871 0.01996007984031936 0.04838709677419355
0 1.0029940119760479 1.1350806451612903 0.017964071856287425 0.04435483870967742
0 0.9800399201596807 1.1451612903225807 0.015968063872255488 0.04032258064516129
0 0.7944111776447106 1.1068548387096775 0.01996007984031936 0.05241935483870968
