0 0.997037037037037 7.310185185185185 0.014814814814814815 0.12037037037037036
0 0.9222222222222223 7.458333333333333 0.016296296296296295 0.10185185185185185
0 0.8362962962962963 7.388888888888889 0.016296296296296295 0.1111111111111111
0 0.8155555555555556 7.486111111111111 0.01925925925925926 0.12037037037037036
0 0.7459259259259259 7.342592592592593 0.01925925925925926 0.1111111111111111
0 0.6792592592592592 7.324074074074074 0.007407407407407408 0.037037037037037035
0 0.554074074074074 7.324074074074074 0.02074074074074074 0.12962962962962962
0 0.5111111111111111 7.277777777777778 0.014814814814814815 0.09259259259259259
0 0.48962962962962964 7.2407407407407405 0.01925925925925926 0.14814814814814814
0 0.46 7.314814814814815 0.01925925925925926 0.12962962962962962
0 0.4740740740740741 7.273148148148148 0.017777777777777778 0.12037037037037036
0 0.4474074074074074 7.25 0.014814814814814815 0.1111111111111111
0 0.40296296296296297 7.319444444444445 0.008888888888888889 0.06481481481481481
0 0.3674074074074074 7.212962962962963 0.014814814814814815 0.09259259259259259
0 0.33037037037037037 7.12037037037037 0.03259259259259259 0.2037037037037037
0 0.2437037037037037 7.310185185185185 0.01925925925925926 0.1574074074074074
0 0.21407407407407408 7.25 0.013333333333333334 0.09259259259259259
0 0.23777777777777778 7.208333333333333 0.01037037037037037 0.08333333333333333
0 0.15407407407407409 7.2407407407407405 0.02074074074074074 0.12962962962962962
0 0.1259259259259259 7.62037037037037 0.02074074074074074 0.14814814814814814
0 0.00962962962962963 7.143518518518518 0.01037037037037037 0.06481481481481481
