0 0.12689225289403383 0.7874493927125507 0.041852181656277826 0.06342780026990553
0 0.1736420302760463 0.9035087719298246 0.024933214603739984 0.04183535762483131
0 0.2439893143365984 0.8900134952766532 0.030276046304541407 0.058029689608636977
0 0.2493321460373998 0.9129554655870445 0.02315227070347284 0.033738191632928474
0 0.3281389136242208 0.9595141700404858 0.020480854853072127 0.029689608636977057
0 0.3624220837043633 1.0 0.024933214603739984 0.04588394062078273
0 0.40071237756010686 0.8859649122807017 0.0213713268032057 0.04183535762483131
0 0.9136242208370436 1.1477732793522266 0.032056990204808546 0.044534412955465584
0 1.0044523597506678 0.9406207827260459 0.024933214603739984 0.043184885290148446
0 0.6424755120213713 0.9460188933873145 0.02226179875333927 0.048582995951417005
0 0.715939447907391 0.9595141700404858 0.02315227070347284 0.04588394062078273
0 0.786286731967943 0.9338731443994602 0.02315227070347284 0.04048582995951417
0 0.8811219946571683 0.9696356275303644 0.025823686553873553 0.04183535762483131
0 0.8935886019590383 0.9534412955465587 0.025823686553873553 0.03913630229419703
0 0.9194122885129118 0.8252361673414305 0.018699910952804988 0.03643724696356275
0 0.8855743544078362 0.8508771929824561 0.016918967052537846 0.02834008097165992
0 0.9430097951914514 0.8643724696356275 0.016028495102404273 0.033738191632928474
0 0.9225289403383793 0.761808367071525 0.016028495102404273 0.0310391363022942
0 0.8414959928762245 0.8407557354925776 0.017809439002671415 0.03508771929824561
0 0.8299198575244879 0.9203778677462888 0.024933214603739984 0.04048582995951417
0 0.7796081923419412 0.8063427800269906 0.018699910952804988 0.03643724696356275
0 0.8219056099732859 0.7327935222672065 0.016028495102404273 0.032388663967611336
0 0.8330365093499554 0.7361673414304993 0.015138023152270703 0.02564102564102564
0 0.8085485307212823 0.6774628879892037 0.016028495102404273 0.024291497975708502
0 0.6406945681211041 0.8326585695006747 0.020480854853072127 0.029689608636977057
0 0.6455921638468388 0.8562753036437247 0.02315227070347284 0.03643724696356275
0 0.6344612644701692 0.703778677462888 0.013357079252003561 0.02834008097165992
0 0.6010685663401603 0.7699055330634278 0.017809439002671415 0.0310391363022942
0 0.5017809439002672 0.7375168690958165 0.016918967052537846 0.02834008097165992
0 0.858860195903829 0.631578947368421 0.01157613535173642 0.018893387314439947
0 1.0298308103294747 0.6484480431848852 0.013357079252003561 0.017543859649122806
0 1.060106856634016 0.6396761133603239 0.013357079252003561 0.024291497975708502
0 1.1010685663401603 0.5472334682860999 0.009795191451469279 0.014844804318488529
0 1.0676758682101515 0.5553306342780027 0.01068566340160285 0.017543859649122806
0 1.0267141585040072 0.597165991902834 0.014247551202137132 0.022941970310391364
0 0.8236865538735529 0.5134952766531714 0.01068566340160285 0.020242914979757085
0 0.292520035618878 0.6039136302294197 0.013357079252003561 0.020242914979757085
0 0.22484416740872662 0.6194331983805668 0.015138023152270703 0.021592442645074223
0 0.40961709706144256 0.606612685560054 0.012466607301869992 0.020242914979757085
0 0.40872662511130897 0.7246963562753036 0.012466607301869992 0.018893387314439947
0 0.19590382902938558 0.1774628879892038 0.01068566340160285 0.014844804318488529
0 0.23241317898486197 0.1788124156545209 0.008904719501335707 0.017543859649122806
0 0.22929652715939447 0.2165991902834008 0.009795191451469279 0.014844804318488529
0 0.2653606411398041 0.23076923076923078 0.014247551202137132 0.02699055330634278
0 0.29073909171861084 0.22402159244264508 0.01157613535173642 0.024291497975708502
0 0.30365093499554763 0.21997300944669365 0.012466607301869992 0.021592442645074223
0 0.327693677649154 0.19230769230769232 0.007123775601068566 0.012145748987854251
0 0.666073018699911 0.5445344129554656 0.012466607301869992 0.022941970310391364
0 0.678539626001781 0.5391363022941971 0.01068566340160285 0.017543859649122806
0 0.6304541406945681 0.5499325236167342 0.01068566340160285 0.017543859649122806
0 0.5979519145146928 0.5479082321187584 0.009795191451469279 0.016194331983805668
0 0.5690115761353517 0.47638326585695007 0.008904719501335707 0.01349527665317139
0 0.6015138023152271 0.49460188933873145 0.008014247551202136 0.012145748987854251
0 0.6776491540516474 0.49460188933873145 0.01068566340160285 0.014844804318488529
0 0.738646482635797 0.5006747638326585 0.01157613535173642 0.016194331983805668
0 0.5503116651825467 0.45006747638326583 0.008904719501335707 0.014844804318488529
0 0.5694568121104185 0.4601889338731444 0.009795191451469279 0.016194331983805668
0 0.6175422974176313 0.45006747638326583 0.008014247551202136 0.014844804318488529
0 0.6478183437221727 0.4817813765182186 0.009795191451469279 0.016194331983805668
0 0.6767586821015138 0.4824561403508772 0.01068566340160285 0.014844804318488529
0 0.6674087266251113 0.4777327935222672 0.009795191451469279 0.016194331983805668
0 0.7065894924309885 0.4365721997300945 0.008014247551202136 0.014844804318488529
0 0.7346393588601959 0.4291497975708502 0.008904719501335707 0.01349527665317139
0 0.7604630454140695 0.4939271255060729 0.01068566340160285 0.016194331983805668
0 0.7796081923419412 0.4817813765182186 0.006233303650934996 0.010796221322537112
0 0.769813000890472 0.44534412955465585 0.008014247551202136 0.016194331983805668
0 0.8299198575244879 0.46288798920377866 0.008904719501335707 0.016194331983805668
0 0.6104185218165628 0.42645074224021595 0.008014247551202136 0.01349527665317139
0 0.5569902048085486 0.4298245614035088 0.006233303650934996 0.009446693657219974
0 0.6237756010685663 0.41295546558704455 0.008014247551202136 0.010796221322537112
0 0.6460373998219056 0.45883940620782726 0.008014247551202136 0.01349527665317139
0 0.6086375779162957 0.3697705802968961 0.008014247551202136 0.01349527665317139
0 0.6322350845948352 0.4116059379217274 0.014247551202137132 0.06477732793522267
0 0.6478183437221727 0.3940620782726046 0.006233303650934996 0.008097165991902834
0 0.6691896705253785 0.4001349527665317 0.006233303650934996 0.009446693657219974
0 0.6914514692787177 0.39068825910931176 0.004452359750667854 0.006747638326585695
0 0.7110418521816563 0.41025641025641024 0.006233303650934996 0.008097165991902834
0 0.736420302760463 0.3785425101214575 0.007123775601068566 0.012145748987854251
0 0.7430988423864648 0.3724696356275304 0.006233303650934996 0.010796221322537112
0 0.7662511130899377 0.38191632928475033 0.006233303650934996 0.008097165991902834
0 0.7243989314336599 0.5 0.009795191451469279 0.017543859649122806
