0 0.03333333333333333 1.2960662525879918 0.03773584905660377 0.12008281573498965
0 0.669496855345912 1.0579710144927537 0.020754716981132074 0.09523809523809523
0 0.6185534591194969 0.974120082815735 0.03207547169811321 0.10973084886128365
0 0.5635220125786163 0.9296066252587992 0.031446540880503145 0.14906832298136646
0 0.5081761006289308 0.9265010351966874 0.03647798742138365 0.13871635610766045
0 0.4707547169811321 1.0921325051759834 0.038364779874213835 0.13457556935817805
0 0.49245283018867925 1.1169772256728778 0.04025157232704402 0.14285714285714285
0 0.539937106918239 1.093167701863354 0.038364779874213835 0.12422360248447205
0 0.7622641509433963 1.3623188405797102 0.03018867924528302 0.11180124223602485
0 0.8031446540880504 1.3664596273291925 0.022641509433962263 0.09937888198757763
0 0.8389937106918239 1.365424430641822 0.026415094339622643 0.10559006211180125
0 0.8657232704402515 1.3436853002070392 0.02578616352201258 0.08281573498964803
0 0.8937106918238994 1.3509316770186335 0.021383647798742137 0.08488612836438923
0 0.9072327044025157 1.4244306418219461 0.020754716981132074 0.07867494824016563
0 0.9261006289308176 1.4316770186335404 0.027044025157232705 0.08902691511387163
0 0.9308176100628931 1.3726708074534162 0.022641509433962263 0.08695652173913043
0 0.9871069182389937 1.3540372670807452 0.020754716981132074 0.06625258799171843
