0 0.14859437751004015 2.3255813953488373 0.0107095046854083 0.09302325581395349
0 0.1961178045515395 2.3197674418604652 0.012048192771084338 0.12790697674418605
0 0.23293172690763053 2.261627906976744 0.0107095046854083 0.08139534883720931
0 0.2583668005354752 2.558139534883721 0.03480589022757698 0.6511627906976745
0 0.27643908969210174 2.3430232558139537 0.009370816599732263 0.08139534883720931
0 0.2891566265060241 2.3372093023255816 0.0107095046854083 0.09302325581395349
0 0.2938420348058902 2.3430232558139537 0.006693440428380187 0.05813953488372093
0 0.3273092369477912 2.3372093023255816 0.009370816599732263 0.09302325581395349
0 0.41967871485943775 2.3197674418604652 0.006693440428380187 0.05813953488372093
0 0.42302543507362783 2.2674418604651163 0.00535475234270415 0.046511627906976744
0 1.037483266398929 2.854651162790698 0.01606425702811245 0.1744186046511628
0 1.033467202141901 2.238372093023256 0.018741633199464525 0.19767441860465115
0 1.104417670682731 2.4302325581395348 0.018741633199464525 0.18604651162790697
0 0.9544846050870147 2.058139534883721 0.0214190093708166 0.18604651162790697
0 0.9357429718875502 2.133720930232558 0.03480589022757698 0.38372093023255816
0 0.8902275769745649 2.61046511627907 0.013386880856760375 0.1744186046511628
0 0.821954484605087 2.261627906976744 0.0214190093708166 0.22093023255813954
0 0.7791164658634538 2.1802325581395348 0.0107095046854083 0.10465116279069768
0 0.7543507362784472 2.255813953488372 0.009370816599732263 0.09302325581395349
0 0.7349397590361446 2.244186046511628 0.013386880856760375 0.13953488372093023
0 0.713520749665328 2.261627906976744 0.013386880856760375 0.12790697674418605
0 0.6807228915662651 2.3488372093023258 0.020080321285140562 0.18604651162790697
0 0.6398929049531459 2.4709302325581395 0.008032128514056224 0.08139534883720931
0 0.6305220883534136 2.3255813953488373 0.008032128514056224 0.09302325581395349
0 0.5977242302543507 2.2674418604651163 0.006693440428380187 0.06976744186046512
0 0.5642570281124498 2.4011627906976742 0.01740294511378849 0.19767441860465115
0 0.5809906291834003 2.366279069767442 0.0107095046854083 0.10465116279069768
0 0.5401606425702812 2.244186046511628 0.012048192771084338 0.13953488372093023
0 0.499330655957162 2.302325581395349 0.0107095046854083 0.11627906976744186
0 0.4685408299866131 2.302325581395349 0.008032128514056224 0.06976744186046512
0 0.4497991967871486 2.255813953488372 0.008032128514056224 0.06976744186046512
0 0.6124497991967871 2.313953488372093 0.006693440428380187 0.06976744186046512
0 0.642570281124498 2.302325581395349 0.00535475234270415 0.046511627906976744
0 0.9919678714859438 2.4127906976744184 0.013386880856760375 0.1511627906976744
0 0.7048192771084337 2.238372093023256 0.009370816599732263 0.08139534883720931
0 0.39959839357429716 2.308139534883721 0.009370816599732263 0.10465116279069768
