0 -0.02577319587628866 1.6912568306010929 0.035509736540664374 0.16939890710382513
0 0.00859106529209622 1.6939890710382515 0.026345933562428408 0.13114754098360656
0 0.029209621993127148 1.860655737704918 0.012600229095074456 0.08196721311475409
0 0.0572737686139748 1.8852459016393444 0.011454753722794959 0.06557377049180328
0 0.1002290950744559 1.8961748633879782 0.010309278350515464 0.0546448087431694
0 0.11626575028636885 1.9098360655737705 0.010309278350515464 0.03825136612021858
0 0.15406643757159222 1.715846994535519 0.0286368843069874 0.15300546448087432
0 0.18041237113402062 1.8114754098360655 0.019473081328751432 0.10382513661202186
0 0.21477663230240548 1.8169398907103824 0.019473081328751432 0.10382513661202186
0 0.23424971363115693 1.8469945355191257 0.012600229095074456 0.0546448087431694
0 0.2479954180985109 1.8825136612021858 0.010309278350515464 0.060109289617486336
0 0.2646048109965636 1.819672131147541 0.011454753722794959 0.06557377049180328
0 0.290950744558992 1.8333333333333333 0.011454753722794959 0.060109289617486336
0 0.3064146620847652 1.907103825136612 0.008018327605956471 0.04371584699453552
0 0.30412371134020616 1.855191256830601 0.008018327605956471 0.03825136612021858
0 0.3201603665521191 1.8825136612021858 0.008018327605956471 0.04918032786885246
0 0.3361970217640321 1.8852459016393444 0.008018327605956471 0.04371584699453552
0 0.3528064146620848 1.8825136612021858 0.006872852233676976 0.04918032786885246
0 0.18957617411225658 1.8360655737704918 0.012600229095074456 0.06557377049180328
0 0.39690721649484534 1.6666666666666667 0.024054982817869417 0.13114754098360656
0 0.4198167239404353 1.8032786885245902 0.014891179839633447 0.07650273224043716
0 0.43986254295532645 1.8579234972677596 0.009163802978235968 0.04371584699453552
0 0.4587628865979381 1.8005464480874316 0.01718213058419244 0.08196721311475409
0 0.48625429553264604 1.8579234972677596 0.010309278350515464 0.06557377049180328
0 0.5257731958762887 1.8524590163934427 0.011454753722794959 0.07650273224043716
0 0.5504009163802979 1.855191256830601 0.008018327605956471 0.03825136612021858
0 0.5882016036655212 1.8770491803278688 0.014891179839633447 0.07103825136612021
0 0.6151202749140894 1.4262295081967213 0.052691867124856816 0.31693989071038253
0 0.7342497136311569 1.46448087431694 0.054982817869415807 0.26229508196721313
0 0.8831615120274914 1.7759562841530054 0.009163802978235968 0.0546448087431694
0 0.929553264604811 1.8087431693989071 0.010309278350515464 0.04371584699453552
0 0.9524627720504009 1.814207650273224 0.008018327605956471 0.04371584699453552
0 0.37056128293241697 1.8907103825136613 0.012600229095074456 0.0546448087431694
0 0.49427262313860254 1.8715846994535519 0.0057273768613974796 0.03825136612021858
