0 0.9742268041237113 1.0905349794238683 0.056128293241695305 0.2222222222222222
0 0.5063001145475372 1.1440329218106995 0.03436426116838488 0.15637860082304528
0 0.33676975945017185 1.2181069958847737 0.016036655211912942 0.05761316872427984
0 0.3539518900343643 1.1851851851851851 0.013745704467353952 0.05761316872427984
0 0.20847651775486828 1.213991769547325 0.011454753722794959 0.04938271604938271
0 0.1672394043528064 1.205761316872428 0.025200458190148912 0.0823045267489712
0 0.09450171821305842 1.2222222222222223 0.026345933562428408 0.10699588477366255
0 0.12829324169530354 1.2325102880658436 0.011454753722794959 0.04526748971193416
0 0.0429553264604811 1.2695473251028806 0.019473081328751432 0.06995884773662552
0 0.016609392898052692 1.228395061728395 0.010309278350515464 0.04526748971193416
