0 0.8718944099378882 4.0081632653061225 0.017080745341614908 0.05714285714285714
0 1.0962732919254659 4.022448979591837 0.012422360248447204 0.02857142857142857
0 0.9798136645962733 4.010204081632653 0.021739130434782608 0.053061224489795916
0 1.0031055900621118 4.006122448979592 0.018633540372670808 0.053061224489795916
0 1.013975155279503 4.010204081632653 0.015527950310559006 0.053061224489795916
0 0.922360248447205 3.8979591836734695 0.009316770186335404 0.0326530612244898
0 0.90527950310559 3.914285714285714 0.009316770186335404 0.024489795918367346
0 0.7562111801242236 3.657142857142857 0.10559006211180125 0.3183673469387755
0 0.3059006211180124 3.710204081632653 0.2608695652173913 0.9795918367346939
0 0.14751552795031056 3.736734693877551 0.049689440993788817 0.2
