0 0.013108614232209739 2.1714285714285713 0.02372034956304619 0.20952380952380953
0 0.01373283395755306 2.5 0.019975031210986267 0.2
0 0.09051186017478152 1.8142857142857143 0.031210986267166042 0.23809523809523808
0 0.13857677902621723 2.057142857142857 0.024968789013732832 0.19047619047619047
0 0.17790262172284643 2.0142857142857142 0.008739076154806492 0.08571428571428572
0 0.1941323345817728 1.9666666666666666 0.01373283395755306 0.12380952380952381
0 0.22284644194756553 1.9904761904761905 0.011235955056179775 0.09523809523809523
0 0.26529338327091134 2.0761904761904764 0.008739076154806492 0.0761904761904762
0 0.2784019975031211 2.0904761904761906 0.00749063670411985 0.06666666666666667
0 0.3146067415730337 1.7809523809523808 0.019975031210986267 0.19047619047619047
0 0.3545568039950062 1.9095238095238096 0.019975031210986267 0.1619047619047619
0 0.3739076154806492 1.9952380952380953 0.01373283395755306 0.12380952380952381
0 0.41697877652933835 2.0142857142857142 0.012484394506866416 0.10476190476190476
0 0.4575530586766542 1.8952380952380952 0.01373283395755306 0.11428571428571428
0 0.48564294631710364 2.0047619047619047 0.012484394506866416 0.12380952380952381
0 0.6079900124843945 2.123809523809524 0.009987515605493134 0.0761904761904762
0 0.6392009987515606 2.1666666666666665 0.004993757802746567 0.047619047619047616
0 0.6504369538077404 2.142857142857143 0.00749063670411985 0.05714285714285714
0 0.6579275905118602 2.0428571428571427 0.009987515605493134 0.08571428571428572
0 0.681023720349563 2.123809523809524 0.006242197253433208 0.0380952380952381
0 0.6941323345817728 2.119047619047619 0.00749063670411985 0.06666666666666667
0 0.7047440699126092 2.123809523809524 0.006242197253433208 0.05714285714285714
0 0.7340823970037453 2.066666666666667 0.017478152309612985 0.13333333333333333
0 0.7640449438202247 2.0476190476190474 0.009987515605493134 0.0761904761904762
0 0.7902621722846442 2.0047619047619047 0.017478152309612985 0.12380952380952381
0 0.8264669163545568 2.1285714285714286 0.012484394506866416 0.12380952380952381
0 0.8714107365792759 2.0238095238095237 0.009987515605493134 0.08571428571428572
0 0.8807740324594258 2.052380952380952 0.016229712858926344 0.12380952380952381
0 0.9207240948813983 2.0238095238095237 0.008739076154806492 0.08571428571428572
0 0.9300873907615481 2.0 0.0149812734082397 0.11428571428571428
0 0.949438202247191 2.0285714285714285 0.01373283395755306 0.09523809523809523
0 0.9881398252184769 1.9476190476190476 0.026217228464419477 0.21904761904761905
