0 0.07095926412614981 1.587719298245614 0.00788436268068331 0.04093567251461988
0 0.0900131406044678 1.6432748538011697 0.009198423127463863 0.04678362573099415
0 0.049277266754270695 1.6929824561403508 0.030223390275952694 0.15789473684210525
0 0.04402102496714849 1.5380116959064327 0.02759526938239159 0.1286549707602339
0 0.1609724047306176 1.6345029239766082 0.035479632063074903 0.18128654970760233
0 0.1773981603153745 1.3801169590643274 0.02890932982917214 0.15204678362573099
0 0.2555847568988173 1.5087719298245614 0.035479632063074903 0.15204678362573099
0 0.2851511169513798 1.5584795321637428 0.026281208935611037 0.12280701754385964
0 0.2956636005256242 1.976608187134503 0.02890932982917214 0.14035087719298245
0 0.33705650459921155 1.564327485380117 0.02759526938239159 0.15789473684210525
0 0.354796320630749 1.6140350877192982 0.026281208935611037 0.14035087719298245
0 0.4244415243101183 1.5497076023391814 0.02890932982917214 0.1286549707602339
0 0.5026281208935611 1.2982456140350878 0.040735873850197106 0.17543859649122806
0 0.5466491458607096 1.4181286549707601 0.03942181340341656 0.22807017543859648
0 0.6340341655716163 1.5263157894736843 0.056504599211563734 0.2807017543859649
0 0.9848883048620236 2.084795321637427 0.02759526938239159 0.13450292397660818
