0 0.28900709219858156 1.3794117647058823 0.1347517730496454 0.48823529411764705
0 0.6719858156028369 1.3794117647058823 0.11702127659574468 0.5117647058823529
0 0.18439716312056736 0.9588235294117647 0.0425531914893617 0.15294117647058825
0 0.3599290780141844 0.9852941176470589 0.0425531914893617 0.17058823529411765
0 0.4574468085106383 1.0382352941176471 0.03900709219858156 0.1588235294117647
0 0.5691489361702128 1.088235294117647 0.07092198581560284 0.27058823529411763
0 0.7358156028368794 0.8470588235294118 0.07801418439716312 0.3176470588235294
0 0.9166666666666666 1.1294117647058823 0.07446808510638298 0.24705882352941178
0 1.0168439716312057 1.1294117647058823 0.08333333333333333 0.3058823529411765
0 1.1400709219858156 0.8794117647058823 0.04609929078014184 0.19411764705882353
