0 0.9744816586921851 1.551792828685259 0.025518341307814992 0.05976095617529881
0 0.9609250398724083 1.4780876494023905 0.02711323763955343 0.055776892430278883
0 0.9338118022328549 1.4103585657370519 0.023923444976076555 0.055776892430278883
0 0.905103668261563 1.3745019920318724 0.023923444976076555 0.06374501992031872
0 0.8835725677830941 1.3326693227091633 0.019138755980861243 0.05179282868525897
0 0.828548644338118 1.4940239043824701 0.023923444976076555 0.055776892430278883
0 0.8476874003189793 1.3047808764940239 0.02073365231259968 0.06772908366533864
0 0.828548644338118 1.3286852589641434 0.014354066985645933 0.043824701195219126
0 0.777511961722488 1.344621513944223 0.014354066985645933 0.043824701195219126
0 0.7488038277511961 1.3127490039840637 0.017543859649122806 0.06772908366533864
0 0.6953748006379585 1.5338645418326693 0.01594896331738437 0.03187250996015936
0 0.7081339712918661 1.3884462151394423 0.019138755980861243 0.05179282868525897
0 0.6307814992025519 1.49601593625498 0.02073365231259968 0.05976095617529881
0 0.5940988835725678 1.344621513944223 0.02073365231259968 0.043824701195219126
0 0.6690590111642744 1.2091633466135459 0.017543859649122806 0.043824701195219126
0 0.6778309409888357 1.1792828685258965 0.012759170653907496 0.0398406374501992
0 0.6547049441786283 1.1274900398406376 0.03987240829346093 0.24701195219123506
0 0.6690590111642744 1.0398406374501992 0.014354066985645933 0.0398406374501992
0 0.65311004784689 0.9621513944223108 0.011164274322169059 0.027888446215139442
0 0.6570972886762361 0.9362549800796812 0.012759170653907496 0.0398406374501992
0 0.6196172248803827 0.8764940239043825 0.007974481658692184 0.02390438247011952
0 0.6012759170653907 0.8286852589641435 0.009569377990430622 0.02390438247011952
0 0.5645933014354066 0.8047808764940239 0.009569377990430622 0.02390438247011952
0 0.5422647527910686 0.7250996015936255 0.009569377990430622 0.02390438247011952
0 0.5366826156299841 0.850597609561753 0.007974481658692184 0.027888446215139442
0 0.5502392344497608 0.8247011952191236 0.009569377990430622 0.02390438247011952
0 0.5175438596491229 0.8187250996015937 0.007974481658692184 0.0199203187250996
0 0.5279106858054227 0.8705179282868526 0.009569377990430622 0.027888446215139442
0 0.5119617224880383 0.8745019920318725 0.009569377990430622 0.027888446215139442
0 0.4944178628389155 0.9681274900398407 0.03189792663476874 0.19123505976095617
0 0.49760765550239233 0.8804780876494024 0.009569377990430622 0.03187250996015936
0 0.47926634768740034 0.9123505976095617 0.011164274322169059 0.03187250996015936
0 0.47208931419457734 0.8764940239043825 0.009569377990430622 0.02390438247011952
0 0.46172248803827753 0.9163346613545816 0.011164274322169059 0.03187250996015936
0 0.39952153110047844 0.8585657370517928 0.011164274322169059 0.027888446215139442
0 0.38915470494417864 0.8645418326693227 0.009569377990430622 0.02390438247011952
0 0.45454545454545453 1.0099601593625498 0.012759170653907496 0.035856573705179286
0 0.43301435406698563 0.950199203187251 0.011164274322169059 0.027888446215139442
0 0.47527910685805425 1.1115537848605577 0.012759170653907496 0.03187250996015936
0 0.41228070175438597 1.0119521912350598 0.011164274322169059 0.03187250996015936
0 0.3843700159489633 0.9860557768924303 0.009569377990430622 0.027888446215139442
0 0.3413078149920255 1.0179282868525896 0.012759170653907496 0.035856573705179286
0 0.3413078149920255 0.9641434262948207 0.012759170653907496 0.03187250996015936
0 0.30861244019138756 0.9422310756972112 0.011164274322169059 0.027888446215139442
0 0.3317384370015949 1.1055776892430278 0.019138755980861243 0.043824701195219126
0 0.3189792663476874 1.049800796812749 0.01594896331738437 0.035856573705179286
0 0.3237639553429027 1.047808764940239 0.009569377990430622 0.03187250996015936
0 0.2958532695374801 1.047808764940239 0.011164274322169059 0.03187250996015936
0 0.2751196172248804 1.051792828685259 0.014354066985645933 0.0398406374501992
0 0.2727272727272727 0.9820717131474104 0.012759170653907496 0.035856573705179286
0 0.24880382775119617 1.0836653386454183 0.012759170653907496 0.03187250996015936
0 0.2535885167464115 1.0199203187250996 0.012759170653907496 0.0398406374501992
0 0.22089314194577353 1.0318725099601593 0.014354066985645933 0.0398406374501992
0 0.22966507177033493 0.9800796812749004 0.01594896331738437 0.0398406374501992
0 0.21052631578947367 0.9661354581673307 0.012759170653907496 0.035856573705179286
0 0.20733652312599682 0.9382470119521913 0.009569377990430622 0.027888446215139442
0 0.18740031897926634 1.00199203187251 0.014354066985645933 0.035856573705179286
0 0.15231259968102073 0.9880478087649402 0.011164274322169059 0.03187250996015936
0 0.1371610845295056 0.9581673306772909 0.009569377990430622 0.027888446215139442
0 0.259170653907496 1.1334661354581674 0.014354066985645933 0.035856573705179286
0 0.2631578947368421 1.1772908366533865 0.01594896331738437 0.043824701195219126
0 0.1937799043062201 1.199203187250996 0.014354066985645933 0.0398406374501992
0 0.18819776714513556 1.1414342629482073 0.01594896331738437 0.043824701195219126
0 0.15629984051036683 1.1215139442231075 0.01594896331738437 0.043824701195219126
0 0.0342902711323764 1.0398406374501992 0.014354066985645933 0.0398406374501992
0 0.013556618819776715 0.9960159362549801 0.011164274322169059 0.03187250996015936
0 0.12280701754385964 1.1892430278884463 0.01594896331738437 0.05179282868525897
0 0.10845295055821372 1.203187250996016 0.012759170653907496 0.0398406374501992
0 0.16905901116427433 1.4223107569721116 0.012759170653907496 0.0398406374501992
0 0.20574162679425836 1.3207171314741035 0.012759170653907496 0.035856573705179286
0 0.24561403508771928 1.3386454183266931 0.012759170653907496 0.03187250996015936
0 0.44019138755980863 1.0756972111553784 0.012759170653907496 0.03187250996015936
0 0.5223285486443381 0.9780876494023905 0.011164274322169059 0.035856573705179286
0 0.5470494417862839 0.99800796812749 0.01594896331738437 0.043824701195219126
0 0.55103668261563 0.9621513944223108 0.011164274322169059 0.035856573705179286
0 0.5917065390749602 1.00398406374502 0.012759170653907496 0.03187250996015936
0 0.5925039872408293 0.9960159362549801 0.014354066985645933 0.04780876494023904
0 0.6180223285486444 1.1075697211155378 0.014354066985645933 0.03187250996015936
0 0.6251993620414673 1.1952191235059761 0.012759170653907496 0.0398406374501992
0 0.6084529505582137 1.2310756972111554 0.014354066985645933 0.0398406374501992
0 0.5797448165869219 1.2589641434262948 0.014354066985645933 0.04780876494023904
0 0.5478468899521531 1.2868525896414342 0.017543859649122806 0.04780876494023904
0 0.5494417862838915 1.2868525896414342 0.017543859649122806 0.04780876494023904
0 0.5358851674641149 1.2290836653386454 0.01594896331738437 0.043824701195219126
0 0.511164274322169 1.3346613545816732 0.014354066985645933 0.04780876494023904
0 0.49282296650717705 1.651394422310757 0.022328548644338118 0.05976095617529881
0 0.5207336523125997 1.6294820717131475 0.017543859649122806 0.06374501992031872
0 0.5031897926634769 1.5557768924302788 0.017543859649122806 0.05179282868525897
0 0.5087719298245614 1.4760956175298805 0.019138755980861243 0.05976095617529881
0 0.474481658692185 1.4621513944223108 0.014354066985645933 0.0398406374501992
0 0.44657097288676234 1.3904382470119523 0.01594896331738437 0.0398406374501992
0 0.43859649122807015 1.3545816733067728 0.01594896331738437 0.04780876494023904
0 0.42105263157894735 1.3087649402390438 0.012759170653907496 0.035856573705179286
0 0.35566188197767146 1.5816733067729083 0.019138755980861243 0.04780876494023904
0 0.24960127591706538 1.6354581673306774 0.02073365231259968 0.05976095617529881
0 0.2511961722488038 1.6354581673306774 0.02073365231259968 0.05976095617529881
