0 0.6126984126984127 5.277777777777778 0.01904761904761905 0.2962962962962963
0 0.5476190476190477 5.212962962962963 0.01904761904761905 0.2777777777777778
0 0.569047619047619 5.175925925925926 0.014285714285714285 0.2037037037037037
0 0.5396825396825397 5.277777777777778 0.01904761904761905 0.2222222222222222
0 0.4928571428571429 5.2592592592592595 0.020634920634920634 0.2962962962962963
0 0.4174603174603175 5.2407407407407405 0.015873015873015872 0.2222222222222222
0 0.3984126984126984 5.37037037037037 0.012698412698412698 0.14814814814814814
0 0.35634920634920636 5.212962962962963 0.014285714285714285 0.2037037037037037
0 0.3619047619047619 5.25 0.01904761904761905 0.24074074074074073
0 0.3142857142857143 5.2592592592592595 0.01904761904761905 0.2962962962962963
0 0.273015873015873 5.212962962962963 0.022222222222222223 0.35185185185185186
0 0.23492063492063492 5.444444444444445 0.022222222222222223 0.2962962962962963
0 0.1595238095238095 5.685185185185185 0.01746031746031746 0.25925925925925924
0 0.1380952380952381 5.694444444444445 0.01904761904761905 0.2777777777777778
0 0.12142857142857143 5.685185185185185 0.023809523809523808 0.2962962962962963
0 0.08174603174603175 5.861111111111111 0.026984126984126985 0.3148148148148148
0 0.02142857142857143 5.527777777777778 0.011111111111111112 0.12962962962962962
0 0.7111111111111111 5.518518518518518 0.009523809523809525 0.1111111111111111
