0 0.04487989886219975 1.1882183908045978 0.02654867256637168 0.0603448275862069
0 0.040455120101137804 1.1623563218390804 0.025284450063211124 0.06609195402298851
0 0.09481668773704172 1.0459770114942528 0.017699115044247787 0.040229885057471264
0 0.14412136536030343 1.0632183908045978 0.017699115044247787 0.04597701149425287
0 0.20101137800252844 1.1350574712643677 0.022756005056890013 0.05747126436781609
0 0.3255372945638432 1.0689655172413792 0.01643489254108723 0.04597701149425287
0 0.47029077117572693 1.021551724137931 0.015170670037926675 0.03735632183908046
0 0.5120101137800253 1.0114942528735633 0.015170670037926675 0.040229885057471264
0 0.6055625790139064 0.9798850574712644 0.010113780025284451 0.028735632183908046
0 0.827433628318584 1.1149425287356323 0.01643489254108723 0.04597701149425287
0 0.8723135271807838 1.1235632183908046 0.017699115044247787 0.040229885057471264
0 0.8034134007585335 1.0129310344827587 0.01390644753476612 0.031609195402298854
0 0.7762326169405815 1.0344827586206897 0.010113780025284451 0.028735632183908046
0 0.7262958280657396 1.0790229885057472 0.01390644753476612 0.04310344827586207
0 0.7035398230088495 1.0804597701149425 0.011378002528445006 0.034482758620689655
0 0.6801517067003793 1.0804597701149425 0.015170670037926675 0.034482758620689655
0 0.6675094816687737 0.9870689655172413 0.010113780025284451 0.02586206896551724
0 0.638432364096081 0.9885057471264368 0.010113780025284451 0.028735632183908046
0 0.56826801517067 0.9022988505747126 0.008849557522123894 0.022988505747126436
0 0.6131479140328698 0.8850574712643678 0.022756005056890013 0.14942528735632185
0 0.5891276864728192 0.8261494252873564 0.007585335018963337 0.020114942528735632
0 0.5195954487989887 0.9022988505747126 0.010113780025284451 0.022988505747126436
0 0.49557522123893805 0.9022988505747126 0.010113780025284451 0.022988505747126436
0 0.5056890012642224 0.8635057471264368 0.010113780025284451 0.020114942528735632
0 0.5202275600505689 0.8620689655172413 0.008849557522123894 0.028735632183908046
0 0.43994943109987356 1.0344827586206897 0.040455120101137804 0.22413793103448276
0 0.47029077117572693 0.896551724137931 0.007585335018963337 0.017241379310344827
0 0.3893805309734513 0.8922413793103449 0.010113780025284451 0.020114942528735632
0 0.49810366624525915 1.0344827586206897 0.012642225031605562 0.028735632183908046
0 0.3584070796460177 0.8448275862068966 0.008849557522123894 0.022988505747126436
0 0.33185840707964603 0.9022988505747126 0.01390644753476612 0.034482758620689655
0 0.30783817951959547 0.9310344827586207 0.011378002528445006 0.022988505747126436
0 0.3084702907711757 0.9008620689655172 0.012642225031605562 0.02586206896551724
0 0.274968394437421 0.9367816091954023 0.008849557522123894 0.022988505747126436
0 0.22187104930467763 1.0747126436781609 0.01643489254108723 0.04597701149425287
0 0.24146649810366624 0.8994252873563219 0.010113780025284451 0.022988505747126436
0 0.24905183312262957 0.9080459770114943 0.010113780025284451 0.028735632183908046
0 0.26548672566371684 0.9094827586206896 0.015170670037926675 0.031609195402298854
0 0.8969658659924147 1.0373563218390804 0.018963337547408345 0.04597701149425287
0 0.4102402022756005 0.8908045977011494 0.008849557522123894 0.022988505747126436
0 0.8337547408343868 1.089080459770115 0.01390644753476612 0.034482758620689655
0 0.6207332490518331 1.0344827586206897 0.02781289506953224 0.19540229885057472
0 0.7515802781289507 0.9913793103448276 0.008849557522123894 0.017241379310344827
0 0.17572692793931732 1.028735632183908 0.012642225031605562 0.028735632183908046
0 0.7174462705436156 1.0201149425287357 0.011378002528445006 0.028735632183908046
