0 1.0534069981583793 1.7009132420091324 0.03314917127071823 0.0867579908675799
0 0.9852670349907919 1.7283105022831051 0.03314917127071823 0.0958904109589041
0 0.7863720073664825 1.7237442922374429 0.03314917127071823 0.0867579908675799
0 0.8775322283609577 1.6141552511415524 0.027624309392265192 0.0593607305936073
0 0.934622467771639 1.6210045662100456 0.020257826887661142 0.0547945205479452
0 0.7559852670349908 1.6894977168949772 0.027624309392265192 0.0730593607305936
0 0.6823204419889503 1.7054794520547945 0.03867403314917127 0.0958904109589041
0 0.1464088397790055 1.95662100456621 0.0865561694290976 0.2511415525114155
0 0.5119705340699816 1.7831050228310503 0.04419889502762431 0.1232876712328767
0 0.4567219152854512 1.8036529680365296 0.04788213627992634 0.1461187214611872
0 0.39871086556169427 1.8059360730593608 0.0423572744014733 0.1324200913242009
0 0.26519337016574585 1.7808219178082192 0.05156537753222836 0.182648401826484
0 0.16298342541436464 1.7808219178082192 0.053406998158379376 0.1461187214611872
0 0.21178637200736647 1.6506849315068493 0.01841620626151013 0.0502283105022831
0 0.31767955801104975 1.6940639269406392 0.02394106813996317 0.0821917808219178
0 0.3351749539594843 1.6940639269406392 0.029465930018416207 0.0821917808219178
0 0.39042357274401474 1.6621004566210045 0.02578268876611418 0.0730593607305936
0 0.5460405156537753 1.6712328767123288 0.03130755064456722 0.091324200913242
0 0.6022099447513812 1.721461187214612 0.03314917127071823 0.1095890410958904
0 0.4152854511970534 1.6278538812785388 0.020257826887661142 0.0593607305936073
0 0.45027624309392267 1.639269406392694 0.020257826887661142 0.0639269406392694
0 0.47697974217311234 1.6324200913242009 0.022099447513812154 0.0593607305936073
0 0.5202578268876611 1.6210045662100456 0.020257826887661142 0.0639269406392694
0 0.7182320441988951 1.6415525114155252 0.022099447513812154 0.0684931506849315
0 0.6823204419889503 1.6141552511415524 0.016574585635359115 0.0502283105022831
0 0.7394106813996317 1.6255707762557077 0.020257826887661142 0.0547945205479452
0 0.8011049723756906 1.6415525114155252 0.022099447513812154 0.0684931506849315
0 0.7679558011049724 1.6141552511415524 0.014732965009208104 0.0410958904109589
0 0.848987108655617 1.5730593607305936 0.014732965009208104 0.0410958904109589
0 0.8011049723756906 1.5844748858447488 0.014732965009208104 0.0365296803652968
0 0.5791896869244936 1.595890410958904 0.01289134438305709 0.0410958904109589
0 0.6049723756906077 1.5730593607305936 0.01289134438305709 0.0410958904109589
0 0.647329650092081 1.5639269406392695 0.01289134438305709 0.0319634703196347
0 0.5598526703499079 1.5844748858447488 0.014732965009208104 0.0365296803652968
0 0.4714548802946593 1.5616438356164384 0.014732965009208104 0.045662100456621
0 0.16114180478821363 1.778538812785388 0.0570902394106814 0.1506849315068493
