0 0.02937420178799489 6.467741935483871 0.010217113665389528 0.0967741935483871
0 0.04469987228607918 6.602150537634409 0.01277139208173691 0.10752688172043011
0 0.07215836526181353 6.629032258064516 0.011494252873563218 0.0967741935483871
0 0.10344827586206896 6.60752688172043 0.01277139208173691 0.11827956989247312
0 0.1756066411238825 6.881720430107527 0.0140485312899106 0.10752688172043011
0 0.20051085568326948 6.940860215053763 0.01277139208173691 0.11827956989247312
0 0.1781609195402299 6.56989247311828 0.011494252873563218 0.10752688172043011
0 0.23499361430395913 7.096774193548387 0.01532567049808429 0.17204301075268819
0 0.2503192848020434 6.586021505376344 0.010217113665389528 0.0967741935483871
0 0.40293742017879947 6.672043010752688 0.011494252873563218 0.11827956989247312
0 0.44125159642401024 6.736559139784946 0.011494252873563218 0.0967741935483871
0 0.586845466155811 6.774193548387097 0.016602809706257982 0.15053763440860216
0 0.6392081736909323 6.736559139784946 0.016602809706257982 0.13978494623655913
0 0.6513409961685823 6.720430107526882 0.01277139208173691 0.12903225806451613
0 0.776500638569604 6.741935483870968 0.007662835249042145 0.08602150537634409
0 0.9853128991060025 6.553763440860215 0.011494252873563218 0.0967741935483871
0 1.0204342273307792 6.596774193548387 0.007662835249042145 0.07526881720430108
0 0.5153256704980843 6.483870967741935 0.06257982120051085 0.6021505376344086
0 0.3212005108556833 6.483870967741935 0.06513409961685823 0.6021505376344086
