0 0.01060070671378092 5.091666666666667 0.011778563015312132 0.35
0 0.020023557126030624 4.933333333333334 0.004711425206124852 0.06666666666666667
0 0.04299175500588928 5.175 0.01060070671378092 0.4166666666666667
0 0.05653710247349823 4.975 0.007067137809187279 0.08333333333333333
0 0.06478209658421673 5.025 0.004711425206124852 0.08333333333333333
0 0.10482921083627797 5.141666666666667 0.004711425206124852 0.08333333333333333
0 0.15371024734982333 5.15 0.005889281507656066 0.1
0 0.16489988221436985 5.275 0.016489988221436984 0.55
0 0.1772673733804476 5.125 0.008244994110718492 0.11666666666666667
0 0.2308598351001178 5.116666666666666 0.007067137809187279 0.1
0 0.2508833922261484 5.158333333333333 0.007067137809187279 0.11666666666666667
0 0.2673733804475854 5.066666666666666 0.011778563015312132 0.16666666666666666
0 0.287396937573616 5.508333333333334 0.02591283863368669 0.7833333333333333
0 0.30212014134275617 5.183333333333334 0.008244994110718492 0.13333333333333333
0 0.3127208480565371 5.191666666666666 0.008244994110718492 0.11666666666666667
0 0.3250883392226148 5.166666666666667 0.009422850412249705 0.13333333333333333
0 0.3380447585394582 5.233333333333333 0.007067137809187279 0.1
0 0.35335689045936397 5.216666666666667 0.007067137809187279 0.13333333333333333
0 0.3651354534746761 5.125 0.007067137809187279 0.11666666666666667
0 0.5665488810365136 5.266666666666667 0.007067137809187279 0.1
0 0.5759717314487632 5.483333333333333 0.016489988221436984 0.5
0 0.8250883392226148 5.208333333333333 0.008244994110718492 0.11666666666666667
