0 0.009992313604919293 0.2828525641025641 0.004611837048424289 0.011217948717948718
0 0.03920061491160646 0.28525641025641024 0.004611837048424289 0.009615384615384616
0 0.07801691006917756 0.29086538461538464 0.005380476556495004 0.014423076923076924
0 0.09723289777094543 0.28685897435897434 0.006917755572636433 0.01282051282051282
0 0.09607993850883935 0.28685897435897434 0.006149116064565719 0.01282051282051282
0 0.10991544965411222 0.28926282051282054 0.006149116064565719 0.014423076923076924
0 0.13528055342044581 0.29967948717948717 0.007686395080707148 0.016025641025641024
0 0.23366641045349731 0.29967948717948717 0.006149116064565719 0.01282051282051282
0 0.297847809377402 0.3125 0.008455034588777863 0.022435897435897436
0 0.17986164488854728 0.2956730769230769 0.07071483474250577 0.13942307692307693
0 0.3962336664104535 0.31650641025641024 0.05764796310530361 0.13942307692307693
0 0.5422751729438893 0.2900641025641026 0.033051498847040735 0.07692307692307693
0 0.5726364335126826 0.4046474358974359 0.024596464258262875 0.05929487179487179
0 0.6268255188316679 0.29967948717948717 0.03920061491160646 0.08974358974358974
0 0.8255188316679477 0.3894230769230769 0.019984627209838585 0.04807692307692308
0 0.9127594158339739 0.390224358974359 0.01921598770176787 0.04326923076923077
0 0.7567255956956187 0.3998397435897436 0.01614142966948501 0.03685897435897436
0 0.8762490392006149 0.3092948717948718 0.015372790161414296 0.035256410256410256
0 0.7963105303612605 0.38621794871794873 0.016910069177555727 0.041666666666666664
