0 0.00968109339407745 1.453551912568306 0.03758542141230068 0.24043715846994534
0 0.14407744874715261 1.4453551912568305 0.030751708428246014 0.1912568306010929
0 0.10079726651480637 1.2978142076502732 0.017084282460136675 0.09289617486338798
0 0.11674259681093394 1.2677595628415301 0.023917995444191344 0.14207650273224043
0 0.15034168564920272 1.3278688524590163 0.02733485193621868 0.15300546448087432
0 0.20558086560364464 1.3360655737704918 0.023917995444191344 0.15846994535519127
0 0.23633257403189067 1.2021857923497268 0.017084282460136675 0.08743169398907104
0 0.25740318906605925 1.4043715846994536 0.029612756264236904 0.17486338797814208
0 0.3479498861047836 1.4508196721311475 0.03758542141230068 0.1912568306010929
0 0.3969248291571754 1.4836065573770492 0.03530751708428246 0.20218579234972678
0 0.4646924829157175 1.5273224043715847 0.03644646924829157 0.1912568306010929
0 0.4356492027334852 1.3387978142076502 0.03302961275626424 0.19672131147540983
0 0.5609339407744874 1.5327868852459017 0.03758542141230068 0.18032786885245902
0 0.5825740318906606 1.459016393442623 0.03530751708428246 0.20765027322404372
0 0.6623006833712984 1.5519125683060109 0.0489749430523918 0.273224043715847
0 0.7460136674259681 1.6311475409836065 0.0387243735763098 0.21311475409836064
0 0.8513667425968109 1.6967213114754098 0.04441913439635535 0.2786885245901639
0 0.9669703872437357 1.7759562841530054 0.04783599088838269 0.31693989071038253
0 0.3097949886104784 1.1885245901639345 0.015945330296127564 0.08196721311475409
0 0.35079726651480636 1.2677595628415301 0.025056947608200455 0.17486338797814208
0 0.44931662870159456 1.289617486338798 0.017084282460136675 0.09836065573770492
0 0.4031890660592255 1.289617486338798 0.018223234624145785 0.09836065573770492
0 0.3895216400911162 1.3224043715846994 0.018223234624145785 0.09836065573770492
0 0.36104783599088835 1.1967213114754098 0.01366742596810934 0.07650273224043716
0 0.39806378132118453 1.1639344262295082 0.014806378132118452 0.08743169398907104
0 0.464123006833713 1.226775956284153 0.014806378132118452 0.07103825136612021
0 0.5148063781321185 1.2377049180327868 0.011389521640091117 0.07103825136612021
0 0.535876993166287 1.2978142076502732 0.0193621867881549 0.09289617486338798
0 0.5552391799544419 1.2677595628415301 0.014806378132118452 0.07650273224043716
0 0.5831435079726651 1.3005464480874316 0.02050113895216401 0.07650273224043716
0 0.643507972665148 1.319672131147541 0.02050113895216401 0.10382513661202186
0 0.6765375854214123 1.3415300546448088 0.015945330296127564 0.10382513661202186
0 0.7146924829157175 1.2568306010928962 0.017084282460136675 0.09836065573770492
0 0.780751708428246 1.325136612021858 0.0193621867881549 0.10382513661202186
0 0.5364464692482915 1.2021857923497268 0.011389521640091117 0.06557377049180328
0 0.5757403189066059 1.215846994535519 0.010250569476082005 0.04918032786885246
0 0.6099088838268792 1.2240437158469946 0.014806378132118452 0.08743169398907104
0 0.6469248291571754 1.221311475409836 0.011389521640091117 0.07103825136612021
0 0.6879271070615034 1.1885245901639345 0.011389521640091117 0.04918032786885246
0 0.7613895216400911 1.2704918032786885 0.012528473804100227 0.060109289617486336
0 0.765375854214123 1.1530054644808743 0.011389521640091117 0.06557377049180328
0 0.8502277904328018 1.2923497267759563 0.02164009111617312 0.10382513661202186
0 0.9020501138952164 1.215846994535519 0.022779043280182234 0.12568306010928962
0 0.9675398633257403 1.278688524590164 0.02164009111617312 0.12021857923497267
0 0.48177676537585423 1.2349726775956285 0.009111617312072893 0.04371584699453552
0 0.41970387243735763 1.139344262295082 0.007972665148063782 0.03825136612021858
0 0.4550113895216401 1.1830601092896176 0.012528473804100227 0.060109289617486336
0 0.46184510250569477 1.1366120218579234 0.010250569476082005 0.0546448087431694
0 0.4328018223234624 1.169398907103825 0.009111617312072893 0.04371584699453552
0 0.44248291571753984 1.1311475409836065 0.007972665148063782 0.04371584699453552
0 0.4880410022779043 1.1885245901639345 0.010250569476082005 0.060109289617486336
0 0.5113895216400911 1.1420765027322404 0.009111617312072893 0.04371584699453552
