0 0.1422668240850059 2.9661016949152543 0.012987012987012988 0.23728813559322035
0 0.20956316410861867 3.135593220338983 0.008264462809917356 0.13559322033898305
0 0.23494687131050768 3.194915254237288 0.009445100354191263 0.15254237288135594
0 0.31995277449822906 3.0254237288135593 0.009445100354191263 0.15254237288135594
0 0.3370720188902007 3.093220338983051 0.008264462809917356 0.11864406779661017
0 0.34238488783943327 3.135593220338983 0.009445100354191263 0.13559322033898305
0 0.35832349468713104 3.1440677966101696 0.0059031877213695395 0.0847457627118644
0 0.3654073199527745 3.1440677966101696 0.0035419126328217238 0.05084745762711865
0 0.4132231404958678 3.1271186440677967 0.004722550177095631 0.0847457627118644
0 0.423258559622196 3.0508474576271185 0.0059031877213695395 0.1016949152542373
0 0.5584415584415584 3.26271186440678 0.009445100354191263 0.4576271186440678
0 0.5631641086186541 3.0847457627118646 0.004722550177095631 0.06779661016949153
0 0.5743801652892562 3.0338983050847457 0.008264462809917356 0.13559322033898305
0 0.5808736717827627 3.0508474576271185 0.004722550177095631 0.06779661016949153
0 0.5979929161747344 3.0084745762711864 0.0059031877213695395 0.0847457627118644
0 0.6157024793388429 2.889830508474576 0.0059031877213695395 0.0847457627118644
0 0.6387249114521841 2.9322033898305087 0.009445100354191263 0.13559322033898305
0 0.9911452184179457 2.8389830508474576 0.020070838252656435 0.3559322033898305
