0 0.047126436781609195 4.033596837944664 0.059770114942528735 0.2015810276679842
0 0.0867816091954023 3.8794466403162056 0.026436781609195402 0.11462450592885376
0 0.1235632183908046 3.960474308300395 0.047126436781609195 0.18181818181818182
0 0.2603448275862069 3.9822134387351777 0.05172413793103448 0.19367588932806323
0 0.31896551724137934 3.911067193675889 0.04942528735632184 0.19367588932806323
0 0.3988505747126437 3.8616600790513833 0.02528735632183908 0.09486166007905138
0 0.4591954022988506 3.909090909090909 0.021839080459770115 0.09486166007905138
0 0.6091954022988506 3.9031620553359683 0.02528735632183908 0.09881422924901186
0 0.6626436781609195 3.8735177865612647 0.021839080459770115 0.07114624505928854
0 0.7103448275862069 3.8636363636363638 0.020689655172413793 0.07509881422924901
0 0.7649425287356322 3.83596837944664 0.021839080459770115 0.06719367588932806
0 0.7385057471264368 3.855731225296443 0.01954022988505747 0.07509881422924901
0 0.5275862068965518 3.91699604743083 0.09655172413793103 0.38735177865612647
0 0.8810344827586207 4.3023715415019765 0.14367816091954022 0.6205533596837944
