0 0.0653061224489796 1.0024752475247525 0.0326530612244898 0.13366336633663367
0 0.10748299319727891 1.047029702970297 0.029931972789115645 0.12376237623762376
0 0.15034013605442176 1.0544554455445545 0.02857142857142857 0.12871287128712872
0 0.15374149659863945 1.202970297029703 0.03537414965986395 0.13861386138613863
0 0.20952380952380953 1.3935643564356435 0.03537414965986395 0.15346534653465346
0 0.20204081632653062 1.1905940594059405 0.031292517006802724 0.14356435643564355
0 0.20476190476190476 1.061881188118812 0.031292517006802724 0.12376237623762376
0 0.23537414965986395 1.0915841584158417 0.027210884353741496 0.12376237623762376
0 0.27755102040816326 1.4108910891089108 0.0761904761904762 0.9108910891089109
0 0.3306122448979592 1.0816831683168318 0.027210884353741496 0.12376237623762376
0 0.3578231292517007 1.1064356435643565 0.021768707482993196 0.11386138613861387
0 0.37006802721088433 0.9851485148514851 0.024489795918367346 0.10891089108910891
0 0.3979591836734694 1.108910891089109 0.02857142857142857 0.1188118811881188
0 0.41360544217687073 1.0767326732673268 0.021768707482993196 0.11386138613861387
0 0.43673469387755104 1.113861386138614 0.024489795918367346 0.09900990099009901
0 0.4530612244897959 1.0544554455445545 0.021768707482993196 0.09900990099009901
0 0.48027210884353744 1.0940594059405941 0.024489795918367346 0.09900990099009901
0 0.4714285714285714 1.4084158415841583 0.02857142857142857 0.13366336633663367
0 0.5333333333333333 1.3564356435643565 0.029931972789115645 0.12871287128712872
0 0.5299319727891156 1.1485148514851484 0.02312925170068027 0.10891089108910891
0 0.608843537414966 1.4034653465346534 0.02857142857142857 0.12376237623762376
0 0.6319727891156462 1.4232673267326732 0.02585034013605442 0.13366336633663367
0 0.508843537414966 1.0544554455445545 0.027210884353741496 0.10891089108910891
0 0.5217687074829932 0.9727722772277227 0.02040816326530612 0.08415841584158416
0 0.5414965986394558 1.056930693069307 0.029931972789115645 0.13366336633663367
0 0.5401360544217687 0.943069306930693 0.024489795918367346 0.10396039603960396
0 0.5666666666666667 1.0247524752475248 0.02312925170068027 0.10891089108910891
0 0.5897959183673469 1.0371287128712872 0.02585034013605442 0.12376237623762376
0 0.6183673469387755 1.1064356435643565 0.02312925170068027 0.12376237623762376
0 0.6428571428571429 0.9801980198019802 0.014965986394557823 0.0594059405940594
0 0.6646258503401361 1.0891089108910892 0.02040816326530612 0.0891089108910891
0 0.6945578231292517 1.00990099009901 0.02040816326530612 0.09900990099009901
0 0.7557823129251701 1.0123762376237624 0.02857142857142857 0.11386138613861387
0 0.6639455782312925 1.3044554455445545 0.027210884353741496 0.13366336633663367
0 0.7 1.1262376237623761 0.02857142857142857 0.10396039603960396
0 0.7231292517006803 1.141089108910891 0.02585034013605442 0.11386138613861387
0 0.7693877551020408 1.0841584158415842 0.02857142857142857 0.13861386138613863
0 0.8040816326530612 1.0841584158415842 0.027210884353741496 0.12871287128712872
0 0.8517006802721089 1.00990099009901 0.027210884353741496 0.13861386138613863
0 0.8700680272108844 1.0693069306930694 0.031292517006802724 0.15841584158415842
0 0.9156462585034013 1.1014851485148516 0.027210884353741496 0.12376237623762376
0 0.9448979591836735 1.0841584158415842 0.034013605442176874 0.13861386138613863
0 0.8183673469387756 1.5371287128712872 0.031292517006802724 0.15346534653465346
0 0.8877551020408163 1.443069306930693 0.031292517006802724 0.14356435643564355
0 0.9897959183673469 1.4158415841584158 0.036734693877551024 0.1485148514851485
0 0.9877551020408163 1.150990099009901 0.029931972789115645 0.13366336633663367
0 1.030612244897959 1.0420792079207921 0.036734693877551024 0.16336633663366337
0 0.9823129251700681 1.0123762376237624 0.029931972789115645 0.12376237623762376
0 1.0013605442176872 1.0198019801980198 0.024489795918367346 0.10891089108910891
