0 0.38577154308617234 1.556844547563805 0.04128256513026052 0.30162412993039445
0 0.2739478957915832 1.703016241299304 0.04288577154308617 0.29698375870069604
0 0.08957915831663327 1.8468677494199537 0.012424849699398798 0.07424593967517401
0 0.06653306613226453 1.8422273781902552 0.007214428857715431 0.037122969837587005
0 0.04969939879759519 1.8248259860788862 0.007214428857715431 0.04408352668213457
0 0.003006012024048096 1.9965197215777262 0.012424849699398798 0.0951276102088167
0 0.017034068136272545 1.7877030162412992 0.014028056112224449 0.0765661252900232
0 0.10861723446893788 1.906032482598608 0.0032064128256513026 0.02088167053364269
0 0.11322645290581163 1.9048723897911832 0.0036072144288577155 0.02320185614849188
0 0.14428857715430862 1.8700696055684454 0.0032064128256513026 0.018561484918793503
0 0.8565130260521042 2.3375870069605567 0.01282565130260521 0.09976798143851508
0 0.8993987975951904 2.3573085846867747 0.01843687374749499 0.09744779582366589
0 0.9104208416833668 2.3700696055684456 0.007615230460921844 0.04408352668213457
0 0.9513026052104209 2.3225058004640373 0.013226452905811623 0.06496519721577726
0 0.9919839679358717 2.0324825986078885 0.009619238476953907 0.05568445475638051
0 0.9787575150300601 2.0371229698375872 0.008817635270541082 0.05568445475638051
0 0.9488977955911824 2.1647331786542923 0.004408817635270541 0.027842227378190254
0 0.9737474949899799 1.962877030162413 0.0052104208416833666 0.03248259860788863
0 0.9547094188376753 1.9976798143851509 0.004809619238476954 0.027842227378190254
0 0.9140280561122245 2.02784222737819 0.006813627254509018 0.04176334106728538
0 0.8885771543086173 2.02784222737819 0.007214428857715431 0.04176334106728538
0 0.8707414829659319 2.222737819025522 0.010821643286573146 0.060324825986078884
0 0.8496993987975952 2.2157772621809744 0.008817635270541082 0.04640371229698376
0 0.8264529058116232 2.2250580046403714 0.008817635270541082 0.05104408352668213
0 0.8342685370741483 2.2157772621809744 0.009218436873747494 0.06496519721577726
0 0.8056112224448898 2.2215777262180976 0.008817635270541082 0.048723897911832945
0 0.820440881763527 2.21461716937355 0.008817635270541082 0.058004640371229696
0 0.7905811623246493 2.2273781902552203 0.01002004008016032 0.05104408352668213
0 0.7987975951903807 2.1937354988399074 0.008016032064128256 0.058004640371229696
0 0.7809619238476954 2.1902552204176335 0.008416833667334669 0.06496519721577726
0 0.7665330661322646 2.21461716937355 0.008416833667334669 0.048723897911832945
0 0.7527054108216433 2.1554524361948957 0.008817635270541082 0.05104408352668213
0 0.7583166332665331 2.1647331786542923 0.008016032064128256 0.04640371229698376
0 0.7408817635270541 2.1693735498839906 0.009218436873747494 0.05104408352668213
0 0.7230460921843688 2.1937354988399074 0.007214428857715431 0.04408352668213457
0 0.7312625250501003 2.1705336426914155 0.006813627254509018 0.05336426914153132
0 0.7178356713426853 2.1577726218097446 0.008016032064128256 0.05104408352668213
0 0.7086172344689379 2.1821345707656614 0.008016032064128256 0.048723897911832945
0 0.7050100200400802 2.1751740139211138 0.008817635270541082 0.05336426914153132
0 0.6967935871743487 2.136890951276102 0.006813627254509018 0.05104408352668213
0 0.9206412825651302 1.9559164733178653 0.004809619238476954 0.027842227378190254
0 0.9114228456913828 1.980278422273782 0.004809619238476954 0.025522041763341066
0 0.8422845691382765 1.976798143851508 0.006012024048096192 0.04176334106728538
0 0.8402805611222445 1.939675174013921 0.004408817635270541 0.02320185614849188
0 0.8370741482965932 2.0 0.004408817635270541 0.03248259860788863
0 0.8300601202404809 1.9953596287703017 0.004809619238476954 0.027842227378190254
0 0.8028056112224449 2.008120649651972 0.0056112224448897794 0.030162412993039442
0 0.8004008016032064 1.9953596287703017 0.0056112224448897794 0.027842227378190254
0 0.7569138276553106 1.9988399071925753 0.006012024048096192 0.03480278422273782
0 0.750501002004008 1.9361948955916473 0.004408817635270541 0.025522041763341066
0 0.7424849699398798 1.9605568445475638 0.004408817635270541 0.03248259860788863
0 0.730060120240481 1.9408352668213458 0.006012024048096192 0.03480278422273782
0 0.6727454909819639 1.9338747099767981 0.004408817635270541 0.025522041763341066
0 0.6613226452905812 1.9419953596287702 0.0032064128256513026 0.018561484918793503
0 0.651503006012024 1.945475638051044 0.0028056112224448897 0.02088167053364269
0 0.5396793587174349 2.1658932714617167 0.009218436873747494 0.06264501160092807
0 0.5224448897795592 2.1705336426914155 0.009218436873747494 0.058004640371229696
0 0.582565130260521 2.1426914153132253 0.007615230460921844 0.03944315545243619
0 0.6010020040080161 2.1310904872389793 0.0052104208416833666 0.025522041763341066
0 0.6112224448897795 1.9605568445475638 0.004809619238476954 0.03248259860788863
0 0.6032064128256514 1.9791183294663572 0.004809619238476954 0.03248259860788863
0 0.5969939879759519 1.9211136890951277 0.0036072144288577155 0.018561484918793503
0 0.5555110220440882 1.9176334106728539 0.002404809619238477 0.016241299303944315
0 0.5577154308617235 1.9547563805104409 0.007615230460921844 0.09976798143851508
0 0.516432865731463 1.9327146171693736 0.006012024048096192 0.03248259860788863
0 0.47875751503006014 1.9675174013921113 0.0052104208416833666 0.03248259860788863
0 0.4857715430861723 1.9605568445475638 0.004008016032064128 0.02320185614849188
0 0.4408817635270541 1.9350348027842228 0.004809619238476954 0.03248259860788863
0 0.4392785571142285 2.0649651972157774 0.004008016032064128 0.02320185614849188
0 0.862124248496994 1.9419953596287702 0.0032064128256513026 0.018561484918793503
0 0.6016032064128256 2.0371229698375872 0.0056112224448897794 0.03248259860788863
0 0.6158316633266533 2.0649651972157774 0.006813627254509018 0.037122969837587005
0 0.5809619238476954 2.1334106728538282 0.006813627254509018 0.04408352668213457
