0 0.03131868131868132 0.49120603015075376 0.045054945054945054 0.12311557788944724
0 0.16538461538461538 0.45603015075376885 0.06263736263736264 0.15326633165829145
0 0.310989010989011 0.3957286432160804 0.015384615384615385 0.03768844221105527
0 0.48956043956043954 0.535175879396985 0.06043956043956044 0.1306532663316583
0 0.5642857142857143 0.4585427135678392 0.025274725274725275 0.06281407035175879
0 0.5906593406593407 0.41959798994974873 0.05384615384615385 0.1457286432160804
0 0.6675824175824175 0.6432160804020101 0.05384615384615385 0.16080402010050251
0 0.7164835164835165 0.46984924623115576 0.054945054945054944 0.1658291457286432
0 0.7785714285714286 0.5816582914572864 0.04285714285714286 0.10804020100502512
0 0.7923076923076923 0.44472361809045224 0.02857142857142857 0.07035175879396985
0 0.8192307692307692 0.4798994974874372 0.027472527472527472 0.07537688442211055
0 0.8456043956043956 0.4472361809045226 0.05384615384615385 0.1306532663316583
0 0.8774725274725275 0.4271356783919598 0.02967032967032967 0.07035175879396985
0 0.8758241758241758 0.6683417085427136 0.05714285714285714 0.17587939698492464
0 0.9175824175824175 0.507537688442211 0.05714285714285714 0.1507537688442211
0 0.9401098901098901 0.5866834170854272 0.05824175824175824 0.17336683417085427
0 0.9846153846153847 0.6520100502512562 0.04835164835164835 0.15829145728643215
0 0.49065934065934064 0.5364321608040201 0.06703296703296703 0.15829145728643215
