0 0.0023328149300155523 3.060747663551402 0.03576982892690513 0.2523364485981308
0 0.08398133748055987 2.9018691588785046 0.015552099533437015 0.102803738317757
0 0.10497667185069985 2.897196261682243 0.013996889580093312 0.07476635514018691
0 0.18351477449455678 2.9485981308411215 0.015552099533437015 0.102803738317757
0 0.2931570762052877 2.7570093457943927 0.01088646967340591 0.07476635514018691
0 0.2822706065318818 2.7850467289719627 0.007776049766718507 0.056074766355140186
0 0.4735614307931571 2.822429906542056 0.01088646967340591 0.07476635514018691
0 0.5318818040435459 2.864485981308411 0.01866251944012442 0.12149532710280374
0 0.5948678071539658 2.8598130841121496 0.017107309486780714 0.11214953271028037
0 0.7270606531881804 2.682242990654206 0.004665629860031105 0.037383177570093455
0 0.8017107309486781 2.6542056074766354 0.007776049766718507 0.037383177570093455
0 0.8219284603421462 2.663551401869159 0.007776049766718507 0.037383177570093455
0 0.8849144634525661 2.7009345794392523 0.00933125972006221 0.056074766355140186
0 0.9020217729393468 2.836448598130841 0.02177293934681182 0.3644859813084112
0 0.9525660964230172 2.7570093457943927 0.017107309486780714 0.29906542056074764
0 0.9813374805598756 2.607476635514019 0.006220839813374806 0.037383177570093455
0 0.30171073094867806 2.7429906542056073 0.006220839813374806 0.04672897196261682
