0 0.3079056865464632 0.5784313725490197 0.08321775312066575 0.4019607843137255
0 0.4646324549237171 0.6151960784313726 0.0970873786407767 0.37745098039215685
0 0.5242718446601942 1.2107843137254901 0.08044382801664356 0.3333333333333333
0 0.07212205270457697 0.571078431372549 0.024965325936199722 0.08333333333333333
0 0.11234396671289876 0.5294117647058824 0.005547850208044383 0.0196078431372549
0 0.1289875173370319 0.5196078431372549 0.005547850208044383 0.0196078431372549
0 0.15742024965325938 0.49754901960784315 0.006934812760055479 0.024509803921568627
0 0.15464632454923716 0.5735294117647058 0.015256588072122053 0.08823529411764706
0 0.1650485436893204 0.5563725490196079 0.008321775312066574 0.03431372549019608
0 0.20665742024965325 0.571078431372549 0.013869625520110958 0.05392156862745098
0 0.18030513176144244 0.5588235294117647 0.005547850208044383 0.0196078431372549
0 0.3106796116504854 0.8651960784313726 0.036061026352288486 0.11274509803921569
0 0.3509015256588072 0.7867647058823529 0.030513176144244106 0.10294117647058823
0 0.7642163661581137 0.6299019607843137 0.016643550624133148 0.07352941176470588
0 0.6997226074895978 0.6176470588235294 0.018030513176144243 0.06862745098039216
0 0.7912621359223301 0.5294117647058824 0.009708737864077669 0.029411764705882353
0 0.8786407766990292 0.6372549019607843 0.012482662968099861 0.0392156862745098
0 0.6276005547850209 0.5955882352941176 0.006934812760055479 0.024509803921568627
0 0.6588072122052705 0.6029411764705882 0.008321775312066574 0.029411764705882353
0 0.6449375866851595 0.6029411764705882 0.008321775312066574 0.029411764705882353
