0 0.1581532416502947 0.7677165354330708 0.12770137524557956 0.6850393700787402
0 0.2504911591355599 1.110236220472441 0.029469548133595286 0.15748031496062992
0 0.22298624754420432 1.3031496062992125 0.029469548133595286 0.13385826771653545
0 0.362475442043222 1.3385826771653544 0.025540275049115914 0.14173228346456693
0 0.44597249508840864 1.0905511811023623 0.043222003929273084 0.2283464566929134
0 0.6070726915520629 0.9173228346456693 0.047151277013752456 0.2125984251968504
0 0.6758349705304518 1.1181102362204725 0.019646365422396856 0.09448818897637795
0 0.731827111984283 1.2086614173228347 0.01768172888015717 0.07086614173228346
0 0.7927308447937131 1.311023622047244 0.04911591355599214 0.2283464566929134
0 0.8477406679764243 1.18503937007874 0.029469548133595286 0.14960629921259844
0 0.931237721021611 1.2283464566929134 0.05108055009823183 0.2204724409448819
0 0.9508840864440079 1.0984251968503937 0.047151277013752456 0.2125984251968504
0 1.0726915520628684 1.0669291338582678 0.043222003929273084 0.1968503937007874
0 1.044204322200393 1.2677165354330708 0.01768172888015717 0.06299212598425197
0 1.0216110019646365 1.1653543307086613 0.019646365422396856 0.07874015748031496
0 0.8831041257367387 1.047244094488189 0.025540275049115914 0.11023622047244094
