0 0.823321554770318 2.9294871794871793 0.0706713780918728 0.6794871794871795
0 0.9493521790341578 2.8974358974358974 0.04711425206124853 0.5384615384615384
0 0.9864546525323911 2.5641025641025643 0.02237926972909305 0.3076923076923077
0 0.8981154299175501 2.5833333333333335 0.0176678445229682 0.19230769230769232
0 0.850412249705536 2.608974358974359 0.04004711425206125 0.5
0 0.7579505300353356 2.9551282051282053 0.02237926972909305 0.2692307692307692
0 0.732037691401649 2.8653846153846154 0.02944640753828033 0.32051282051282054
0 0.7803297997644287 2.621794871794872 0.020023557126030624 0.19230769230769232
0 0.7591283863368669 2.6666666666666665 0.015312131919905771 0.20512820512820512
0 0.7296819787985865 2.6794871794871793 0.015312131919905771 0.20512820512820512
0 0.7014134275618374 2.698717948717949 0.0176678445229682 0.24358974358974358
0 0.6749116607773852 2.730769230769231 0.016489988221436984 0.1794871794871795
0 0.6707891637220259 2.608974358974359 0.012956419316843345 0.14102564102564102
0 0.64075382803298 2.5961538461538463 0.016489988221436984 0.19230769230769232
0 0.6071849234393404 2.75 0.02944640753828033 0.3717948717948718
0 0.5471142520612485 2.7564102564102564 0.02944640753828033 0.358974358974359
0 0.5812720848056537 2.8333333333333335 0.015312131919905771 0.1794871794871795
0 0.5353356890459364 2.6858974358974357 0.01060070671378092 0.11538461538461539
0 0.5129564193168433 2.7564102564102564 0.01060070671378092 0.1282051282051282
0 0.48586572438162545 2.782051282051282 0.008244994110718492 0.10256410256410256
0 0.48527679623085984 2.673076923076923 0.004711425206124852 0.0641025641025641
0 0.5023557126030624 2.75 0.008244994110718492 0.11538461538461539
0 0.45995288574793874 2.7628205128205128 0.012956419316843345 0.16666666666666666
0 0.44287396937573614 2.83974358974359 0.011778563015312132 0.16666666666666666
0 0.4723203769140165 2.782051282051282 0.009422850412249705 0.10256410256410256
0 0.4193168433451119 2.6923076923076925 0.007067137809187279 0.07692307692307693
0 0.4299175500588928 2.8205128205128207 0.004711425206124852 0.07692307692307693
0 0.4045936395759717 2.7115384615384617 0.005889281507656066 0.0641025641025641
0 0.37750294464075385 2.871794871794872 0.015312131919905771 0.15384615384615385
0 0.35630153121319197 2.858974358974359 0.012956419316843345 0.1282051282051282
0 0.34452296819787986 2.8653846153846154 0.0176678445229682 0.16666666666666666
0 0.34393404004711425 2.948717948717949 0.011778563015312132 0.15384615384615385
0 0.3934040047114252 2.6858974358974357 0.009422850412249705 0.11538461538461539
0 0.37809187279151946 2.730769230769231 0.009422850412249705 0.10256410256410256
0 0.31566548881036516 2.91025641025641 0.009422850412249705 0.1282051282051282
0 0.30859835100117783 2.826923076923077 0.009422850412249705 0.14102564102564102
0 0.3168433451118963 2.7564102564102564 0.009422850412249705 0.1282051282051282
0 0.28150765606595995 2.8141025641025643 0.011778563015312132 0.14102564102564102
0 0.24911660777385158 2.9358974358974357 0.015312131919905771 0.20512820512820512
0 0.2597173144876325 2.6858974358974357 0.008244994110718492 0.08974358974358974
0 0.23792697290930506 2.967948717948718 0.011778563015312132 0.16666666666666666
0 0.21790341578327443 2.9871794871794872 0.01884570082449941 0.1794871794871795
0 0.19846878680800942 2.8333333333333335 0.0176678445229682 0.20512820512820512
0 0.1254416961130742 3.16025641025641 0.015312131919905771 0.16666666666666666
0 0.06654888103651355 2.91025641025641 0.0176678445229682 0.1794871794871795
0 0.03415783274440518 2.9551282051282053 0.02591283863368669 0.2948717948717949
0 0.009422850412249705 2.9038461538461537 0.023557126030624265 0.21794871794871795
