0 0.05457746478873239 0.7727272727272727 0.03169014084507042 0.08484848484848485
0 0.10328638497652583 0.7772727272727272 0.03286384976525822 0.1
0 0.2775821596244131 0.7787878787878788 0.03403755868544601 0.09696969696969697
0 0.3104460093896714 0.7772727272727272 0.029342723004694836 0.08787878787878788
0 0.42077464788732394 0.5454545454545454 0.05985915492957746 0.17575757575757575
0 0.4876760563380282 0.7560606060606061 0.02464788732394366 0.09393939393939393
0 0.5299295774647887 0.7848484848484848 0.03169014084507042 0.10303030303030303
0 0.5868544600938967 0.7545454545454545 0.023474178403755867 0.07272727272727272
0 0.6097417840375586 0.7545454545454545 0.03403755868544601 0.09090909090909091
0 0.6772300469483568 0.7227272727272728 0.035211267605633804 0.1
0 0.7447183098591549 0.8242424242424242 0.015258215962441314 0.04242424242424243
0 0.784037558685446 0.7303030303030303 0.028169014084507043 0.09696969696969697
0 0.8057511737089202 0.7787878787878788 0.022300469483568074 0.06060606060606061
0 0.8685446009389671 0.6393939393939394 0.046948356807511735 0.11515151515151516
0 0.8990610328638498 0.5696969696969697 0.04929577464788732 0.12727272727272726
