0 0.9572072072072072 4.091836734693878 0.04054054054054054 0.42857142857142855
0 0.8265765765765766 3.979591836734694 0.04054054054054054 0.40816326530612246
0 -0.0033783783783783786 4.387755102040816 0.038288288288288286 0.4489795918367347
0 0.11036036036036036 4.255102040816326 0.06306306306306306 0.673469387755102
0 0.29842342342342343 4.061224489795919 0.0518018018018018 0.5714285714285714
0 0.32657657657657657 4.1020408163265305 0.04954954954954955 0.5714285714285714
0 0.48761261261261263 4.13265306122449 0.06981981981981981 0.7551020408163265
0 0.6024774774774775 4.142857142857143 0.038288288288288286 0.40816326530612246
0 0.6846846846846847 3.9183673469387754 0.04054054054054054 0.40816326530612246
0 0.8975225225225225 4.653061224489796 0.01126126126126126 0.12244897959183673
