0 0.2261029411764706 1.0266666666666666 0.00857843137254902 0.02666666666666667
0 0.2696078431372549 1.0233333333333334 0.007352941176470588 0.02
0 0.28799019607843135 1.0433333333333332 0.007352941176470588 0.02666666666666667
0 0.3137254901960784 1.0716666666666668 0.022058823529411766 0.07
0 0.33088235294117646 1.0383333333333333 0.007352941176470588 0.023333333333333334
0 0.37193627450980393 1.0516666666666667 0.006127450980392157 0.023333333333333334
0 0.43995098039215685 1.0866666666666667 0.00980392156862745 0.02666666666666667
0 0.4528186274509804 1.0516666666666667 0.006127450980392157 0.016666666666666666
0 0.6446078431372549 1.065 0.00980392156862745 0.03
0 0.883578431372549 1.0766666666666667 0.022058823529411766 0.06666666666666667
0 0.8762254901960784 1.0783333333333334 0.02696078431372549 0.07
0 1.0245098039215685 1.0833333333333333 0.012254901960784314 0.04
0 0.20159313725490197 1.0383333333333333 0.006127450980392157 0.016666666666666666
