0 0.9666276346604216 0.5176678445229682 0.02927400468384075 0.10954063604240283
0 0.955503512880562 0.38162544169611307 0.02810304449648712 0.11307420494699646
0 0.9221311475409836 0.3957597173144876 0.03161592505854801 0.12014134275618374
0 0.8343091334894613 0.5141342756183745 0.03395784543325527 0.14487632508833923
0 0.84192037470726 0.7226148409893993 0.03044496487119438 0.09540636042402827
0 0.8536299765807962 0.4823321554770318 0.03044496487119438 0.12367491166077739
0 0.7300936768149883 0.43286219081272087 0.02927400468384075 0.10954063604240283
0 0.7617096018735363 0.4540636042402827 0.02927400468384075 0.1166077738515901
0 0.7962529274004684 0.519434628975265 0.02810304449648712 0.0989399293286219
0 0.8167447306791569 0.41872791519434627 0.02927400468384075 0.10954063604240283
0 0.6510538641686182 0.6590106007067138 0.02576112412177986 0.10247349823321555
0 0.6528103044496487 0.4452296819787986 0.03395784543325527 0.127208480565371
0 0.6908665105386417 0.4540636042402827 0.03278688524590164 0.10954063604240283
0 0.6358313817330211 0.2950530035335689 0.02576112412177986 0.08833922261484099
0 0.6217798594847775 0.4540636042402827 0.03044496487119438 0.1166077738515901
0 0.5333723653395784 0.37279151943462896 0.04566744730679157 0.13780918727915195
0 0.5714285714285714 0.4787985865724382 0.03044496487119438 0.10247349823321555
0 0.39227166276346603 0.9840989399293286 0.12177985948477751 0.40636042402826855
0 0.34894613583138173 0.7915194346289752 0.02107728337236534 0.08480565371024736
0 0.4162763466042155 0.4929328621908127 0.026932084309133488 0.1166077738515901
0 0.44672131147540983 0.4363957597173145 0.02927400468384075 0.10954063604240283
0 0.36007025761124123 0.4363957597173145 0.026932084309133488 0.10247349823321555
0 0.2459016393442623 0.4045936395759717 0.03278688524590164 0.13074204946996468
0 0.3044496487119438 0.4717314487632509 0.02810304449648712 0.08833922261484099
0 0.3091334894613583 0.4098939929328622 0.02810304449648712 0.08480565371024736
0 0.22131147540983606 0.37809187279151946 0.03278688524590164 0.12014134275618374
0 0.16159250585480095 0.4204946996466431 0.02810304449648712 0.11307420494699646
0 0.14637002341920374 0.4010600706713781 0.02576112412177986 0.10247349823321555
0 0.0626463700234192 0.7756183745583038 0.026932084309133488 0.1166077738515901
0 0.09718969555035128 0.48056537102473496 0.03044496487119438 0.10600706713780919
0 0.07142857142857142 0.49469964664310956 0.02576112412177986 0.09187279151943463
0 0.043911007025761124 0.4575971731448763 0.026932084309133488 0.10247349823321555
