0 0.22351233671988388 3.1875 0.01741654571843251 0.125
0 0.04499274310595065 3.153409090909091 0.008708272859216255 0.07954545454545454
0 0.06676342525399129 3.1704545454545454 0.011611030478955007 0.11363636363636363
0 0.0899854862119013 3.1704545454545454 0.011611030478955007 0.09090909090909091
0 0.4034833091436865 3.096590909090909 0.008708272859216255 0.056818181818181816
0 0.4259796806966618 3.0625 0.00725689404934688 0.056818181818181816
0 0.4629898403483309 3.0795454545454546 0.008708272859216255 0.06818181818181818
0 0.5174165457184325 3.0511363636363638 0.00725689404934688 0.056818181818181816
0 0.5319303338171263 3.0511363636363638 0.00725689404934688 0.056818181818181816
0 0.5522496371552975 3.096590909090909 0.00725689404934688 0.056818181818181816
0 0.5616835994194485 3.090909090909091 0.005805515239477504 0.06818181818181818
0 0.579100145137881 3.1136363636363638 0.008708272859216255 0.06818181818181818
0 0.6001451378809869 3.096590909090909 0.00725689404934688 0.07954545454545454
0 0.6226415094339622 3.034090909090909 0.008708272859216255 0.06818181818181818
0 0.8555878084179971 3.0511363636363638 0.010159651669085631 0.07954545454545454
0 0.8693759071117562 3.034090909090909 0.011611030478955007 0.09090909090909091
