0 0.9941107184923439 4.7835820895522385 0.014134275618374558 0.19402985074626866
0 0.964075382803298 4.985074626865671 0.015312131919905771 0.208955223880597
0 0.9305064782096584 4.813432835820896 0.014134275618374558 0.22388059701492538
0 0.901060070671378 4.865671641791045 0.016489988221436984 0.23880597014925373
0 0.8869257950530035 4.835820895522388 0.016489988221436984 0.23880597014925373
0 0.8545347467608951 4.768656716417911 0.012956419316843345 0.19402985074626866
0 0.8439340400471143 4.850746268656716 0.012956419316843345 0.1791044776119403
0 0.8150765606595995 4.746268656716418 0.011778563015312132 0.1791044776119403
0 0.7461719670200235 4.7611940298507465 0.012956419316843345 0.208955223880597
0 0.7249705535924618 4.798507462686567 0.012956419316843345 0.16417910447761194
0 0.7078916372202592 4.753731343283582 0.009422850412249705 0.13432835820895522
0 0.6648998822143698 4.835820895522388 0.015312131919905771 0.208955223880597
0 0.6578327444051826 4.8059701492537314 0.01060070671378092 0.14925373134328357
0 0.6236749116607774 4.813432835820896 0.01060070671378092 0.13432835820895522
0 0.6154299175500589 4.723880597014926 0.01060070671378092 0.13432835820895522
0 0.5830388692579506 4.6940298507462686 0.007067137809187279 0.13432835820895522
0 0.5694935217903416 4.7388059701492535 0.01060070671378092 0.16417910447761194
0 0.5547703180212014 4.574626865671642 0.016489988221436984 0.2537313432835821
0 0.5424028268551236 4.723880597014926 0.01060070671378092 0.19402985074626866
0 0.5200235571260307 4.8059701492537314 0.01060070671378092 0.14925373134328357
0 0.5035335689045937 5.074626865671642 0.01060070671378092 0.14925373134328357
0 0.47644287396937574 4.6716417910447765 0.012956419316843345 0.208955223880597
0 0.44817432273262664 5.201492537313433 0.01060070671378092 0.16417910447761194
0 0.45995288574793874 4.746268656716418 0.01060070671378092 0.14925373134328357
0 0.4381625441696113 4.619402985074627 0.011778563015312132 0.13432835820895522
0 0.38928150765606595 4.753731343283582 0.008244994110718492 0.13432835820895522
0 0.36454652532391046 4.7164179104477615 0.008244994110718492 0.08955223880597014
0 0.3492343934040047 5.052238805970149 0.024734982332155476 0.7910447761194029
0 0.32332155477031804 4.7164179104477615 0.005889281507656066 0.05970149253731343
0 0.30742049469964666 4.7611940298507465 0.007067137809187279 0.08955223880597014
0 0.29740871613663133 4.708955223880597 0.005889281507656066 0.07462686567164178
0 0.284452296819788 4.7835820895522385 0.008244994110718492 0.1044776119402985
0 0.25677267373380447 4.768656716417911 0.004711425206124852 0.07462686567164178
0 0.2137809187279152 4.7164179104477615 0.008244994110718492 0.14925373134328357
