0 1.0146341463414634 1.715625 0.02926829268292683 0.13125
0 1.06260162601626 1.821875 0.014634146341463415 0.06875
0 1.0845528455284552 1.825 0.016260162601626018 0.0625
0 0.8674796747967479 1.80625 0.027642276422764227 0.125
0 0.7008130081300813 1.5 0.06504065040650407 0.275
0 0.4113821138211382 1.421875 0.08780487804878048 0.33125
0 0.17154471544715447 1.540625 0.07642276422764227 0.31875
0 1.1154471544715447 1.928125 0.03577235772357724 0.35625
0 0.5642276422764227 1.8625 0.013008130081300813 0.0625
0 0.17235772357723578 1.521875 0.06829268292682927 0.29375
