0 0.12677304964539007 0.4266917293233083 0.03723404255319149 0.10150375939849623
0 0.28102836879432624 0.35150375939849626 0.07624113475177305 0.17669172932330826
0 0.5 0.27631578947368424 0.0673758865248227 0.19924812030075187
0 0.6019503546099291 0.34962406015037595 0.05851063829787234 0.17293233082706766
0 0.6932624113475178 0.34774436090225563 0.0673758865248227 0.19172932330827067
0 0.800531914893617 0.4041353383458647 0.030141843971631204 0.07894736842105263
0 0.875886524822695 0.45864661654135336 0.024822695035460994 0.06015037593984962
0 0.675531914893617 0.41541353383458646 0.0425531914893617 0.09398496240601503
0 0.19414893617021275 0.38721804511278196 0.03723404255319149 0.09774436090225563
0 0.3466312056737589 0.325187969924812 0.03723404255319149 0.11654135338345864
0 0.4033687943262411 0.35150375939849626 0.030141843971631204 0.07894736842105263
0 0.44680851063829785 0.41729323308270677 0.03900709219858156 0.09774436090225563
