0 0.947239263803681 0.8511904761904762 0.044171779141104296 0.15476190476190477
0 0.3282208588957055 0.7638888888888888 0.06748466257668712 0.25793650793650796
0 0.5122699386503068 0.7718253968253969 0.04785276073619632 0.17063492063492064
0 0.6773006134969325 0.7003968253968254 0.053987730061349694 0.20238095238095238
0 0.8564417177914111 0.7837301587301587 0.053987730061349694 0.21031746031746032
0 0.8233128834355828 0.8809523809523809 0.022085889570552148 0.0873015873015873
0 0.9840490797546012 0.8611111111111112 0.029447852760736196 0.11904761904761904
0 0.6110429447852761 0.9027777777777778 0.0343558282208589 0.13095238095238096
0 0.7141104294478527 0.8174603174603174 0.03680981595092025 0.12698412698412698
0 0.4110429447852761 0.9742063492063492 0.0196319018404908 0.06746031746031746
0 0.4668711656441718 0.8650793650793651 0.023312883435582823 0.0873015873015873
0 0.05337423312883435 0.6607142857142857 0.04785276073619632 0.1626984126984127
0 0.03374233128834356 1.1388888888888888 0.06993865030674846 0.25396825396825395
0 0.08895705521472393 1.1825396825396826 0.05521472392638037 0.18253968253968253
0 0.23803680981595093 1.0198412698412698 0.06134969325153374 0.23015873015873015
0 0.19815950920245398 0.8174603174603174 0.015950920245398775 0.05555555555555555
