0 0.03830010493179433 4.957746478873239 0.01993704092339979 0.10328638497652583
0 0.06505771248688352 5.126760563380282 0.05666316894018888 0.5446009389671361
0 0.11962224554039874 4.924882629107981 0.016789087093389297 0.08450704225352113
0 0.2654774396642183 4.847417840375587 0.025183630640083946 0.13615023474178403
0 0.2759706190975866 5.016431924882629 0.025183630640083946 0.1267605633802817
0 0.363588667366212 4.992957746478873 0.015739769150052464 0.0892018779342723
0 0.29800629590766003 4.882629107981221 0.012591815320041973 0.07511737089201878
0 0.3252885624344176 4.884976525821596 0.014690451206715634 0.06103286384976526
0 0.3268625393494229 4.950704225352113 0.015739769150052464 0.0892018779342723
0 0.40661070304302205 4.842723004694836 0.022035676810073453 0.1267605633802817
0 0.4333683105981112 4.906103286384977 0.023084994753410283 0.15023474178403756
0 0.4947534102833158 4.84037558685446 0.022035676810073453 0.14084507042253522
0 0.5372507869884575 5.136150234741784 0.023084994753410283 0.10328638497652583
0 0.583420776495278 4.86150234741784 0.023084994753410283 0.1267605633802817
0 0.64900314795383 4.887323943661972 0.026232948583420776 0.13145539906103287
0 0.7025183630640084 4.908450704225352 0.026232948583420776 0.1267605633802817
0 0.7502623294858342 4.927230046948357 0.02728226652675761 0.13615023474178403
0 0.7733473242392445 4.835680751173709 0.014690451206715634 0.06572769953051644
0 0.7969569779643232 4.835680751173709 0.017838405036726127 0.07511737089201878
0 0.832109129066107 4.89906103286385 0.01888772298006296 0.09859154929577464
0 0.881427072402938 4.896713615023474 0.016789087093389297 0.10328638497652583
0 0.9428121720881427 4.906103286384977 0.022035676810073453 0.13145539906103287
0 0.9218258132214061 4.913145539906103 0.015739769150052464 0.07981220657276995
0 0.9795383001049318 4.950704225352113 0.00944386149003148 0.06103286384976526
0 0.9847848898216159 4.866197183098592 0.011542497376705142 0.06103286384976526
0 1.0078698845750262 4.990610328638498 0.01993704092339979 0.10328638497652583
0 0.03252885624344176 4.826291079812207 0.012591815320041973 0.06572769953051644
