0 0.9771634615384616 3.6363636363636362 0.019230769230769232 0.32727272727272727
0 0.9495192307692307 3.7181818181818183 0.02403846153846154 0.34545454545454546
0 0.9314903846153846 3.6545454545454548 0.021634615384615384 0.4
0 0.6592548076923077 4.181818181818182 0.010817307692307692 0.18181818181818182
0 0.6893028846153846 4.209090909090909 0.010817307692307692 0.16363636363636364
0 0.7043269230769231 4.1454545454545455 0.009615384615384616 0.14545454545454545
0 0.6015625 3.909090909090909 0.006009615384615385 0.10909090909090909
0 0.5709134615384616 3.8454545454545452 0.009615384615384616 0.16363636363636364
0 0.5138221153846154 3.9909090909090907 0.008413461538461538 0.12727272727272726
0 0.46935096153846156 3.909090909090909 0.013221153846153846 0.21818181818181817
0 0.4543269230769231 3.9454545454545453 0.016826923076923076 0.2909090909090909
0 0.4338942307692308 3.8545454545454545 0.014423076923076924 0.2545454545454545
0 0.36117788461538464 4.009090909090909 0.013221153846153846 0.2727272727272727
0 0.04146634615384615 4.009090909090909 0.020432692307692308 0.34545454545454546
0 0.046274038461538464 3.981818181818182 0.020432692307692308 0.2909090909090909
0 0.03125 4.127272727272727 0.01201923076923077 0.21818181818181817
0 -0.004807692307692308 4.263636363636364 0.016826923076923076 0.2727272727272727
0 0.5006009615384616 4.181818181818182 0.008413461538461538 0.509090909090909
