0 0.8140495867768595 2.4084967320261437 0.03140495867768595 0.13725490196078433
0 0.7694214876033058 2.450980392156863 0.03140495867768595 0.1437908496732026
0 0.7289256198347107 2.0130718954248366 0.03305785123966942 0.13071895424836602
0 0.7388429752066116 2.369281045751634 0.023140495867768594 0.1111111111111111
0 1.06198347107438 2.5947712418300655 0.01818181818181818 0.0784313725490196
0 1.0537190082644627 2.4934640522875817 0.01487603305785124 0.0718954248366013
0 0.6776859504132231 2.6209150326797386 0.013223140495867768 0.05228758169934641
0 0.6917355371900826 2.6209150326797386 0.008264462809917356 0.026143790849673203
0 0.7033057851239669 2.6176470588235294 0.008264462809917356 0.032679738562091505
0 0.5322314049586777 2.565359477124183 0.009917355371900827 0.0457516339869281
0 0.43388429752066116 1.8496732026143792 0.02809917355371901 0.1437908496732026
0 0.2859504132231405 1.9215686274509804 0.02975206611570248 0.13071895424836602
