0 0.21223354958294718 1.094850948509485 0.011121408711770158 0.032520325203252036
0 0.22150139017608897 1.102981029810298 0.011121408711770158 0.032520325203252036
0 0.2571825764596849 1.062330623306233 0.015755329008341055 0.037940379403794036
0 0.31047265987025024 1.1111111111111112 0.04633920296570899 0.13550135501355012
0 0.4008341056533828 1.1016260162601625 0.008341056533827619 0.02981029810298103
0 0.44207599629286376 1.0934959349593496 0.0074142724745134385 0.024390243902439025
0 0.46570898980537534 1.119241192411924 0.010194624652455977 0.032520325203252036
0 0.479610750695088 1.113821138211382 0.010194624652455977 0.032520325203252036
0 0.5801668211306765 1.1205962059620596 0.033364226135310475 0.12195121951219512
0 0.5532900834105653 1.1219512195121952 0.029657089898053754 0.0975609756097561
0 0.6436515291936978 1.0989159891598916 0.008341056533827619 0.024390243902439025
0 0.6719184430027804 1.1043360433604337 0.009267840593141797 0.024390243902439025
0 0.7191844300278035 1.0501355013550135 0.025949953660797033 0.08943089430894309
0 0.7530120481927711 1.0907859078590787 0.028730305838739572 0.1002710027100271
0 0.7910101946246525 1.1043360433604337 0.008341056533827619 0.024390243902439025
0 0.8086190917516218 1.1246612466124661 0.012048192771084338 0.04878048780487805
0 0.8336422613531047 1.102981029810298 0.013901760889712697 0.05420054200542006
0 0.8447636700648748 1.10840108401084 0.006487488415199258 0.02168021680216802
0 0.8582020389249305 1.113821138211382 0.0037071362372567192 0.01084010840108401
0 0.8614457831325302 1.0989159891598916 0.004633920296570899 0.018970189701897018
0 0.9045412418906394 1.037940379403794 0.025949953660797033 0.08672086720867209
0 0.9374420759962928 1.0907859078590787 0.015755329008341055 0.051490514905149054
0 0.964318813716404 1.1043360433604337 0.004633920296570899 0.013550135501355014
0 0.9708063021316033 1.132791327913279 0.008341056533827619 0.08130081300813008
0 0.9763670064874884 1.1111111111111112 0.0027803521779425394 0.01084010840108401
0 0.9745134383688601 1.1233062330623307 0.010194624652455977 0.03523035230352303
0 1.0134383688600557 1.0731707317073171 0.026876737720111215 0.07588075880758807
0 1.045412418906395 1.0975609756097562 0.011121408711770158 0.037940379403794036
0 1.0667284522706209 1.0934959349593496 0.014828544949026877 0.04607046070460705
0 1.1010194624652456 1.0718157181571815 0.012974976830398516 0.03523035230352303
0 1.1654309545875812 1.070460704607046 0.019462465245597776 0.07046070460704607
0 1.1830398517145506 1.1070460704607046 0.017608897126969416 0.056910569105691054
0 1.1691380908248379 1.6355013550135502 0.07136237256719184 0.6747967479674797
0 0.928174235403151 1.102981029810298 0.013901760889712697 0.04336043360433604
0 0.9253938832252085 1.094850948509485 0.006487488415199258 0.02168021680216802
