0 0.12368728121353559 2.2916666666666665 0.030338389731621937 0.23333333333333334
0 0.16511085180863477 2.25 0.015169194865810968 0.11666666666666667
0 0.2829638273045508 2.308333333333333 0.024504084014002333 0.23333333333333334
0 0.3693115519253209 2.316666666666667 0.01750291715285881 0.16666666666666666
0 0.41015169194865814 2.25 0.022170361726954493 0.21666666666666667
0 0.5268378063010501 2.158333333333333 0.026837806301050177 0.21666666666666667
0 0.6248541423570595 2.091666666666667 0.022170361726954493 0.13333333333333333
0 0.6511085180863477 2.2 0.014002333722287048 0.13333333333333333
0 0.8564760793465578 2.0833333333333335 0.01633605600933489 0.11666666666666667
0 0.9072345390898483 2.345833333333333 0.019836639439906652 0.15833333333333333
0 0.9171528588098017 2.095833333333333 0.014002333722287048 0.125
0 0.970828471411902 2.091666666666667 0.014002333722287048 0.08333333333333333
0 0.9894982497082847 2.120833333333333 0.01866977829638273 0.14166666666666666
0 0.004667444574095682 2.3666666666666667 0.011668611435239206 0.08333333333333333
