0 0.3 3.7739726027397262 0.04296296296296296 0.4246575342465753
0 0.7118518518518518 3.7739726027397262 0.007407407407407408 0.0684931506849315
0 0.6503703703703704 3.8013698630136985 0.008888888888888889 0.0958904109589041
0 0.8059259259259259 3.6986301369863015 0.017777777777777778 0.1643835616438356
0 0.9585185185185185 3.6986301369863015 0.02666666666666667 0.3013698630136986
0 1.0303703703703704 3.76027397260274 0.016296296296296295 0.2054794520547945
0 1.0577777777777777 3.6506849315068495 0.011851851851851851 0.1506849315068493
0 1.0918518518518519 3.643835616438356 0.014814814814814815 0.136986301369863
0 1.1407407407407408 3.6164383561643834 0.023703703703703703 0.2191780821917808
0 1.177037037037037 3.8219178082191783 0.04 0.4383561643835616
0 1.2407407407407407 3.4726027397260273 0.07555555555555556 0.863013698630137
