0 0.8266796494644596 0.8467153284671532 0.005842259006815969 0.021897810218978103
0 0.8466407010710808 0.885036496350365 0.006815968841285297 0.025547445255474453
0 0.8933787731256085 0.9014598540145985 0.004868549172346641 0.021897810218978103
0 0.9157740993184031 0.9653284671532847 0.008763388510223954 0.040145985401459854
0 0.8953261927945472 0.9671532846715328 0.010710808179162609 0.0364963503649635
0 0.8914313534566699 0.9981751824817519 0.010710808179162609 0.04744525547445255
0 0.8695228821811101 0.9945255474452555 0.009737098344693282 0.04744525547445255
0 0.8412852969814996 1.010948905109489 0.009737098344693282 0.043795620437956206
0 0.8213242453748782 0.9781021897810219 0.010710808179162609 0.0364963503649635
0 0.8081791626095424 0.9908759124087592 0.009737098344693282 0.040145985401459854
0 0.808666017526777 0.9927007299270073 0.008763388510223954 0.0364963503649635
0 0.8008763388510224 0.9908759124087592 0.006815968841285297 0.032846715328467155
0 0.7896786757546251 0.948905109489051 0.007789678675754625 0.029197080291970802
0 0.7765335929892891 0.9416058394160584 0.008763388510223954 0.0364963503649635
0 0.7293086660175268 0.9726277372262774 0.009737098344693282 0.032846715328467155
0 0.7151898734177216 0.9452554744525548 0.006815968841285297 0.029197080291970802
0 0.7025316455696202 0.9306569343065694 0.006815968841285297 0.029197080291970802
0 0.6903602726387537 0.8832116788321168 0.005842259006815969 0.029197080291970802
0 0.6592015579357352 0.8978102189781022 0.005842259006815969 0.029197080291970802
0 0.6480038948393378 0.906934306569343 0.006815968841285297 0.032846715328467155
0 0.6222005842259006 0.9087591240875912 0.005842259006815969 0.021897810218978103
0 0.6017526777020448 0.9215328467153284 0.007789678675754625 0.032846715328467155
0 0.5749756572541382 0.8941605839416058 0.006815968841285297 0.029197080291970802
0 0.557935735150925 0.8959854014598541 0.005842259006815969 0.032846715328467155
0 0.5335929892891919 0.9124087591240876 0.005842259006815969 0.029197080291970802
0 0.5214216163583252 0.8704379562043796 0.006815968841285297 0.025547445255474453
0 0.5185004868549172 1.0 0.010710808179162609 0.08029197080291971
0 0.5038948393378773 0.8905109489051095 0.006815968841285297 0.029197080291970802
0 0.48393378773125606 0.9507299270072993 0.007789678675754625 0.032846715328467155
0 0.4673807205452775 0.9306569343065694 0.005842259006815969 0.029197080291970802
0 0.4581304771178189 0.9306569343065694 0.006815968841285297 0.029197080291970802
0 0.4459591041869523 0.9452554744525548 0.005842259006815969 0.029197080291970802
0 0.43865628042843235 0.906934306569343 0.008763388510223954 0.032846715328467155
0 0.4259980525803311 0.9635036496350365 0.012658227848101266 0.058394160583941604
0 0.41139240506329117 0.9653284671532847 0.006815968841285297 0.032846715328467155
0 0.4021421616358325 0.9051094890510949 0.005842259006815969 0.021897810218978103
0 0.3860759493670886 0.9397810218978102 0.006815968841285297 0.032846715328467155
0 0.3958130477117819 0.9835766423357665 0.010710808179162609 0.04744525547445255
0 0.3714703018500487 0.9981751824817519 0.010710808179162609 0.06204379562043796
0 0.3023369036027264 0.9142335766423357 0.006815968841285297 0.025547445255474453
0 0.3213242453748783 0.9726277372262774 0.017526777020447908 0.07664233576642336
0 0.3592989289191821 1.0401459854014599 0.017526777020447908 0.072992700729927
0 0.2395326192794547 0.9288321167883211 0.005842259006815969 0.025547445255474453
0 0.21567672833495619 0.9452554744525548 0.006815968841285297 0.0364963503649635
0 0.19182083739045763 0.9416058394160584 0.007789678675754625 0.0364963503649635
0 0.1747809152872444 0.9324817518248175 0.006815968841285297 0.032846715328467155
0 0.17185978578383643 0.9799270072992701 0.010710808179162609 0.04744525547445255
0 0.14264849074975658 1.0237226277372262 0.02044790652385589 0.23722627737226276
0 0.007302823758519961 1.1715328467153285 0.018500486854917234 0.072992700729927
0 0.08958130477117819 1.1222627737226278 0.029211295034079845 0.12773722627737227
0 0.17380720545277506 1.166058394160584 0.02629016553067186 0.12043795620437957
0 0.19863680623174293 1.1514598540145986 0.029211295034079845 0.12043795620437957
0 0.20934761441090555 1.062043795620438 0.013631937682570594 0.051094890510948905
0 0.2809152872444012 1.0456204379562044 0.012658227848101266 0.05474452554744526
0 0.26046738072054526 1.0602189781021898 0.02629016553067186 0.12043795620437957
0 0.27020447906523853 1.1751824817518248 0.034079844206426485 0.16058394160583941
0 0.4678675754625122 0.9908759124087592 0.010710808179162609 0.05474452554744526
0 0.4946445959104187 1.0255474452554745 0.013631937682570594 0.051094890510948905
0 0.5511197663096398 0.9470802919708029 0.011684518013631937 0.05474452554744526
0 0.5851996105160662 0.9872262773722628 0.019474196689386564 0.06934306569343066
0 0.6168451801363194 0.9671532846715328 0.008763388510223954 0.0364963503649635
0 0.633398247322298 1.0 0.008763388510223954 0.0364963503649635
0 0.6601752677702045 0.968978102189781 0.007789678675754625 0.032846715328467155
0 0.6509250243427459 1.0273722627737227 0.016553067185978577 0.06204379562043796
0 0.7069133398247323 0.9981751824817519 0.011684518013631937 0.040145985401459854
0 0.7327166504381695 1.0145985401459854 0.008763388510223954 0.043795620437956206
0 0.7166504381694255 1.0255474452554745 0.01557935735150925 0.058394160583941604
0 0.7745861733203505 1.0218978102189782 0.008763388510223954 0.043795620437956206
0 0.7740993184031159 1.0237226277372262 0.009737098344693282 0.040145985401459854
0 0.9469328140214216 1.031021897810219 0.024342745861733205 0.10583941605839416
0 0.9381694255111976 0.9854014598540146 0.010710808179162609 0.043795620437956206
0 0.8831548198636806 1.0894160583941606 0.0311587147030185 0.11313868613138686
0 0.8573515092502434 1.0766423357664234 0.02044790652385589 0.0948905109489051
0 0.8802336903602727 1.0401459854014599 0.027263875365141188 0.11678832116788321
0 0.7770204479065238 1.0711678832116789 0.021421616358325218 0.09124087591240876
0 0.691333982473223 1.1624087591240877 0.035053554040895815 0.14233576642335766
0 0.626095423563778 1.0930656934306568 0.035053554040895815 0.15693430656934307
0 0.42112950340798444 1.1405109489051095 0.04186952288218111 0.20072992700729927
