0 0.37436868686868685 3.8597122302158273 0.011363636363636364 0.06474820143884892
0 0.38762626262626265 3.676258992805755 0.010101010101010102 0.05755395683453238
0 0.44065656565656564 3.7338129496402876 0.010101010101010102 0.05755395683453238
0 0.5151515151515151 3.5323741007194243 0.007575757575757576 0.04316546762589928
0 0.5277777777777778 3.5215827338129495 0.007575757575757576 0.050359712230215826
0 0.523989898989899 3.820143884892086 0.010101010101010102 0.07194244604316546
0 0.5808080808080808 3.7661870503597124 0.010101010101010102 0.06474820143884892
0 0.5997474747474747 3.9964028776978417 0.012626262626262626 0.07913669064748201
0 0.6281565656565656 3.9928057553956835 0.008838383838383838 0.05755395683453238
0 0.6231060606060606 3.8489208633093526 0.006313131313131313 0.04316546762589928
0 0.7209595959595959 3.7338129496402876 0.010101010101010102 0.07194244604316546
0 0.7272727272727273 3.884892086330935 0.025252525252525252 0.2014388489208633
0 0.7866161616161617 3.6366906474820144 0.010101010101010102 0.050359712230215826
0 0.8156565656565656 3.6654676258992804 0.010101010101010102 0.06474820143884892
0 0.8244949494949495 3.8129496402877696 0.010101010101010102 0.05755395683453238
0 0.8390151515151515 3.6258992805755397 0.008838383838383838 0.05755395683453238
0 0.6843434343434344 3.053956834532374 0.007575757575757576 0.03597122302158273
0 0.7638888888888888 3.3920863309352516 0.005050505050505051 0.03597122302158273
0 0.7714646464646465 3.3741007194244603 0.005050505050505051 0.02877697841726619
0 0.7796717171717171 3.3489208633093526 0.006313131313131313 0.03597122302158273
0 0.8813131313131313 3.3633093525179856 0.005050505050505051 0.03597122302158273
0 0.8952020202020202 3.4244604316546763 0.017676767676767676 0.2158273381294964
0 0.9652777777777778 3.381294964028777 0.006313131313131313 0.04316546762589928
0 0.9532828282828283 3.3776978417266186 0.007575757575757576 0.050359712230215826
0 1.005050505050505 3.5 0.007575757575757576 0.050359712230215826
0 1.0214646464646464 3.41726618705036 0.007575757575757576 0.04316546762589928
0 1.0303030303030303 3.464028776978417 0.007575757575757576 0.050359712230215826
0 1.0277777777777777 3.4748201438848922 0.007575757575757576 0.04316546762589928
0 1.095959595959596 3.5575539568345325 0.007575757575757576 0.03597122302158273
0 1.1414141414141414 3.384892086330935 0.007575757575757576 0.050359712230215826
0 1.2474747474747474 3.6258992805755397 0.010101010101010102 0.05755395683453238
0 1.2575757575757576 3.4100719424460433 0.005050505050505051 0.02877697841726619
0 1.3061868686868687 3.366906474820144 0.006313131313131313 0.02877697841726619
