0 1.1476897689768977 1.7144886363636365 0.07755775577557755 0.34375
0 1.0317656765676568 1.6207386363636365 0.06353135313531354 0.2471590909090909
0 0.9327557755775577 1.828125 0.07343234323432343 0.3210227272727273
0 0.8811881188118812 2.3636363636363638 0.05115511551155116 0.1875
0 0.7533003300330033 1.6363636363636365 0.04455445544554455 0.1875
0 0.6183993399339934 1.5497159090909092 0.040429042904290426 0.1846590909090909
0 0.6031353135313532 1.953125 0.06435643564356436 0.26988636363636365
0 0.4570957095709571 1.6931818181818181 0.041254125412541254 0.18181818181818182
0 0.26815181518151815 1.7301136363636365 0.16336633663366337 0.4943181818181818
0 0.2916666666666667 1.6519886363636365 0.08498349834983498 0.3721590909090909
