0 0.14248704663212436 0.4348484848484849 0.02849740932642487 0.07575757575757576
0 0.1645077720207254 0.44545454545454544 0.018134715025906734 0.048484848484848485
0 0.20984455958549222 0.45606060606060606 0.018134715025906734 0.051515151515151514
0 0.25129533678756477 0.5303030303030303 0.03626943005181347 0.09696969696969697
0 0.28432642487046633 0.5 0.027202072538860103 0.08484848484848485
0 0.2979274611398964 0.4681818181818182 0.02849740932642487 0.0696969696969697
0 0.37629533678756477 0.44393939393939397 0.01683937823834197 0.045454545454545456
0 0.3387305699481865 0.543939393939394 0.034974093264248704 0.11212121212121212
0 0.405440414507772 0.5893939393939394 0.06476683937823834 0.1787878787878788
0 0.43134715025906734 0.546969696969697 0.054404145077720206 0.16666666666666666
0 0.4579015544041451 0.5333333333333333 0.050518134715025906 0.16363636363636364
0 0.5 0.8833333333333333 0.12176165803108809 0.36666666666666664
0 0.5284974093264249 0.543939393939394 0.06476683937823834 0.19696969696969696
0 0.5770725388601037 0.5727272727272728 0.042746113989637305 0.12727272727272726
0 0.5997409326424871 0.4893939393939394 0.03367875647668394 0.08181818181818182
0 0.6541450777202072 0.5227272727272727 0.04404145077720207 0.09393939393939393
0 0.7020725388601037 0.5893939393939394 0.04145077720207254 0.09393939393939393
0 0.7687823834196891 0.5303030303030303 0.05310880829015544 0.13333333333333333
0 0.6910621761658031 0.5015151515151515 0.04015544041450777 0.10606060606060606
0 0.8523316062176166 0.5575757575757576 0.04145077720207254 0.12121212121212122
0 0.8542746113989638 0.603030303030303 0.04533678756476684 0.12121212121212122
0 0.8154145077720207 0.6439393939393939 0.04533678756476684 0.11818181818181818
0 0.866580310880829 1.0196969696969698 0.054404145077720206 0.19090909090909092
0 0.9805699481865285 0.646969696969697 0.05181347150259067 0.13636363636363635
0 1.064119170984456 0.5075757575757576 0.06088082901554404 0.15454545454545454
0 1.0479274611398963 1.009090909090909 0.13212435233160622 0.3151515151515151
