0 0.9595070422535211 1.3604651162790697 0.08098591549295775 1.0
0 0.8791079812206573 1.0174418604651163 0.04225352112676056 0.1744186046511628
0 0.8257042253521126 1.1744186046511629 0.02464788732394366 0.08527131782945736
0 0.6214788732394366 1.1395348837209303 0.015258215962441314 0.05426356589147287
0 0.30927230046948356 1.127906976744186 0.022300469483568074 0.06976744186046512
0 0.24647887323943662 1.2674418604651163 0.04225352112676056 0.35658914728682173
0 0.16842723004694835 1.062015503875969 0.029342723004694836 0.12403100775193798
0 0.13321596244131456 1.1143410852713178 0.02464788732394366 0.09689922480620156
0 0.18603286384976525 1.1182170542635659 0.015258215962441314 0.06589147286821706
0 0.7593896713615024 1.1124031007751938 0.011737089201877934 0.046511627906976744
