0 0.13469119579500657 3.1315789473684212 0.009198423127463863 0.04093567251461988
0 0.1530880420499343 3.1052631578947367 0.009198423127463863 0.04678362573099415
0 0.1747700394218134 3.1783625730994154 0.00788436268068331 0.04093567251461988
0 0.19776609724047306 3.1374269005847952 0.009198423127463863 0.04093567251461988
0 0.3068331143232589 3.0994152046783627 0.009198423127463863 0.03508771929824561
0 0.35019710906701706 3.0935672514619883 0.009198423127463863 0.04678362573099415
0 0.36465177398160314 3.1052631578947367 0.009198423127463863 0.03508771929824561
0 0.38896189224704336 3.1198830409356724 0.013140604467805518 0.05263157894736842
0 0.4099868593955322 3.1315789473684212 0.010512483574244415 0.04093567251461988
0 0.44218134034165574 3.1228070175438596 0.01445466491458607 0.05847953216374269
0 0.4342969776609724 3.073099415204678 0.009198423127463863 0.04093567251461988
0 0.45729303547963207 3.134502923976608 0.00788436268068331 0.04678362573099415
0 0.5131406044678055 3.043859649122807 0.009198423127463863 0.05263157894736842
0 0.5367936925098554 2.915204678362573 0.011826544021024968 0.06432748538011696
0 0.5913272010512484 3.1578947368421053 0.013140604467805518 0.05847953216374269
0 0.6103810775295664 3.1228070175438596 0.017082785808147174 0.08187134502923976
0 0.6392904073587385 3.111111111111111 0.009198423127463863 0.04678362573099415
0 0.6846254927726675 3.1374269005847952 0.018396846254927726 0.08771929824561403
0 0.6957950065703022 3.1140350877192984 0.017082785808147174 0.07602339181286549
0 0.71419185282523 3.038011695906433 0.011826544021024968 0.05263157894736842
0 0.7536136662286466 3.0233918128654973 0.009198423127463863 0.03508771929824561
0 0.8265440210249672 3.090643274853801 0.013140604467805518 0.06432748538011696
0 0.8850197109067017 3.1842105263157894 0.017082785808147174 0.05263157894736842
0 0.8968462549277266 2.973684210526316 0.011826544021024968 0.05263157894736842
0 0.9434954007884363 3.0116959064327484 0.013140604467805518 0.05847953216374269
0 0.9415243101182654 2.912280701754386 0.009198423127463863 0.03508771929824561
0 0.9934296977660972 3.0672514619883042 0.010512483574244415 0.05263157894736842
0 0.8751642575558476 3.6608187134502925 0.03153745072273324 0.17543859649122806
0 0.7943495400788436 3.2953216374269005 0.030223390275952694 0.14619883040935672
0 0.3495400788436268 3.6403508771929824 0.04730617608409987 0.25146198830409355
0 0.29303547963206306 3.739766081871345 0.05781865965834428 0.28654970760233917
0 0.11432325886990802 3.6140350877192984 0.06044678055190539 0.30409356725146197
0 0.042706964520367936 3.5350877192982457 0.045992115637319315 0.27485380116959063
0 0.06044678055190539 3.2251461988304095 0.023653088042049936 0.09941520467836257
0 0.00985545335085414 3.3567251461988303 0.01971090670170828 0.38596491228070173
