0 0.9845814977973568 1.3206106870229009 0.17180616740088106 0.46564885496183206
0 0.5036710719530103 0.7690839694656488 0.12334801762114538 0.4312977099236641
0 0.10939794419970632 0.9751908396946565 0.07782672540381791 0.20229007633587787
0 0.8766519823788547 1.1755725190839694 0.02936857562408223 0.07633587786259542
0 0.8105726872246696 1.1965648854961832 0.020558002936857563 0.0648854961832061
0 0.6600587371512482 1.1889312977099236 0.022026431718061675 0.0648854961832061
0 0.6071953010279001 1.166030534351145 0.027900146842878122 0.07251908396946564
0 0.6997063142437592 1.1431297709923665 0.010279001468428781 0.03435114503816794
0 0.25477239353891334 1.0629770992366412 0.042584434654919234 0.1183206106870229
0 0.31130690161527164 1.001908396946565 0.02936857562408223 0.08015267175572519
0 0.14096916299559473 1.0725190839694656 0.049926578560939794 0.13740458015267176
0 0.184287812041116 1.0114503816793894 0.022026431718061675 0.05343511450381679
0 0.2621145374449339 1.0706106870229009 0.030837004405286344 0.10305343511450382
