0 0.7657550535077289 6.237288135593221 0.016646848989298454 0.2711864406779661
0 0.7835909631391201 5.923728813559322 0.02140309155766944 0.3559322033898305
0 0.5529131985731273 5.711864406779661 0.019024970273483946 0.3050847457627119
0 0.5130796670630202 5.754237288135593 0.005945303210463734 0.0847457627118644
0 0.6230677764565993 5.694915254237288 0.0047562425683709865 0.06779661016949153
0 0.6367419738406659 5.669491525423729 0.005945303210463734 0.0847457627118644
0 0.7491082045184304 5.661016949152542 0.007134363852556481 0.1016949152542373
0 1.0 5.694915254237288 0.007134363852556481 0.1016949152542373
0 0.35434007134363854 5.864406779661017 0.009512485136741973 0.13559322033898305
0 0.3347205707491082 5.771186440677966 0.008323424494649227 0.11864406779661017
0 0.04518430439952437 5.872881355932203 0.009512485136741973 0.15254237288135594
