0 0.44165435745937964 0.19642857142857142 0.059084194977843424 0.2
0 0.5849335302806499 0.14642857142857144 0.056129985228951254 0.17857142857142858
0 0.7178729689807977 0.16428571428571428 0.0620384047267356 0.17142857142857143
0 0.25627769571639586 0.3875 0.08419497784342689 0.26071428571428573
0 0.43870014771048743 0.4375 0.06794682422451995 0.225
0 0.5945347119645494 0.49642857142857144 0.07533234859675036 0.2357142857142857
0 0.7614475627769571 0.4160714285714286 0.06942392909896603 0.23214285714285715
0 0.9239290989660266 0.4 0.08714918759231906 0.25
0 0.1432791728212703 0.9053571428571429 0.09748892171344166 0.30357142857142855
0 0.3581979320531758 0.7946428571428571 0.1019202363367799 0.3392857142857143
0 0.568685376661743 0.8821428571428571 0.08567208271787297 0.30714285714285716
0 0.8338257016248154 0.7714285714285715 0.1019202363367799 0.32857142857142857
0 1.0428360413589366 0.7964285714285714 0.103397341211226 0.3
