0 1.3061389337641358 4.4772727272727275 0.030694668820678513 0.3181818181818182
0 1.235864297253635 4.590909090909091 0.022617124394184167 0.24242424242424243
0 1.1663974151857834 4.553030303030303 0.022617124394184167 0.22727272727272727
0 1.0767366720516962 4.704545454545454 0.024232633279483037 0.19696969696969696
0 1.0274636510500808 4.734848484848484 0.022617124394184167 0.25757575757575757
0 1.0363489499192247 4.5606060606060606 0.0210016155088853 0.21212121212121213
0 0.877221324717286 4.553030303030303 0.022617124394184167 0.25757575757575757
0 0.9095315024232633 4.5227272727272725 0.022617124394184167 0.25757575757575757
0 0.7415185783521809 4.863636363636363 0.025848142164781908 0.2727272727272727
0 0.7447495961227787 4.7272727272727275 0.029079159935379646 0.2727272727272727
0 0.7794830371567044 4.545454545454546 0.0210016155088853 0.24242424242424243
0 0.8764135702746365 4.484848484848484 0.030694668820678513 0.30303030303030304
