0 0.9944547134935305 5.048387096774194 0.029574861367837338 0.25806451612903225
0 0.9390018484288355 5.064516129032258 0.022181146025878003 0.25806451612903225
0 0.9500924214417745 4.846774193548387 0.022181146025878003 0.20967741935483872
0 0.8752310536044362 4.82258064516129 0.012939001848428836 0.12903225806451613
0 0.8345656192236599 5.024193548387097 0.0166358595194085 0.14516129032258066
0 0.8096118299445472 5.096774193548387 0.014787430683918669 0.12903225806451613
0 0.7513863216266173 4.661290322580645 0.012939001848428836 0.12903225806451613
0 0.7319778188539742 4.741935483870968 0.014787430683918669 0.12903225806451613
0 0.7014787430683919 4.709677419354839 0.012939001848428836 0.12903225806451613
0 0.6303142329020333 4.983870967741935 0.011090573012939002 0.0967741935483871
0 0.6802218114602587 4.588709677419355 0.011090573012939002 0.11290322580645161
0 0.6598890942698706 4.693548387096774 0.011090573012939002 0.0967741935483871
0 0.6423290203327172 4.701612903225806 0.012939001848428836 0.11290322580645161
0 0.6256931608133087 4.685483870967742 0.012939001848428836 0.08064516129032258
0 0.5646950092421442 4.870967741935484 0.005545286506469501 0.06451612903225806
0 0.5212569316081331 5.064516129032258 0.033271719038817 0.5161290322580645
0 0.532347504621072 5.064516129032258 0.025878003696857672 0.5161290322580645
0 0.5462107208872459 4.596774193548387 0.012939001848428836 0.12903225806451613
0 0.4075785582255083 4.838709677419355 0.012939001848428836 0.12903225806451613
0 0.37707948243992606 4.82258064516129 0.014787430683918669 0.12903225806451613
0 0.3567467652495379 4.604838709677419 0.0073937153419593345 0.08064516129032258
0 0.40388170055452866 4.57258064516129 0.009242144177449169 0.08064516129032258
0 0.33733826247689463 4.548387096774194 0.009242144177449169 0.0967741935483871
0 0.29944547134935307 4.629032258064516 0.011090573012939002 0.0967741935483871
0 0.2800369685767098 4.653225806451613 0.012939001848428836 0.11290322580645161
0 0.2365988909426987 4.564516129032258 0.011090573012939002 0.0967741935483871
