0 -0.0028957528957528956 0.193446088794926 0.0888030888030888 0.28118393234672306
0 0.08542471042471042 0.23995771670190275 0.05501930501930502 0.17124735729386892
0 0.20222007722007723 0.18816067653276955 0.05308880308880309 0.13953488372093023
0 0.27557915057915056 0.20613107822410148 0.06274131274131274 0.16701902748414377
0 0.3141891891891892 0.24101479915433405 0.05115830115830116 0.13953488372093023
0 0.3590733590733591 0.28118393234672306 0.04826254826254826 0.12684989429175475
0 0.42567567567567566 0.2854122621564482 0.04054054054054054 0.10570824524312897
0 0.4691119691119691 0.3171247357293869 0.03667953667953668 0.10570824524312897
0 0.5337837837837838 0.2938689217758985 0.03474903474903475 0.08879492600422834
0 0.5564671814671814 0.23890063424947147 0.0472972972972973 0.13107822410147993
0 0.6404440154440154 0.321353065539112 0.045366795366795366 0.11416490486257928
0 0.7485521235521235 0.36152219873150104 0.0472972972972973 0.11839323467230443
0 0.7804054054054054 0.3763213530655391 0.03571428571428571 0.09725158562367865
0 0.8079150579150579 0.39957716701902746 0.02895752895752896 0.08456659619450317
0 0.8952702702702703 0.37315010570824525 0.033783783783783786 0.08668076109936575
0 0.9377413127413128 0.4492600422832981 0.029922779922779922 0.08668076109936575
