0 0.986284289276808 4.071428571428571 0.017456359102244388 0.14285714285714285
0 0.9937655860349127 4.0561224489795915 0.012468827930174564 0.1326530612244898
0 0.9594763092269327 4.377551020408164 0.028678304239401497 0.7959183673469388
0 0.9339152119700748 4.163265306122449 0.017456359102244388 0.14285714285714285
0 0.8958852867830424 4.1479591836734695 0.016209476309226933 0.1326530612244898
0 0.9326683291770573 4.142857142857143 0.012468827930174564 0.12244897959183673
0 0.899002493765586 4.061224489795919 0.012468827930174564 0.10204081632653061
0 0.8709476309226932 4.040816326530612 0.008728179551122194 0.08163265306122448
0 0.8659600997506235 4.0561224489795915 0.011221945137157107 0.11224489795918367
0 0.8179551122194514 4.112244897959184 0.029925187032418952 0.30612244897959184
0 0.8023690773067331 4.086734693877551 0.016209476309226933 0.15306122448979592
0 0.7830423940149626 4.1020408163265305 0.022443890274314215 0.22448979591836735
0 0.7630922693266833 4.183673469387755 0.022443890274314215 0.20408163265306123
0 0.8422693266832918 4.030612244897959 0.008728179551122194 0.08163265306122448
0 0.7680798004987531 4.010204081632653 0.014962593516209476 0.14285714285714285
0 0.7456359102244389 4.051020408163265 0.00997506234413965 0.08163265306122448
0 0.7381546134663342 4.0 0.007481296758104738 0.08163265306122448
0 0.7581047381546134 4.178571428571429 0.014962593516209476 0.41836734693877553
0 0.7462593516209476 4.045918367346939 0.008728179551122194 0.07142857142857142
0 0.7213216957605985 4.040816326530612 0.011221945137157107 0.08163265306122448
0 0.7206982543640897 4.045918367346939 0.00997506234413965 0.07142857142857142
0 0.7069825436408977 4.066326530612245 0.00997506234413965 0.09183673469387756
0 0.6851620947630923 4.045918367346939 0.01371571072319202 0.1326530612244898
0 0.6265586034912718 4.1938775510204085 0.02119700748129676 0.1836734693877551
0 0.5610972568578554 4.01530612244898 0.02493765586034913 0.25510204081632654
0 0.6577306733167082 3.989795918367347 0.006234413965087282 0.061224489795918366
0 0.6870324189526185 3.954081632653061 0.007481296758104738 0.07142857142857142
0 0.6396508728179551 3.9693877551020407 0.004987531172069825 0.04081632653061224
0 0.6452618453865336 3.9744897959183674 0.006234413965087282 0.05102040816326531
0 0.6365336658354115 4.183673469387755 0.008728179551122194 0.08163265306122448
0 0.6246882793017456 4.020408163265306 0.007481296758104738 0.061224489795918366
0 0.60785536159601 4.051020408163265 0.008728179551122194 0.08163265306122448
0 0.6003740648379052 4.0 0.008728179551122194 0.08163265306122448
0 0.5798004987531172 4.035714285714286 0.00997506234413965 0.09183673469387756
0 0.5392768079800498 4.020408163265306 0.008728179551122194 0.061224489795918366
0 0.5455112219451371 3.9489795918367347 0.006234413965087282 0.061224489795918366
0 0.5124688279301746 4.035714285714286 0.00997506234413965 0.09183673469387756
0 0.5112219451371571 3.979591836734694 0.007481296758104738 0.08163265306122448
0 0.4993765586034913 3.938775510204082 0.006234413965087282 0.061224489795918366
0 0.4918952618453865 4.005102040816326 0.006234413965087282 0.07142857142857142
0 0.47443890274314215 3.989795918367347 0.011221945137157107 0.10204081632653061
0 0.4488778054862843 3.9846938775510203 0.014962593516209476 0.1326530612244898
0 0.4844139650872818 3.979591836734694 0.008728179551122194 0.061224489795918366
0 0.5305486284289277 3.9693877551020407 0.006234413965087282 0.061224489795918366
0 0.5249376558603491 4.1020408163265305 0.012468827930174564 0.30612244897959184
0 0.46384039900249374 4.0 0.00997506234413965 0.08163265306122448
0 0.4382793017456359 4.01530612244898 0.011221945137157107 0.09183673469387756
0 0.43266832917705733 3.9591836734693877 0.007481296758104738 0.061224489795918366
0 0.42082294264339154 4.158163265306122 0.016209476309226933 0.4387755102040816
0 0.41209476309226933 4.010204081632653 0.008728179551122194 0.08163265306122448
0 0.39027431421446385 4.030612244897959 0.014962593516209476 0.12244897959183673
0 0.3740648379052369 3.943877551020408 0.012468827930174564 0.11224489795918367
0 0.35723192019950123 4.020408163265306 0.018703241895261846 0.12244897959183673
0 0.33790523690773067 3.9744897959183674 0.007481296758104738 0.07142857142857142
0 0.3036159600997506 4.188775510204081 0.028678304239401497 0.2755102040816326
0 0.26433915211970077 3.9693877551020407 0.017456359102244388 0.16326530612244897
0 0.23690773067331672 3.938775510204082 0.014962593516209476 0.16326530612244897
0 0.18204488778054864 3.954081632653061 0.0199501246882793 0.15306122448979592
0 0.12905236907730674 3.9948979591836733 0.02119700748129676 0.17346938775510204
0 0.11159600997506235 3.8622448979591835 0.018703241895261846 0.17346938775510204
0 0.07356608478802992 4.173469387755102 0.03740648379052369 0.3469387755102041
0 0.019326683291770574 3.989795918367347 0.008728179551122194 0.08163265306122448
0 0.2125935162094763 4.066326530612245 0.006234413965087282 0.05102040816326531
0 0.16770573566084787 4.020408163265306 0.011221945137157107 0.08163265306122448
0 0.05112219451371571 3.923469387755102 0.014962593516209476 0.1326530612244898
0 0.6807980049875312 4.214285714285714 0.017456359102244388 0.20408163265306123
