0 0.7663461538461539 1.610091743119266 0.051923076923076926 0.30275229357798167
0 0.9201923076923076 1.7110091743119267 0.032692307692307694 0.1559633027522936
0 0.875 1.7522935779816513 0.03076923076923077 0.14678899082568808
0 0.7798076923076923 1.651376146788991 0.04038461538461539 0.23853211009174313
0 0.6115384615384616 1.610091743119266 0.03076923076923077 0.21100917431192662
0 0.5317307692307692 1.6330275229357798 0.028846153846153848 0.1834862385321101
0 0.49423076923076925 1.5825688073394495 0.03461538461538462 0.1926605504587156
0 0.45865384615384613 1.4174311926605505 0.04807692307692308 0.22935779816513763
0 0.36346153846153845 1.5275229357798166 0.03461538461538462 0.21100917431192662
0 0.34615384615384615 1.6697247706422018 0.05384615384615385 0.27522935779816515
0 0.18076923076923077 1.5642201834862386 0.08846153846153847 0.44954128440366975
0 0.2125 1.5504587155963303 0.04038461538461539 0.27522935779816515
0 0.1548076923076923 1.4862385321100917 0.05576923076923077 0.3119266055045872
0 0.0875 1.2660550458715596 0.08269230769230769 0.3853211009174312
0 -0.009615384615384616 1.1972477064220184 0.1076923076923077 0.7431192660550459
