0 0.21393841166936792 0.8231939163498099 0.012965964343598054 0.034220532319391636
0 0.2787682333873582 0.6730038022813688 0.055105348460291734 0.1444866920152091
0 0.373581847649919 0.7319391634980988 0.04700162074554295 0.1634980988593156
0 0.4692058346839546 0.7566539923954373 0.024311183144246355 0.06844106463878327
0 0.47974068071312803 0.6749049429657795 0.03565640194489465 0.11026615969581749
0 0.5478119935170178 0.7699619771863118 0.022690437601296597 0.08745247148288973
0 0.6053484602917342 0.720532319391635 0.03403565640194489 0.11026615969581749
0 0.6717990275526742 0.7433460076045627 0.04051863857374392 0.11787072243346007
0 0.7090761750405187 0.7661596958174905 0.024311183144246355 0.07224334600760456
0 0.7277147487844409 0.7566539923954373 0.03241491085899514 0.10646387832699619
0 0.7641815235008104 0.7737642585551331 0.024311183144246355 0.07224334600760456
0 0.8095623987034035 0.7110266159695817 0.03403565640194489 0.10646387832699619
0 0.8103727714748784 0.752851711026616 0.029173419773095625 0.053231939163498096
0 0.9594813614262561 0.7566539923954373 0.04538087520259319 0.1444866920152091
0 1.012965964343598 0.779467680608365 0.03565640194489465 0.11406844106463879
0 1.1183144246353323 0.8022813688212928 0.029173419773095625 0.09125475285171103
0 1.1580226904376012 0.8212927756653993 0.04376012965964344 0.12167300380228137
0 1.1815235008103728 0.7756653992395437 0.05186385737439222 0.17490494296577946
