0 1.2264397905759161 2.575892857142857 0.034031413612565446 0.15178571428571427
0 1.2657068062827226 2.5714285714285716 0.04450261780104712 0.125
0 0.518324607329843 2.294642857142857 0.02617801047120419 0.08928571428571429
0 0.42408376963350786 2.357142857142857 0.031413612565445025 0.10714285714285714
0 0.3010471204188482 2.294642857142857 0.02617801047120419 0.08928571428571429
0 0.44502617801047123 2.2276785714285716 0.015706806282722512 0.044642857142857144
0 0.48429319371727747 2.1294642857142856 0.015706806282722512 0.0625
0 0.4882198952879581 2.3125 0.01832460732984293 0.07142857142857142
0 0.506544502617801 2.1875 0.034031413612565446 0.17857142857142858
0 0.6897905759162304 2.1830357142857144 0.01832460732984293 0.0625
0 0.4083769633507853 1.78125 0.010471204188481676 0.044642857142857144
0 0.31675392670157065 1.7723214285714286 0.010471204188481676 0.044642857142857144
0 0.3180628272251309 1.7767857142857142 0.034031413612565446 0.23214285714285715
