0 0.35690515806988354 4.099056603773585 0.05490848585690516 0.3490566037735849
0 0.3643926788685524 4.415094339622642 0.05324459234608985 0.41509433962264153
0 0.40931780366056575 4.061320754716981 0.04991680532445923 0.3490566037735849
0 0.454242928452579 4.259433962264151 0.05324459234608985 0.3867924528301887
0 0.5690515806988353 4.471698113207547 0.056572379367720464 0.4339622641509434
0 0.6089850249584027 4.160377358490566 0.04991680532445923 0.37735849056603776
0 0.762063227953411 4.165094339622642 0.05324459234608985 0.36792452830188677
0 0.8369384359400999 4.259433962264151 0.04658901830282862 0.3867924528301887
0 0.8993344425956739 4.056603773584905 0.04492512479201331 0.3584905660377358
0 0.9459234608985025 4.0754716981132075 0.05490848585690516 0.39622641509433965
0 1.0590682196339434 4.070754716981132 0.048252911813643926 0.3490566037735849
0 1.1256239600665559 4.202830188679245 0.051580698835274545 0.4056603773584906
0 1.223793677204659 3.8632075471698113 0.05490848585690516 0.29245283018867924
0 1.2995008319467554 3.900943396226415 0.059900166389351084 0.42452830188679247
0 1.180532445923461 4.1084905660377355 0.05490848585690516 0.330188679245283
0 0.5715474209650583 4.136792452830188 0.04159733777038269 0.3113207547169811
0 0.7246256239600666 4.070754716981132 0.04159733777038269 0.330188679245283
