0 0.18039772727272727 2.572519083969466 0.005681818181818182 0.030534351145038167
0 0.17755681818181818 2.572519083969466 0.005681818181818182 0.030534351145038167
0 0.4034090909090909 2.6259541984732824 0.011363636363636364 0.12213740458015267
0 0.4524147727272727 2.435114503816794 0.007102272727272727 0.04580152671755725
0 0.4666193181818182 2.446564885496183 0.007102272727272727 0.03816793893129771
0 0.4850852272727273 2.5877862595419847 0.009943181818181818 0.04580152671755725
0 0.4928977272727273 2.6259541984732824 0.011363636363636364 0.13740458015267176
0 0.5028409090909091 2.614503816793893 0.011363636363636364 0.1450381679389313
0 0.5134943181818182 2.633587786259542 0.007102272727272727 0.04580152671755725
0 0.6328125 2.4198473282442747 0.009943181818181818 0.061068702290076333
0 0.6413352272727273 2.4083969465648853 0.009943181818181818 0.05343511450381679
0 0.7237215909090909 2.515267175572519 0.004261363636363636 0.022900763358778626
0 0.7379261363636364 2.484732824427481 0.007102272727272727 0.03816793893129771
0 0.7542613636363636 2.50381679389313 0.008522727272727272 0.04580152671755725
0 0.7698863636363636 2.4618320610687023 0.005681818181818182 0.03816793893129771
0 0.7762784090909091 2.49618320610687 0.007102272727272727 0.04580152671755725
0 0.8018465909090909 2.4618320610687023 0.007102272727272727 0.03816793893129771
0 0.8735795454545454 2.5114503816793894 0.005681818181818182 0.030534351145038167
0 0.8771306818181818 2.5 0.007102272727272727 0.03816793893129771
0 0.9779829545454546 2.3473282442748094 0.01278409090909091 0.06870229007633588
0 1.0 2.33587786259542 0.011363636363636364 0.061068702290076333
0 1.0234375 2.545801526717557 0.004261363636363636 0.022900763358778626
0 1.0518465909090908 2.5610687022900764 0.004261363636363636 0.022900763358778626
