0 0.9528795811518325 1.1270491803278688 0.06282722513089005 0.4672131147540984
0 0.8278795811518325 1.0655737704918034 0.04319371727748691 0.36065573770491804
0 0.7172774869109948 1.25 0.03926701570680628 0.3524590163934426
0 0.6852094240837696 1.1270491803278688 0.04319371727748691 0.3360655737704918
0 0.6328534031413613 1.5204918032786885 0.0274869109947644 0.1885245901639344
0 0.5517015706806283 1.2459016393442623 0.04057591623036649 0.36065573770491804
0 0.5209424083769634 1.1885245901639345 0.04450261780104712 0.36065573770491804
0 0.4712041884816754 1.3565573770491803 0.049738219895287955 0.3360655737704918
0 0.487565445026178 1.5819672131147542 0.07460732984293193 0.4918032786885246
0 0.35602094240837695 1.4754098360655739 0.03926701570680628 0.3442622950819672
0 0.3219895287958115 1.4344262295081966 0.05759162303664921 0.4262295081967213
0 0.26112565445026176 1.680327868852459 0.06413612565445026 0.4098360655737705
0 0.18979057591623036 1.2991803278688525 0.08638743455497382 0.5
0 0.10667539267015706 1.5532786885245902 0.0693717277486911 0.5
0 1.0353403141361257 1.4426229508196722 0.02356020942408377 0.14754098360655737
