0 0.5971014492753624 3.0142857142857142 0.0463768115942029 0.2857142857142857
0 0.5710144927536231 3.3 0.04057971014492753 0.22857142857142856
0 0.7231884057971014 3.2285714285714286 0.043478260869565216 0.2571428571428571
0 0.7768115942028986 3.4642857142857144 0.04057971014492753 0.21428571428571427
0 0.8869565217391304 3.3714285714285714 0.08695652173913043 0.4
0 1.2173913043478262 3.5142857142857142 0.011594202898550725 0.05714285714285714
0 1.2434782608695651 3.5285714285714285 0.011594202898550725 0.05714285714285714
0 1.3391304347826087 3.5714285714285716 0.011594202898550725 0.05714285714285714
0 1.3594202898550725 3.5714285714285716 0.011594202898550725 0.05714285714285714
0 1.5333333333333334 3.4214285714285713 0.034782608695652174 0.18571428571428572
