0 0.23251533742331287 0.5751231527093597 0.1460122699386503 0.29802955665024633
0 0.4085889570552147 0.6564039408866995 0.05889570552147239 0.1354679802955665
0 0.3282208588957055 0.666256157635468 0.04539877300613497 0.10098522167487685
0 0.4920245398773006 0.5443349753694581 0.046625766871165646 0.1330049261083744
0 0.6834355828220859 0.5578817733990148 0.07607361963190185 0.17980295566502463
0 0.4368098159509202 0.583743842364532 0.014723926380368098 0.034482758620689655
0 0.550920245398773 0.603448275862069 0.0098159509202454 0.019704433497536946
0 0.5748466257668712 0.5935960591133005 0.011042944785276074 0.024630541871921183
0 0.5656441717791411 0.5972906403940886 0.007361963190184049 0.017241379310344827
0 0.5858895705521472 0.6009852216748769 0.008588957055214725 0.019704433497536946
0 0.6380368098159509 0.6637931034482759 0.03190184049079755 0.0812807881773399
0 0.6380368098159509 0.6650246305418719 0.0343558282208589 0.08374384236453201
0 0.7680981595092025 0.6884236453201971 0.03190184049079755 0.0812807881773399
0 0.7607361963190185 0.5652709359605911 0.012269938650306749 0.03201970443349754
0 0.7871165644171779 0.6096059113300493 0.011042944785276074 0.022167487684729065
0 0.603680981595092 0.6551724137931034 0.007361963190184049 0.019704433497536946
0 0.12822085889570553 0.6206896551724138 0.06257668711656442 0.1724137931034483
0 0.1067484662576687 0.6477832512315271 0.053987730061349694 0.12315270935960591
