0 0.1364168618266979 0.24468085106382978 0.10421545667447307 0.2
0 0.30210772833723654 0.16914893617021276 0.07728337236533958 0.13829787234042554
0 0.5304449648711944 0.10851063829787234 0.07962529274004684 0.15319148936170213
0 0.7663934426229508 0.30638297872340425 0.06206088992974239 0.12340425531914893
0 0.6346604215456675 0.13404255319148936 0.03044496487119438 0.07659574468085106
0 0.7014051522248244 0.1851063829787234 0.03044496487119438 0.06808510638297872
0 0.7564402810304449 0.15212765957446808 0.0351288056206089 0.06595744680851064
0 0.6779859484777517 0.14042553191489363 0.02576112412177986 0.05531914893617021
0 0.7177985948477752 0.10851063829787234 0.0234192037470726 0.05106382978723404
0 0.8384074941451991 0.1776595744680851 0.0351288056206089 0.07021276595744681
0 0.819672131147541 0.11063829787234042 0.02107728337236534 0.04680851063829787
0 0.8776346604215457 0.16063829787234044 0.02927400468384075 0.0574468085106383
0 0.8911007025761124 0.15851063829787235 0.02107728337236534 0.04893617021276596
0 0.9701405152224825 0.14680851063829786 0.026932084309133488 0.059574468085106386
0 0.9209601873536299 0.1425531914893617 0.02224824355971897 0.0425531914893617
0 0.8501170960187353 0.07659574468085106 0.01639344262295082 0.0425531914893617
