0 1.1774475524475525 2.3963414634146343 0.07517482517482517 0.6707317073170732
0 1.0874125874125875 2.6036585365853657 0.07692307692307693 0.6219512195121951
0 0.8653846153846154 2.6646341463414633 0.06293706293706294 0.524390243902439
0 0.8024475524475524 2.5304878048780486 0.07342657342657342 0.6219512195121951
0 0.6861888111888111 2.6951219512195124 0.057692307692307696 0.4634146341463415
0 0.5847902097902098 2.573170731707317 0.05419580419580419 0.3902439024390244
0 0.548951048951049 2.6158536585365852 0.05944055944055944 0.47560975609756095
0 0.3968531468531469 2.5548780487804876 0.06993006993006994 0.524390243902439
0 0.4291958041958042 2.3841463414634148 0.050699300699300696 0.4024390243902439
0 0.32954545454545453 2.591463414634146 0.050699300699300696 0.32926829268292684
0 0.2692307692307692 2.5304878048780486 0.07692307692307693 0.573170731707317
0 0.243006993006993 2.573170731707317 0.055944055944055944 0.4146341463414634
