0 0.08587786259541985 1.474468085106383 0.03587786259541985 0.2
0 0.09656488549618321 1.3638297872340426 0.04045801526717557 0.2680851063829787
0 0.003435114503816794 1.2617021276595746 0.017557251908396947 0.13191489361702127
0 0.1568702290076336 1.4319148936170212 0.026717557251908396 0.1574468085106383
0 0.27022900763358776 1.2893617021276595 0.0366412213740458 0.24680851063829787
0 0.40916030534351144 1.2574468085106383 0.0366412213740458 0.251063829787234
0 0.34083969465648856 1.2702127659574467 0.01603053435114504 0.10638297872340426
0 0.2217557251908397 1.4191489361702128 0.012977099236641221 0.08936170212765958
0 0.4583969465648855 1.2936170212765958 0.019083969465648856 0.11914893617021277
0 0.5282442748091603 1.3659574468085107 0.021374045801526718 0.1702127659574468
0 0.583969465648855 1.202127659574468 0.024427480916030534 0.19148936170212766
0 0.6358778625954199 1.2680851063829788 0.03358778625954199 0.2978723404255319
0 0.766412213740458 1.1106382978723404 0.03816793893129771 0.24680851063829787
0 0.6812977099236641 1.2765957446808511 0.019083969465648856 0.11914893617021277
0 0.6961832061068702 1.2936170212765958 0.016793893129770993 0.10212765957446808
0 0.8076335877862595 1.2893617021276595 0.0183206106870229 0.1276595744680851
0 0.8587786259541985 1.2425531914893617 0.01984732824427481 0.11914893617021277
0 0.8751908396946565 1.2851063829787235 0.022137404580152672 0.13617021276595745
0 0.9206106870229007 1.2808510638297872 0.022900763358778626 0.14468085106382977
0 0.9690839694656489 1.274468085106383 0.03282442748091603 0.20851063829787234
0 0.9423664122137405 1.825531914893617 0.04351145038167939 0.32340425531914896
0 0.516030534351145 1.248936170212766 0.016793893129770993 0.09787234042553192
