0 0.9758254716981132 1.1843434343434343 0.024764150943396228 0.08585858585858586
0 0.8590801886792453 1.1515151515151516 0.03891509433962264 0.12121212121212122
0 0.8956367924528302 1.1919191919191918 0.024764150943396228 0.13131313131313133
0 0.8195754716981132 1.1313131313131313 0.025943396226415096 0.10101010101010101
0 0.7912735849056604 1.154040404040404 0.01650943396226415 0.07575757575757576
0 0.7523584905660378 1.2045454545454546 0.014150943396226415 0.06565656565656566
0 0.7163915094339622 1.2045454545454546 0.01768867924528302 0.08585858585858586
0 0.7158018867924528 1.1994949494949494 0.01650943396226415 0.07575757575757576
0 0.7346698113207547 1.2196969696969697 0.014150943396226415 0.06565656565656566
0 0.6002358490566038 1.22979797979798 0.01179245283018868 0.05555555555555555
0 0.5672169811320755 1.2247474747474747 0.014150943396226415 0.06565656565656566
0 0.5430424528301887 1.2247474747474747 0.012971698113207548 0.05555555555555555
0 0.5536556603773585 1.1944444444444444 0.012971698113207548 0.05555555555555555
0 0.49174528301886794 1.0984848484848484 0.02830188679245283 0.13636363636363635
0 0.4233490566037736 1.1515151515151516 0.018867924528301886 0.09090909090909091
0 0.4009433962264151 1.207070707070707 0.014150943396226415 0.0707070707070707
0 0.3785377358490566 1.2146464646464648 0.01650943396226415 0.06565656565656566
0 0.3408018867924528 1.0176767676767677 0.04481132075471698 0.20707070707070707
0 0.29422169811320753 1.0808080808080809 0.031839622641509434 0.13131313131313133
0 0.22346698113207547 1.0934343434343434 0.0294811320754717 0.11616161616161616
0 0.2104952830188679 1.0883838383838385 0.024764150943396228 0.12626262626262627
0 0.14150943396226415 1.3207070707070707 0.030660377358490566 0.3888888888888889
0 0.11497641509433962 1.1363636363636365 0.01768867924528302 0.0707070707070707
0 0.06132075471698113 1.143939393939394 0.014150943396226415 0.06565656565656566
0 0.03242924528301887 1.2171717171717171 0.01061320754716981 0.050505050505050504
0 -0.007075471698113208 1.0808080808080809 0.009433962264150943 0.04040404040404041
0 0.014150943396226415 1.1590909090909092 0.01179245283018868 0.06565656565656566
0 0.021816037735849055 1.1641414141414141 0.01061320754716981 0.045454545454545456
0 0.35259433962264153 1.1111111111111112 0.02358490566037736 0.1111111111111111
