0 0.8468063872255489 1.3108108108108107 0.00499001996007984 0.013513513513513514
0 0.7909181636726547 1.0867117117117118 0.020958083832335328 0.05630630630630631
0 0.7579840319361277 1.0867117117117118 0.022954091816367265 0.060810810810810814
0 0.7734530938123753 1.1644144144144144 0.015968063872255488 0.08108108108108109
0 0.7350299401197605 1.0765765765765767 0.022954091816367265 0.05855855855855856
0 0.6951097804391217 1.1126126126126126 0.020958083832335328 0.04954954954954955
0 0.656686626746507 1.052927927927928 0.021956087824351298 0.05630630630630631
0 0.6272455089820359 1.0934684684684686 0.020958083832335328 0.05630630630630631
0 0.5903193612774451 1.1002252252252251 0.020958083832335328 0.05630630630630631
0 0.5533932135728543 1.0990990990990992 0.020958083832335328 0.05855855855855856
0 0.5359281437125748 1.114864864864865 0.017964071856287425 0.04504504504504504
0 0.5164670658682635 1.1103603603603605 0.022954091816367265 0.05855855855855856
0 0.47105788423153694 1.1475225225225225 0.021956087824351298 0.0518018018018018
0 0.4491017964071856 1.1092342342342343 0.021956087824351298 0.05630630630630631
0 0.3967065868263473 1.1114864864864864 0.020958083832335328 0.060810810810810814
0 0.32385229540918165 1.1261261261261262 0.018962075848303395 0.05405405405405406
0 0.34880239520958084 1.115990990990991 0.018962075848303395 0.04279279279279279
0 0.26497005988023953 1.1362612612612613 0.018962075848303395 0.060810810810810814
0 0.2894211576846307 1.1058558558558558 0.01996007984031936 0.05405405405405406
0 0.2345309381237525 1.0596846846846846 0.01996007984031936 0.060810810810810814
0 0.20059880239520958 1.0844594594594594 0.021956087824351298 0.060810810810810814
0 0.18313373253493015 1.1137387387387387 0.020958083832335328 0.060810810810810814
0 0.16766467065868262 1.1306306306306306 0.023952095808383235 0.05855855855855856
0 0.15119760479041916 1.1238738738738738 0.018962075848303395 0.05855855855855856
0 0.09630738522954092 1.1216216216216217 0.020958083832335328 0.05405405405405406
0 0.04291417165668663 1.3288288288288288 0.005988023952095809 0.013513513513513514
0 0.022954091816367265 1.3738738738738738 0.015968063872255488 0.1036036036036036
