0 0.8880208333333334 0.8938547486033519 0.06510416666666667 0.1452513966480447
0 0.990234375 0.7877094972067039 0.016927083333333332 0.03910614525139665
0 0.9375 0.7988826815642458 0.020833333333333332 0.05027932960893855
0 0.9088541666666666 0.8086592178770949 0.028645833333333332 0.06983240223463687
0 0.8958333333333334 0.7248603351955307 0.018229166666666668 0.04189944134078212
0 0.8736979166666666 0.744413407821229 0.010416666666666666 0.025139664804469275
0 0.8899739583333334 0.7905027932960894 0.024739583333333332 0.061452513966480445
0 0.8307291666666666 0.8226256983240223 0.03125 0.08659217877094973
0 0.8157552083333334 0.8729050279329609 0.037760416666666664 0.09776536312849161
0 0.7434895833333334 0.8743016759776536 0.0390625 0.08379888268156424
0 0.6764322916666666 0.8966480446927374 0.045572916666666664 0.11173184357541899
0 0.8014322916666666 0.7737430167597765 0.014322916666666666 0.0335195530726257
0 0.783203125 0.7527932960893855 0.022135416666666668 0.05307262569832402
0 0.7408854166666666 0.8016759776536313 0.026041666666666668 0.0670391061452514
0 0.689453125 0.8142458100558659 0.024739583333333332 0.05865921787709497
0 0.6549479166666666 0.8254189944134078 0.044270833333333336 0.10893854748603352
0 0.7506510416666666 0.7597765363128491 0.02734375 0.0670391061452514
0 0.7102864583333334 0.7164804469273743 0.01953125 0.04748603351955307
0 0.736328125 0.7276536312849162 0.01171875 0.030726256983240222
0 0.4778645833333333 0.8393854748603352 0.028645833333333332 0.07541899441340782
0 0.5403645833333334 0.8100558659217877 0.033854166666666664 0.07262569832402235
0 0.5716145833333334 0.8505586592178771 0.028645833333333332 0.05865921787709497
0 0.5865885416666666 0.7583798882681564 0.01953125 0.04748603351955307
0 0.6549479166666666 0.75 0.010416666666666666 0.030726256983240222
0 0.68359375 0.7262569832402235 0.013020833333333334 0.03910614525139665
0 0.708984375 0.7150837988826816 0.016927083333333332 0.0446927374301676
0 0.6790364583333334 0.6759776536312849 0.009114583333333334 0.0223463687150838
0 0.6458333333333334 0.702513966480447 0.013020833333333334 0.030726256983240222
0 0.626953125 0.7011173184357542 0.014322916666666666 0.0446927374301676
0 0.5983072916666666 0.702513966480447 0.01171875 0.030726256983240222
0 0.5989583333333334 0.6885474860335196 0.010416666666666666 0.025139664804469275
0 0.5872395833333334 0.7150837988826816 0.018229166666666668 0.03910614525139665
0 0.5084635416666666 0.7583798882681564 0.01953125 0.05865921787709497
0 0.537109375 0.7136871508379888 0.01171875 0.030726256983240222
0 0.515625 0.7206703910614525 0.015625 0.0335195530726257
0 0.443359375 0.744413407821229 0.024739583333333332 0.05307262569832402
0 0.3782552083333333 0.7667597765363129 0.014322916666666666 0.04189944134078212
0 0.3391927083333333 0.7178770949720671 0.01953125 0.0446927374301676
0 0.5384114583333334 0.6885474860335196 0.014322916666666666 0.030726256983240222
0 0.4674479166666667 0.7164804469273743 0.015625 0.036312849162011177
0 0.4153645833333333 0.7583798882681564 0.015625 0.04189944134078212
0 0.3815104166666667 0.7388268156424581 0.018229166666666668 0.04189944134078212
0 0.513671875 0.6815642458100558 0.01171875 0.027932960893854747
0 0.4889322916666667 0.7178770949720671 0.014322916666666666 0.0335195530726257
0 0.5130208333333334 0.6731843575418994 0.0078125 0.0223463687150838
0 0.5345052083333334 0.6857541899441341 0.009114583333333334 0.025139664804469275
0 0.42578125 0.6815642458100558 0.010416666666666666 0.027932960893854747
0 0.412109375 0.6675977653631285 0.009114583333333334 0.0223463687150838
0 0.3899739583333333 0.7011173184357542 0.014322916666666666 0.03910614525139665
0 0.3626302083333333 0.7011173184357542 0.014322916666666666 0.027932960893854747
0 0.3951822916666667 0.6717877094972067 0.014322916666666666 0.030726256983240222
0 0.3528645833333333 0.6801675977653632 0.010416666666666666 0.025139664804469275
0 0.3248697916666667 0.6885474860335196 0.014322916666666666 0.030726256983240222
0 0.306640625 0.6759776536312849 0.01171875 0.027932960893854747
0 0.2884114583333333 0.7067039106145251 0.01171875 0.0335195530726257
0 0.263671875 0.6815642458100558 0.01953125 0.03910614525139665
0 0.24674479166666666 0.6885474860335196 0.014322916666666666 0.036312849162011177
0 0.24609375 0.6885474860335196 0.013020833333333334 0.036312849162011177
0 0.018229166666666668 0.6452513966480447 0.0078125 0.01675977653631285
0 0.048828125 0.6955307262569832 0.009114583333333334 0.0223463687150838
0 0.037760416666666664 0.7108938547486033 0.020833333333333332 0.1424581005586592
0 0.06380208333333333 0.6689944134078212 0.010416666666666666 0.025139664804469275
0 0.083984375 0.6634078212290503 0.014322916666666666 0.030726256983240222
0 0.09244791666666667 0.6675977653631285 0.010416666666666666 0.027932960893854747
0 0.130859375 0.6843575418994413 0.016927083333333332 0.03910614525139665
0 0.146484375 0.6927374301675978 0.014322916666666666 0.0335195530726257
0 0.18880208333333334 0.7053072625698324 0.015625 0.036312849162011177
0 0.17643229166666666 0.6745810055865922 0.014322916666666666 0.036312849162011177
0 0.201171875 0.7067039106145251 0.014322916666666666 0.0335195530726257
0 0.20833333333333334 0.6717877094972067 0.010416666666666666 0.025139664804469275
0 0.4609375 0.6913407821229051 0.0078125 0.019553072625698324
0 0.2643229166666667 0.7458100558659218 0.0234375 0.16201117318435754
