0 0.9874141876430206 1.8410404624277457 0.02288329519450801 0.12138728323699421
0 0.8821510297482837 2.0028901734104045 0.016018306636155607 0.07514450867052024
0 0.8850114416475973 1.9797687861271676 0.012585812356979404 0.06358381502890173
0 0.8295194508009154 1.9739884393063585 0.020594965675057208 0.10982658959537572
0 0.7763157894736842 1.9855491329479769 0.017162471395881007 0.07514450867052024
0 0.8066361556064073 1.9913294797687862 0.018306636155606407 0.08670520231213873
0 0.8106407322654462 1.9913294797687862 0.014874141876430207 0.07514450867052024
0 0.6510297482837528 2.0838150289017343 0.018306636155606407 0.10982658959537572
0 0.6653318077803204 2.3265895953757227 0.05377574370709382 0.6416184971098265
0 0.5898169336384439 2.1820809248554913 0.03318077803203661 0.15606936416184972
0 0.5331807780320366 1.9566473988439306 0.032036613272311214 0.2023121387283237
0 0.3695652173913043 2.031791907514451 0.009153318077803204 0.04046242774566474
0 0.15446224256292906 2.0578034682080926 0.013729977116704805 0.08092485549132948
0 0.33752860411899316 2.199421965317919 0.02517162471395881 0.36416184971098264
0 0.5 2.052023121387283 0.009153318077803204 0.046242774566473986
0 0.4897025171624714 2.0260115606936417 0.006864988558352402 0.04046242774566474
0 0.4759725400457666 2.1358381502890174 0.02745995423340961 0.3179190751445087
0 0.21796338672768878 2.078034682080925 0.017162471395881007 0.10982658959537572
