0 0.13346153846153846 0.30104166666666665 0.10384615384615385 0.20833333333333334
0 0.19346153846153846 0.24427083333333333 0.05 0.078125
0 0.26269230769230767 0.23072916666666668 0.06076923076923077 0.084375
0 0.3923076923076923 0.26875 0.06 0.0875
0 0.28923076923076924 0.2203125 0.052307692307692305 0.078125
0 0.5303846153846153 0.2078125 0.04384615384615385 0.08854166666666667
0 0.5042307692307693 0.153125 0.05 0.07916666666666666
0 0.6111538461538462 0.17447916666666666 0.03769230769230769 0.06354166666666666
0 0.6503846153846153 0.17604166666666668 0.045384615384615384 0.08541666666666667
0 0.7373076923076923 0.125 0.06692307692307692 0.12291666666666666
0 0.8342307692307692 0.13020833333333334 0.04692307692307692 0.08541666666666667
0 0.9015384615384615 0.1203125 0.04461538461538461 0.08229166666666667
0 0.43153846153846154 0.13333333333333333 0.033846153846153845 0.06041666666666667
0 0.2923076923076923 0.2765625 0.036923076923076927 0.05520833333333333
