0 0.7630769230769231 0.6232057416267942 0.06769230769230769 0.14114832535885166
0 0.4938461538461538 0.5789473684210527 0.11384615384615385 0.22966507177033493
0 0.2630769230769231 0.4677033492822967 0.07076923076923076 0.13636363636363635
0 0.3830769230769231 0.4605263157894737 0.08923076923076922 0.1507177033492823
0 0.4453846153846154 0.465311004784689 0.06615384615384616 0.13636363636363635
0 0.6515384615384615 0.4569377990430622 0.09692307692307692 0.13875598086124402
0 0.8423076923076923 0.49760765550239233 0.06923076923076923 0.14354066985645933
0 0.9738461538461538 0.5047846889952153 0.07692307692307693 0.1291866028708134
0 0.3261538461538461 0.5251196172248804 0.04923076923076923 0.12679425837320574
0 0.26615384615384613 0.47129186602870815 0.07692307692307693 0.15311004784688995
