0 0.008885298869143781 1.5555555555555556 0.033925686591276254 0.35555555555555557
0 0.015347334410339256 1.4361111111111111 0.011308562197092083 0.05
0 0.05492730210016155 1.4805555555555556 0.01938610662358643 0.16111111111111112
0 0.07512116316639741 1.413888888888889 0.008077544426494346 0.03888888888888889
0 0.09854604200323101 1.5277777777777777 0.025848142164781908 0.26666666666666666
0 0.11712439418416801 1.4527777777777777 0.008077544426494346 0.027777777777777776
0 0.1494345718901454 1.4194444444444445 0.017770597738287562 0.05
0 0.17447495961227788 1.3805555555555555 0.01615508885298869 0.05
0 0.16235864297253635 1.3944444444444444 0.011308562197092083 0.044444444444444446
0 0.18497576736672053 1.4111111111111112 0.011308562197092083 0.044444444444444446
0 0.20113085621970922 1.3611111111111112 0.014539579967689823 0.044444444444444446
0 0.2148626817447496 1.3833333333333333 0.01615508885298869 0.05555555555555555
0 0.21647819063004847 1.4083333333333334 0.009693053311793215 0.03888888888888889
0 0.2148626817447496 1.4833333333333334 0.01615508885298869 0.05555555555555555
0 0.23424878836833601 1.413888888888889 0.009693053311793215 0.03888888888888889
0 0.25040387722132473 1.4111111111111112 0.009693053311793215 0.03333333333333333
0 0.2665589660743134 1.4333333333333333 0.022617124394184167 0.07777777777777778
0 0.36995153473344106 1.725 0.03231017770597738 0.1388888888888889
0 0.388529886914378 1.7972222222222223 0.03715670436187399 0.16111111111111112
0 0.5129240710823909 2.1777777777777776 0.05331179321486268 0.23333333333333334
0 0.46607431340872374 1.538888888888889 0.027463651050080775 0.12222222222222222
0 0.5234248788368336 1.5916666666666666 0.03231017770597738 0.12777777777777777
0 0.5920840064620355 1.788888888888889 0.04038772213247173 0.2
0 0.5250403877221325 1.375 0.01938610662358643 0.09444444444444444
0 0.5476575121163166 1.363888888888889 0.029079159935379646 0.11666666666666667
0 0.5759289176090469 1.3555555555555556 0.024232633279483037 0.1
0 0.6680129240710824 1.3305555555555555 0.014539579967689823 0.06111111111111111
0 0.6268174474959612 1.5527777777777778 0.03877221324717286 0.39444444444444443
0 0.6494345718901454 1.45 0.035541195476575124 0.12222222222222222
0 0.6736672051696284 1.3972222222222221 0.022617124394184167 0.09444444444444444
0 0.7084006462035541 1.3694444444444445 0.030694668820678513 0.15
0 0.7390953150242326 1.363888888888889 0.033925686591276254 0.11666666666666667
0 0.7487883683360258 1.5333333333333334 0.030694668820678513 0.4111111111111111
0 0.7762520193861067 1.5444444444444445 0.033925686591276254 0.4222222222222222
0 0.7924071082390953 1.3611111111111112 0.008077544426494346 0.03333333333333333
0 0.8037156704361874 1.413888888888889 0.030694668820678513 0.10555555555555556
0 0.8659127625201939 1.3833333333333333 0.03231017770597738 0.15555555555555556
0 0.851373182552504 1.3916666666666666 0.01938610662358643 0.10555555555555556
0 0.9022617124394184 1.4111111111111112 0.027463651050080775 0.1111111111111111
0 0.9111470113085622 2.022222222222222 0.035541195476575124 0.17777777777777778
0 0.9208400646203554 1.3833333333333333 0.01615508885298869 0.06666666666666667
0 0.938610662358643 1.3805555555555555 0.012924071082390954 0.05
0 0.9660743134087237 1.3833333333333333 0.01615508885298869 0.05555555555555555
0 0.09046849757673667 1.4222222222222223 0.012924071082390954 0.05555555555555555
