0 0.9204671857619577 0.4420654911838791 0.05005561735261402 0.14357682619647355
0 0.5244716351501668 0.34634760705289674 0.05228031145717464 0.12342569269521411
0 0.40934371523915464 0.35516372795969775 0.035595105672969966 0.07556675062972293
0 0.05228031145717464 0.4017632241813602 0.04449388209121246 0.10831234256926953
0 0.08064516129032258 0.35768261964735515 0.03670745272525028 0.09571788413098237
0 0.23192436040044495 0.4168765743073048 0.034482758620689655 0.09319899244332494
0 0.19299221357063404 0.7544080604534005 0.17908787541713014 0.48614609571788414
0 0.2753058954393771 0.6939546599496221 0.04560622914349277 0.10327455919395466
0 0.30589543937708563 0.40302267002518893 0.028921023359288096 0.08564231738035265
0 0.3615127919911012 0.646095717884131 0.09343715239154617 0.6473551637279596
0 0.8309232480533927 0.3261964735516373 0.020022246941045607 0.05289672544080604
0 0.6763070077864294 0.29093198992443325 0.017797552836484983 0.037783375314861464
