0 0.024305555555555556 1.9613095238095237 0.011574074074074073 0.05357142857142857
0 0.01678240740740741 2.011904761904762 0.024305555555555556 0.3333333333333333
0 0.04050925925925926 1.9196428571428572 0.013888888888888888 0.06547619047619048
0 0.08217592592592593 2.011904761904762 0.013888888888888888 0.07142857142857142
0 0.08564814814814815 1.8244047619047619 0.011574074074074073 0.05357142857142857
0 0.12210648148148148 1.8720238095238095 0.04513888888888889 0.19642857142857142
0 0.16030092592592593 1.9583333333333333 0.010416666666666666 0.05952380952380952
0 0.171875 1.869047619047619 0.015046296296296295 0.08333333333333333
0 0.5538194444444444 1.8452380952380953 0.008101851851851851 0.047619047619047616
0 0.5555555555555556 1.9136904761904763 0.013888888888888888 0.07738095238095238
0 0.6035879629629629 1.9672619047619047 0.03587962962962963 0.23214285714285715
0 0.6059027777777778 1.8392857142857142 0.008101851851851851 0.047619047619047616
0 0.6047453703703703 1.9166666666666667 0.010416666666666666 0.05952380952380952
0 0.6359953703703703 1.7857142857142858 0.010416666666666666 0.05952380952380952
0 0.6689814814814815 1.9255952380952381 0.034722222222222224 0.23214285714285715
0 0.6747685185185185 1.8541666666666667 0.006944444444444444 0.041666666666666664
0 0.6655092592592593 1.7767857142857142 0.004629629629629629 0.02976190476190476
0 0.7019675925925926 1.7321428571428572 0.008101851851851851 0.047619047619047616
0 0.7222222222222222 1.9136904761904763 0.023148148148148147 0.19642857142857142
0 0.7106481481481481 2.0327380952380953 0.037037037037037035 0.27976190476190477
0 0.7575231481481481 1.9672619047619047 0.03587962962962963 0.27976190476190477
0 0.8825231481481481 1.8363095238095237 0.019675925925925927 0.10119047619047619
0 0.8940972222222222 1.8333333333333333 0.019675925925925927 0.2619047619047619
0 0.9351851851851852 1.7053571428571428 0.011574074074074073 0.06547619047619048
0 0.9432870370370371 1.7410714285714286 0.013888888888888888 0.08928571428571429
0 0.9444444444444444 1.7410714285714286 0.013888888888888888 0.07738095238095238
0 0.9785879629629629 2.0297619047619047 0.04282407407407408 0.5952380952380952
