0 0.06652063638459765 0.5550755939524838 0.02559372838367535 0.07775377969762419
0 0.275305510721697 1.0186285097192225 0.057182384136499884 0.13120950323974082
0 0.2530551072169703 0.1900647948164147 0.07585888863269541 0.21166306695464362
0 0.4405118745676735 0.843682505399568 0.04772884482361079 0.1420086393088553
0 0.4053493198063177 0.5521058315334774 0.03458611943739912 0.11177105831533478
0 0.4814387825685958 0.47489200863930886 0.04150334332487895 0.11825053995680346
0 0.3450541849204519 0.5985421166306696 0.02743832142033664 0.07181425485961124
0 0.6457228498962416 0.23461123110151189 0.06801936822688494 0.21004319654427644
0 0.8291445699792483 0.7637688984881209 0.05487664284067328 0.1765658747300216
0 0.9764814387825685 0.4268358531317495 0.04749827069402813 0.14092872570194384
0 0.9475443855199447 0.4994600431965443 0.039889324417800326 0.11447084233261338
0 0.8012451002997464 0.4109071274298056 0.04934286373068942 0.1263498920086393
0 0.724348628083929 0.49055075593952485 0.035277841826147106 0.11393088552915767
0 0.838482822227346 0.4279157667386609 0.03389439704865114 0.12041036717062635
0 0.9747521328106986 0.4190064794816415 0.03712243486280839 0.11555075593952484
0 0.5488817154715241 0.5 0.03389439704865114 0.08963282937365011
