0 0.26938502673796794 0.8978149100257069 0.09558823529411764 0.4768637532133676
0 0.5668449197860963 0.4839331619537275 0.09358288770053476 0.4254498714652956
0 0.7697192513368984 1.005784061696658 0.09959893048128342 0.41516709511568123
0 0.8449197860962567 0.38753213367609257 0.07352941176470588 0.34061696658097684
0 0.9512032085561497 0.6002570694087404 0.07954545454545454 0.4601542416452442
0 0.6615975935828877 0.7930591259640103 0.08990641711229946 0.35989717223650386
0 0.7240975935828877 0.5353470437017995 0.07653743315508021 0.3740359897172236
0 0.43432486631016043 0.39331619537275064 0.06851604278074866 0.3161953727506427
0 0.3417446524064171 0.7532133676092545 0.09057486631016043 0.39331619537275064
0 0.23696524064171123 0.538560411311054 0.10828877005347594 0.4704370179948586
0 0.06233288770053476 0.6523136246786633 0.0625 0.2866323907455013
0 0.1731283422459893 0.5668380462724936 0.07085561497326204 0.33161953727506427
0 0.7702205882352942 0.6497429305912596 0.0711898395721925 0.2969151670951157
