0 0.9764631043256997 0.674496644295302 0.01653944020356234 0.04697986577181208
0 0.9319338422391857 0.7046979865771812 0.019083969465648856 0.053691275167785234
0 0.8867684478371501 0.8640939597315436 0.01272264631043257 0.03691275167785235
0 0.8180661577608143 0.7734899328859061 0.08651399491094147 0.2516778523489933
0 0.7525445292620865 0.21476510067114093 0.05725190839694656 0.19463087248322147
0 0.5305343511450382 0.8590604026845637 0.06361323155216285 0.19463087248322147
0 0.3288804071246819 0.8859060402684564 0.07506361323155217 0.20134228187919462
0 0.09223918575063614 0.8808724832214765 0.08015267175572519 0.23825503355704697
0 0.1316793893129771 0.8842281879194631 0.062340966921119595 0.1912751677852349
0 0.009541984732824428 0.889261744966443 0.04961832061068702 0.18120805369127516
0 0.41603053435114506 0.8221476510067114 0.007633587786259542 0.020134228187919462
0 0.3944020356234097 0.8305369127516778 0.007633587786259542 0.02348993288590604
0 0.3816793893129771 0.9093959731543624 0.007633587786259542 0.020134228187919462
0 0.3975826972010178 0.9295302013422819 0.008905852417302799 0.020134228187919462
0 0.4440203562340967 0.8305369127516778 0.005089058524173028 0.016778523489932886
0 0.1895674300254453 0.7449664429530202 0.020356234096692113 0.06040268456375839
0 0.1291348600508906 0.7634228187919463 0.01653944020356234 0.050335570469798654
0 0.14567430025445294 0.7281879194630873 0.01653944020356234 0.053691275167785234
0 0.04580152671755725 0.7164429530201343 0.017811704834605598 0.050335570469798654
