0 -0.014573991031390135 4.801652892561983 0.02242152466367713 0.09917355371900827
0 0.08912556053811659 4.320247933884297 0.016816143497757848 0.05371900826446281
0 0.13452914798206278 4.353305785123967 0.020179372197309416 0.07851239669421488
0 0.1446188340807175 4.266528925619835 0.01569506726457399 0.06198347107438017
0 0.16984304932735425 4.3615702479338845 0.01905829596412556 0.07851239669421488
0 0.24327354260089687 4.289256198347108 0.013452914798206279 0.06611570247933884
0 0.2617713004484305 4.43595041322314 0.021300448430493273 0.2603305785123967
0 0.2713004484304933 4.297520661157025 0.008968609865470852 0.03305785123966942
0 0.2948430493273543 4.316115702479339 0.013452914798206279 0.05371900826446281
0 0.3963004484304933 4.1652892561983474 0.005605381165919282 0.024793388429752067
0 0.4170403587443946 4.152892561983471 0.006726457399103139 0.024793388429752067
0 0.42713004484304934 4.148760330578512 0.008968609865470852 0.03305785123966942
0 0.44786995515695066 4.150826446280992 0.007847533632286996 0.028925619834710745
0 0.43385650224215244 4.105371900826446 0.006726457399103139 0.02066115702479339
0 0.4663677130044843 4.130165289256198 0.006726457399103139 0.02066115702479339
0 0.4792600896860987 4.152892561983471 0.005605381165919282 0.024793388429752067
0 0.4848654708520179 4.231404958677686 0.01233183856502242 0.04132231404958678
0 0.4915919282511211 4.161157024793388 0.007847533632286996 0.024793388429752067
0 0.5022421524663677 4.264462809917355 0.017937219730941704 0.2396694214876033
0 0.5117713004484304 4.18595041322314 0.010089686098654708 0.049586776859504134
0 0.5224215246636771 4.130165289256198 0.008968609865470852 0.0371900826446281
0 0.5257847533632287 4.204545454545454 0.008968609865470852 0.0371900826446281
0 0.5521300448430493 4.231404958677686 0.01233183856502242 0.049586776859504134
0 0.5599775784753364 4.152892561983471 0.005605381165919282 0.024793388429752067
0 0.577914798206278 4.1652892561983474 0.005605381165919282 0.024793388429752067
0 0.5880044843049327 4.223140495867769 0.01905829596412556 0.18181818181818182
0 0.5846412556053812 4.256198347107438 0.01233183856502242 0.049586776859504134
0 0.5566143497757847 4.3884297520661155 0.021300448430493273 0.09917355371900827
0 0.47477578475336324 4.636363636363637 0.0257847533632287 0.09917355371900827
0 0.5683856502242153 4.4152892561983474 0.02914798206278027 0.128099173553719
0 0.6210762331838565 4.266528925619835 0.017937219730941704 0.07024793388429752
0 0.6446188340807175 4.510330578512397 0.02466367713004484 0.1115702479338843
0 0.6989910313901345 4.328512396694215 0.023542600896860985 0.09504132231404959
0 0.7477578475336323 4.1735537190082646 0.008968609865470852 0.04132231404958678
0 0.7707399103139013 4.264462809917355 0.01905829596412556 0.0743801652892562
0 0.79652466367713 4.177685950413223 0.010089686098654708 0.04132231404958678
0 0.7701793721973094 4.528925619834711 0.026905829596412557 0.10743801652892562
0 0.851457399103139 4.237603305785124 0.01905829596412556 0.07024793388429752
0 0.9170403587443946 4.328512396694215 0.017937219730941704 0.09504132231404959
0 0.9355381165919282 4.3078512396694215 0.010089686098654708 0.045454545454545456
0 0.5790358744394619 4.235537190082645 0.010089686098654708 0.04132231404958678
