0 0.32550335570469796 1.0800970873786409 0.12943432406519656 0.5485436893203883
0 0.6059443911792906 1.0849514563106797 0.06711409395973154 0.46116504854368934
0 0.6855225311601151 1.3422330097087378 0.04985618408437201 0.3058252427184466
0 1.0062320230105466 1.145631067961165 0.031639501438159155 0.17475728155339806
0 0.8945349952061361 1.2184466019417475 0.03451581975071908 0.20388349514563106
0 0.9204218600191755 1.3203883495145632 0.026845637583892617 0.1553398058252427
0 0.7674976030680729 1.5898058252427185 0.023969319271332695 0.11165048543689321
0 0.7195589645254075 1.3883495145631068 0.02588686481303931 0.17475728155339806
0 0.8192713326941515 1.3495145631067962 0.016299137104506232 0.10679611650485436
0 0.7900287631831256 1.3446601941747574 0.013422818791946308 0.07766990291262135
0 0.8523489932885906 1.3131067961165048 0.015340364333652923 0.09223300970873786
0 0.7219558964525408 1.3276699029126213 0.019175455417066157 0.10194174757281553
0 0.5254074784276127 1.279126213592233 0.028763183125599234 0.1796116504854369
0 0.4894534995206136 1.4757281553398058 0.031639501438159155 0.20388349514563106
0 0.20853307766059445 1.308252427184466 0.03355704697986577 0.19902912621359223
0 0.18456375838926176 1.5145631067961165 0.023969319271332695 0.1262135922330097
0 0.17401725790987535 1.4271844660194175 0.020134228187919462 0.10679611650485436
0 0.13950143815915628 1.4174757281553398 0.02588686481303931 0.1553398058252427
0 0.12224352828379674 1.5533980582524272 0.02205177372962608 0.10679611650485436
0 0.10642377756471716 1.4854368932038835 0.011505273250239693 0.06796116504854369
0 0.06519654841802493 1.4393203883495145 0.032598274209012464 0.18932038834951456
0 0.07046979865771812 1.4344660194174756 0.023969319271332695 0.15048543689320387
0 0.034995206136145734 1.4199029126213591 0.02588686481303931 0.13106796116504854
0 0.9650047938638543 1.5242718446601942 0.031639501438159155 0.5631067961165048
