0 0.1911544227886057 1.1898148148148149 0.043478260869565216 0.1574074074074074
0 0.25487256371814093 0.9768518518518519 0.035982008995502246 0.12962962962962962
0 0.335832083958021 1.1643518518518519 0.047976011994003 0.1712962962962963
0 0.5779610194902549 1.1967592592592593 0.046476761619190406 0.1527777777777778
0 0.7263868065967016 1.125 0.049475262368815595 0.12037037037037036
0 0.8298350824587706 1.0671296296296295 0.04047976011994003 0.125
0 0.9160419790104948 1.0416666666666667 0.047976011994003 0.1388888888888889
0 1.0082458770614693 1.1226851851851851 0.04047976011994003 0.125
0 1.0599700149925038 1.0925925925925926 0.035982008995502246 0.1111111111111111
0 1.1116941529235382 0.9328703703703703 0.034482758620689655 0.11574074074074074
0 1.0772113943028485 0.8888888888888888 0.022488755622188907 0.08333333333333333
0 1.1004497751124438 0.8101851851851852 0.020989505247376312 0.09259259259259259
0 1.1229385307346327 0.7754629629629629 0.020989505247376312 0.0787037037037037
0 1.116191904047976 0.7152777777777778 0.01649175412293853 0.06018518518518518
0 1.065967016491754 0.6597222222222222 0.0239880059970015 0.0787037037037037
0 1.0824587706146926 0.6481481481481481 0.017991004497751123 0.07407407407407407
0 1.0412293853073464 0.6388888888888888 0.013493253373313344 0.046296296296296294
0 1.0374812593703149 0.6782407407407407 0.020989505247376312 0.06944444444444445
0 1.0037481259370316 0.6412037037037037 0.01649175412293853 0.05092592592592592
0 0.9947526236881559 0.6203703703703703 0.01649175412293853 0.06481481481481481
0 0.9932533733133433 0.5902777777777778 0.01649175412293853 0.06018518518518518
0 0.974512743628186 0.5925925925925926 0.014992503748125937 0.046296296296296294
0 0.9550224887556222 0.5277777777777778 0.01199400299850075 0.046296296296296294
0 0.9362818590704648 0.5393518518518519 0.013493253373313344 0.05092592592592592
0 0.8988005997001499 0.4837962962962963 0.013493253373313344 0.05092592592592592
0 0.8808095952023988 0.4791666666666667 0.013493253373313344 0.05092592592592592
0 0.8718140929535232 0.4375 0.010494752623688156 0.041666666666666664
0 0.856071964017991 0.5231481481481481 0.01199400299850075 0.037037037037037035
0 0.8620689655172413 0.4537037037037037 0.0239880059970015 0.12962962962962962
0 0.8500749625187406 0.4097222222222222 0.01199400299850075 0.041666666666666664
0 0.8223388305847077 0.45601851851851855 0.010494752623688156 0.032407407407407406
0 0.8133433283358321 0.4027777777777778 0.010494752623688156 0.037037037037037035
0 0.7616191904047976 0.38657407407407407 0.01199400299850075 0.041666666666666664
0 0.7473763118440779 0.37962962962962965 0.010494752623688156 0.037037037037037035
0 0.7166416791604198 0.36342592592592593 0.01199400299850075 0.032407407407407406
0 0.7158920539730135 0.41435185185185186 0.022488755622188907 0.125
0 0.7001499250374813 0.3680555555555556 0.008995502248875561 0.032407407407407406
0 0.6956521739130435 0.3472222222222222 0.008995502248875561 0.037037037037037035
0 0.6656671664167916 0.32175925925925924 0.008995502248875561 0.032407407407407406
0 0.6394302848575713 0.3263888888888889 0.010494752623688156 0.032407407407407406
0 0.5937031484257871 0.3125 0.008995502248875561 0.032407407407407406
0 0.5284857571214393 0.3611111111111111 0.022488755622188907 0.17592592592592593
0 0.5629685157421289 0.3773148148148148 0.022488755622188907 0.16203703703703703
