0 1.4442970822281167 3.641891891891892 0.01856763925729443 0.12162162162162163
0 1.3885941644562334 3.5337837837837838 0.01856763925729443 0.12162162162162163
0 1.3806366047745358 3.804054054054054 0.034482758620689655 0.6351351351351351
0 1.43368700265252 3.385135135135135 0.01856763925729443 0.0945945945945946
0 1.6087533156498675 3.168918918918919 0.01856763925729443 0.0945945945945946
0 1.4244031830238726 3.189189189189189 0.010610079575596816 0.08108108108108109
0 1.2877984084880636 3.574324324324324 0.01856763925729443 0.12162162162162163
0 1.2175066312997347 3.6621621621621623 0.015915119363395226 0.08108108108108109
0 1.1472148541114058 3.5472972972972974 0.01856763925729443 0.12162162162162163
0 0.9827586206896551 3.52027027027027 0.01856763925729443 0.0945945945945946
0 0.8594164456233422 3.418918918918919 0.015915119363395226 0.10810810810810811
0 0.7506631299734748 3.391891891891892 0.021220159151193633 0.13513513513513514
0 0.7745358090185677 3.3716216216216215 0.021220159151193633 0.12162162162162163
0 0.7042440318302388 3.4864864864864864 0.013262599469496022 0.08108108108108109
0 0.6339522546419099 3.5945945945945947 0.03183023872679045 0.4864864864864865
