0 0.014671361502347418 0.8045267489711934 0.008215962441314555 0.02880658436213992
0 0.022300469483568074 0.9094650205761317 0.02112676056338028 0.11522633744855967
0 0.041666666666666664 0.8024691358024691 0.01056338028169014 0.03292181069958848
0 0.03697183098591549 0.9238683127572016 0.005868544600938967 0.0205761316872428
0 0.0721830985915493 0.7674897119341564 0.01056338028169014 0.04526748971193416
0 0.0903755868544601 0.8004115226337448 0.009389671361502348 0.04526748971193416
0 0.10974178403755869 0.7962962962962963 0.012910798122065728 0.053497942386831275
0 0.13438967136150234 0.7818930041152263 0.012910798122065728 0.05761316872427984
0 0.14553990610328638 0.7757201646090535 0.014084507042253521 0.04526748971193416
0 0.16784037558685447 0.779835390946502 0.011737089201877934 0.04526748971193416
0 0.1795774647887324 0.7818930041152263 0.014084507042253521 0.05761316872427984
0 0.18955399061032863 0.7901234567901234 0.012910798122065728 0.04938271604938271
0 0.21948356807511737 0.7674897119341564 0.014084507042253521 0.06172839506172839
0 0.25997652582159625 0.7674897119341564 0.015258215962441314 0.06995884773662552
0 0.2505868544600939 0.7716049382716049 0.015258215962441314 0.053497942386831275
0 0.2869718309859155 0.7777777777777778 0.012910798122065728 0.05761316872427984
0 0.31396713615023475 0.7345679012345679 0.01995305164319249 0.06995884773662552
0 0.35563380281690143 0.7777777777777778 0.014084507042253521 0.04938271604938271
0 0.3703051643192488 0.7613168724279835 0.01995305164319249 0.07407407407407407
0 0.3967136150234742 0.8127572016460906 0.009389671361502348 0.037037037037037035
0 0.4107981220657277 0.9053497942386831 0.014084507042253521 0.04938271604938271
0 0.4477699530516432 0.7592592592592593 0.017605633802816902 0.06172839506172839
0 0.47124413145539906 0.7613168724279835 0.02464788732394366 0.09053497942386832
0 0.5264084507042254 0.7613168724279835 0.017605633802816902 0.05761316872427984
0 0.5886150234741784 0.7674897119341564 0.02464788732394366 0.08641975308641975
0 0.6373239436619719 0.7901234567901234 0.018779342723004695 0.06584362139917696
0 0.7188967136150235 0.7613168724279835 0.029342723004694836 0.11522633744855967
0 0.772887323943662 0.7489711934156379 0.02464788732394366 0.09053497942386832
0 0.8849765258215962 0.7551440329218106 0.04460093896713615 0.1440329218106996
0 0.9154929577464789 0.7304526748971193 0.03051643192488263 0.1111111111111111
0 0.9865023474178404 0.8168724279835391 0.017605633802816902 0.053497942386831275
