0 0.0009606147934678194 0.709375 0.03073967339097022 0.08541666666666667
0 0.13496637848222862 0.6510416666666666 0.03554274735830932 0.09375
0 0.16570605187319884 0.7052083333333333 0.03554274735830932 0.09375
0 0.21133525456292027 0.61875 0.026897214217098942 0.08333333333333333
0 0.2137367915465898 0.6229166666666667 0.03362151777137368 0.09583333333333334
0 0.29394812680115273 0.709375 0.04610951008645533 0.11875
0 0.3506243996157541 0.6833333333333333 0.03266090297790586 0.09166666666666666
0 0.505283381364073 0.6427083333333333 0.024975984630163303 0.06875
0 0.5413064361191162 0.634375 0.027857829010566763 0.08125
0 0.5710854947166186 0.6677083333333333 0.027857829010566763 0.07708333333333334
0 0.6186359269932757 0.6833333333333333 0.024975984630163303 0.07083333333333333
0 0.6921229586935639 0.6520833333333333 0.027857829010566763 0.075
0 0.6873198847262247 0.7291666666666666 0.024015369836695485 0.07083333333333333
0 0.7084534101825168 0.6854166666666667 0.03554274735830932 0.10416666666666667
0 0.733909702209414 0.6083333333333333 0.0345821325648415 0.09166666666666666
0 0.7881844380403458 0.7322916666666667 0.0393852065321806 0.08541666666666667
0 0.8626320845341018 0.6385416666666667 0.07108549471661864 0.16458333333333333
0 0.9610951008645533 0.7302083333333333 0.04899135446685879 0.13125
0 0.40826128722382327 0.653125 0.024975984630163303 0.07291666666666667
