0 0.1553238199780461 1.5947368421052632 0.02305159165751921 0.07368421052631578
0 0.23161361141602635 1.556140350877193 0.015367727771679473 0.05964912280701754
0 0.27058177826564217 1.4596491228070176 0.21844127332601537 0.7719298245614035
0 0.04500548847420417 1.380701754385965 0.2261251372118551 0.8035087719298246
0 0.09879253567508232 1.0456140350877192 0.050493962678375415 0.16140350877192983
0 0.31119648737650935 0.9894736842105263 0.027442371020856202 0.08421052631578947
0 0.36498353457738747 0.9701754385964912 0.029637760702524697 0.12280701754385964
0 0.36882546652030734 0.9210526315789473 0.008781558726673985 0.031578947368421054
0 0.42371020856201974 0.9210526315789473 0.021953896816684963 0.07368421052631578
0 0.4281009879253567 0.9578947368421052 0.026344676180021953 0.09824561403508772
0 0.42590559824368823 0.9578947368421052 0.021953896816684963 0.07719298245614035
0 0.46926454445664106 0.9543859649122807 0.036223929747530186 0.12631578947368421
0 0.5192096597145993 1.012280701754386 0.03512623490669594 0.1368421052631579
0 0.5636663007683864 1.0298245614035089 0.06476399560922064 0.2912280701754386
0 0.7996706915477497 1.1719298245614036 0.07793633369923161 0.32280701754385965
0 0.526344676180022 0.9105263157894737 0.007683863885839737 0.02456140350877193
