0 1.020669806384092 0.8455882352941176 0.043432757718472007 0.23319327731092437
0 0.9374672946101518 1.1680672268907564 0.03087388801674516 0.13865546218487396
0 0.8458922030350602 0.9621848739495799 0.043432757718472007 0.23109243697478993
0 0.7974882260596546 1.1376050420168067 0.032443746729461015 0.19117647058823528
0 0.7053898482469911 0.8182773109243697 0.03767660910518053 0.19957983193277312
0 0.651229722658294 1.0115546218487395 0.03296703296703297 0.16176470588235295
0 0.6132914704343275 1.0031512605042017 0.03349031920460492 0.15756302521008403
0 0.47514390371533227 0.5640756302521008 0.07953950811093669 0.47689075630252103
0 0.36970172684458397 1.1418067226890756 0.023547880690737835 0.13655462184873948
0 0.34850863422291994 1.226890756302521 0.02197802197802198 0.10504201680672269
0 0.3008895866038723 1.2678571428571428 0.020931449502878074 0.10294117647058823
0 0.2789115646258503 1.2846638655462186 0.01674515960230246 0.0819327731092437
0 0.18210361067503925 0.8245798319327731 0.05442176870748299 0.28781512605042014
0 0.11276818419675562 1.2352941176470589 0.03506017791732077 0.16806722689075632
0 0.056776556776556776 0.9621848739495799 0.02878074306645735 0.18067226890756302
