0 0.9480048367593712 0.7758620689655172 0.05804111245465538 0.13793103448275862
0 1.0399032648125757 1.1810344827586208 0.045949214026602174 0.16666666666666666
0 0.8035066505441354 0.3922413793103448 0.056831922611850064 0.1752873563218391
0 0.7708585247883918 0.8505747126436781 0.06650544135429262 0.20114942528735633
0 0.7255139056831923 0.8175287356321839 0.07255139056831923 0.21551724137931033
0 0.654776299879081 0.860632183908046 0.044740024183796856 0.15804597701149425
0 0.48851269649334944 0.8649425287356322 0.05078597339782346 0.12643678160919541
0 0.5205562273276905 0.8922413793103449 0.05199516324062878 0.14655172413793102
0 0.2569528415961306 0.8390804597701149 0.0592503022974607 0.14367816091954022
0 0.34099153567110035 0.860632183908046 0.06287787182587666 0.19827586206896552
0 0.4026602176541717 0.8103448275862069 0.045949214026602174 0.13218390804597702
0 0.18923821039903266 0.7887931034482759 0.07134220072551391 0.1925287356321839
0 0.07920193470374849 0.5028735632183908 0.032648125755743655 0.10344827586206896
0 0.2218863361547763 0.34339080459770116 0.0592503022974607 0.15804597701149425
0 0.31559854897218864 0.3692528735632184 0.05562273276904474 0.1810344827586207
0 0.624546553808948 0.8836206896551724 0.0592503022974607 0.15804597701149425
