0 0.05012224938875306 0.4855072463768116 0.009779951100244499 0.02608695652173913
0 0.10880195599022005 0.47246376811594204 0.02444987775061125 0.06956521739130435
0 0.25794621026894865 0.5144927536231884 0.02689486552567237 0.08405797101449275
0 0.3184596577017115 0.5260869565217391 0.030562347188264057 0.08985507246376812
0 0.35207823960880197 0.5115942028985507 0.04645476772616137 0.11884057971014493
0 0.4254278728606357 0.5333333333333333 0.03178484107579462 0.10434782608695652
0 0.4547677261613692 0.4971014492753623 0.03178484107579462 0.08985507246376812
0 0.4877750611246944 0.5840579710144927 0.03667481662591687 0.11304347826086956
0 0.5042787286063569 0.5057971014492754 0.03300733496332518 0.08405797101449275
0 0.2114914425427873 0.5449275362318841 0.08068459657701711 0.25507246376811593
0 0.39425427872860636 0.6376811594202898 0.05256723716381418 0.1565217391304348
0 0.5537897310513448 0.5478260869565217 0.08557457212713937 0.30144927536231886
0 0.6436430317848411 0.508695652173913 0.02078239608801956 0.04927536231884058
0 0.6687041564792175 0.5130434782608696 0.022004889975550123 0.057971014492753624
0 0.6766503667481663 0.508695652173913 0.023227383863080684 0.06666666666666667
0 0.761002444987775 0.4608695652173913 0.0550122249388753 0.1391304347826087
0 0.7561124694376528 0.5768115942028985 0.06234718826405868 0.1855072463768116
0 0.8172371638141809 0.7246376811594203 0.08190709046454768 0.2144927536231884
0 0.8215158924205379 0.6855072463768116 0.12224938875305623 0.3391304347826087
0 0.8899755501222494 0.5028985507246376 0.04645476772616137 0.13043478260869565
0 0.9621026894865525 0.5492753623188406 0.07334963325183375 0.17101449275362318
0 0.9700488997555012 0.7608695652173914 0.0843520782396088 0.2463768115942029
