0 0.21635434412265758 1.0303030303030303 0.054514480408858604 0.30303030303030304
0 0.28109028960817717 1.0909090909090908 0.05792163543441227 0.3181818181818182
0 0.3202725724020443 0.803030303030303 0.054514480408858604 0.2878787878787879
0 0.3739352640545145 0.9318181818181818 0.06984667802385008 0.3787878787878788
0 0.36626916524701875 0.553030303030303 0.04770017035775128 0.2878787878787879
0 0.4190800681431005 0.7954545454545454 0.04770017035775128 0.25757575757575757
0 0.469335604770017 0.8901515151515151 0.049403747870528106 0.26515151515151514
0 0.5085178875638842 0.9848484848484849 0.056218057921635436 0.2878787878787879
0 0.5919931856899489 1.0113636363636365 0.06643952299829642 0.4015151515151515
0 0.6848381601362862 0.8825757575757576 0.05110732538330494 0.26515151515151514
0 0.7555366269165247 1.0643939393939394 0.05281090289608177 0.29545454545454547
0 0.7436115843270868 0.8106060606060606 0.04258943781942078 0.24242424242424243
0 0.8168654173764907 0.8939393939393939 0.039182282793867124 0.24242424242424243
0 0.8807495741056218 0.9696969696969697 0.044293015332197615 0.22727272727272727
0 0.9182282793867121 1.2613636363636365 0.05110732538330494 0.29545454545454547
0 1.005962521294719 1.1174242424242424 0.04599659284497445 0.29545454545454547
0 1.161839863713799 1.0265151515151516 0.054514480408858604 0.3106060606060606
