0 0.052647058823529415 5.242857142857143 0.022941176470588236 0.42857142857142855
0 0.08794117647058823 5.461904761904762 0.014705882352941176 0.2761904761904762
0 0.13411764705882354 5.552380952380952 0.010588235294117647 0.24761904761904763
0 0.2097058823529412 5.457142857142857 0.020588235294117647 0.3047619047619048
0 0.1826470588235294 5.6571428571428575 0.018235294117647058 0.3047619047619048
0 0.2902941176470588 5.542857142857143 0.017058823529411765 0.3047619047619048
0 0.2461764705882353 5.457142857142857 0.01588235294117647 0.2857142857142857
0 0.33294117647058824 5.166666666666667 0.018823529411764704 0.3142857142857143
0 0.3638235294117647 5.261904761904762 0.01588235294117647 0.2761904761904762
0 0.4002941176470588 5.561904761904762 0.014705882352941176 0.24761904761904763
0 0.4111764705882353 5.366666666666666 0.012941176470588235 0.2571428571428571
0 0.2605882352941176 5.4523809523809526 0.011764705882352941 0.23809523809523808
0 0.6444117647058824 5.390476190476191 0.022941176470588236 0.4380952380952381
0 0.7520588235294118 5.6761904761904765 0.018235294117647058 0.2857142857142857
0 0.7402941176470588 5.690476190476191 0.013529411764705882 0.2
0 0.8358823529411765 5.5285714285714285 0.01764705882352941 0.3142857142857143
0 0.965 5.461904761904762 0.020588235294117647 0.3523809523809524
0 0.8926470588235295 5.714285714285714 0.017058823529411765 0.3047619047619048
