0 0.6152173913043478 1.5889423076923077 0.06231884057971015 0.20673076923076922
0 0.691304347826087 1.6730769230769231 0.0463768115942029 0.17307692307692307
0 0.7855072463768116 1.8966346153846154 0.014492753623188406 0.04326923076923077
0 0.8246376811594203 1.9567307692307692 0.017391304347826087 0.0673076923076923
0 0.8782608695652174 1.8918269230769231 0.02318840579710145 0.09134615384615384
0 0.9492753623188406 1.9302884615384615 0.017391304347826087 0.07211538461538461
0 0.9166666666666666 1.9735576923076923 0.013043478260869565 0.0625
0 1.041304347826087 1.7572115384615385 0.04492753623188406 0.16826923076923078
0 1.1623188405797102 1.84375 0.04057971014492753 0.15865384615384615
0 1.1420289855072463 1.7692307692307692 0.04057971014492753 0.15384615384615385
0 1.2594202898550724 1.8028846153846154 0.04927536231884058 0.17307692307692307
0 1.3355072463768116 1.75 0.059420289855072465 0.2403846153846154
0 1.4304347826086956 1.7908653846153846 0.043478260869565216 0.16826923076923078
0 1.4057971014492754 1.7235576923076923 0.05217391304347826 0.1971153846153846
