0 1.0406091370558375 0.737012987012987 0.007614213197969543 0.025974025974025976
0 1.032994923857868 0.7435064935064936 0.007614213197969543 0.01948051948051948
0 0.9777918781725888 0.7597402597402597 0.008883248730964468 0.01948051948051948
0 0.9549492385786802 0.7142857142857143 0.008883248730964468 0.01948051948051948
0 0.873730964467005 0.6948051948051948 0.006345177664974619 0.01948051948051948
0 0.8432741116751269 0.7191558441558441 0.006345177664974619 0.016233766233766232
0 0.8407360406091371 0.7175324675324676 0.006345177664974619 0.01948051948051948
0 0.8223350253807107 0.737012987012987 0.007614213197969543 0.01948051948051948
0 0.7658629441624365 0.7224025974025974 0.006345177664974619 0.016233766233766232
0 0.8039340101522843 0.7467532467532467 0.008883248730964468 0.01948051948051948
0 0.7277918781725888 0.801948051948052 0.01903553299492386 0.11688311688311688
0 0.7182741116751269 0.810064935064935 0.017766497461928935 0.12012987012987013
0 0.7062182741116751 0.775974025974026 0.006345177664974619 0.01948051948051948
0 0.7189086294416244 0.7938311688311688 0.006345177664974619 0.022727272727272728
0 0.7449238578680203 0.8068181818181818 0.007614213197969543 0.022727272727272728
0 0.7455583756345178 0.8068181818181818 0.008883248730964468 0.022727272727272728
0 0.756979695431472 0.8457792207792207 0.008883248730964468 0.02922077922077922
0 0.7804568527918782 0.8571428571428571 0.007614213197969543 0.01948051948051948
0 0.8654822335025381 0.9594155844155844 0.012690355329949238 0.03571428571428571
0 0.8147208121827412 0.9301948051948052 0.01015228426395939 0.02922077922077922
0 0.9993654822335025 1.0 0.01649746192893401 0.045454545454545456
0 0.983502538071066 1.047077922077922 0.027918781725888325 0.1266233766233766
0 1.016497461928934 1.0925324675324675 0.02030456852791878 0.05519480519480519
0 0.9923857868020305 1.0925324675324675 0.015228426395939087 0.048701298701298704
0 0.9003807106598984 1.2873376623376624 0.024111675126903553 0.06818181818181818
0 0.8527918781725888 1.37012987012987 0.025380710659898477 0.05844155844155844
0 0.8324873096446701 1.202922077922078 0.02030456852791878 0.05519480519480519
0 0.8032994923857868 1.2126623376623376 0.02030456852791878 0.05519480519480519
0 0.7861675126903553 1.099025974025974 0.013959390862944163 0.03571428571428571
0 0.8109137055837563 1.0503246753246753 0.015228426395939087 0.04220779220779221
0 0.7271573604060914 1.103896103896104 0.015228426395939087 0.045454545454545456
0 0.7189086294416244 0.9512987012987013 0.011421319796954314 0.032467532467532464
0 0.674492385786802 1.0113636363636365 0.011421319796954314 0.03571428571428571
0 0.6846446700507615 1.0649350649350648 0.013959390862944163 0.03896103896103896
0 0.6738578680203046 1.2061688311688312 0.015228426395939087 0.048701298701298704
0 0.641497461928934 1.1493506493506493 0.01649746192893401 0.05194805194805195
0 0.6453045685279187 1.3068181818181819 0.01903553299492386 0.06168831168831169
0 0.6535532994923858 1.4074675324675325 0.027918781725888325 0.06818181818181818
0 0.6015228426395939 1.2840909090909092 0.02030456852791878 0.05519480519480519
0 0.5437817258883249 1.3814935064935066 0.021573604060913704 0.07467532467532467
0 0.501269035532995 1.271103896103896 0.017766497461928935 0.06818181818181818
0 0.49238578680203043 1.422077922077922 0.02284263959390863 0.07792207792207792
0 0.3381979695431472 1.4512987012987013 0.031725888324873094 0.09090909090909091
0 0.2969543147208122 1.4642857142857142 0.027918781725888325 0.07792207792207792
0 0.25380710659898476 1.521103896103896 0.027918781725888325 0.08766233766233766
0 0.09073604060913705 1.1071428571428572 0.01649746192893401 0.03896103896103896
0 0.10215736040609137 1.094155844155844 0.011421319796954314 0.032467532467532464
0 0.2265228426395939 1.0129870129870129 0.013959390862944163 0.032467532467532464
0 0.23096446700507614 0.948051948051948 0.012690355329949238 0.032467532467532464
0 0.25380710659898476 0.8798701298701299 0.01015228426395939 0.032467532467532464
0 0.25951776649746194 0.875 0.008883248730964468 0.022727272727272728
0 0.3052030456852792 0.8409090909090909 0.006345177664974619 0.01948051948051948
0 0.31916243654822335 0.8246753246753247 0.008883248730964468 0.025974025974025976
0 0.31916243654822335 0.8181818181818182 0.008883248730964468 0.025974025974025976
0 0.3889593908629442 0.8863636363636364 0.006345177664974619 0.01948051948051948
0 0.4067258883248731 0.8766233766233766 0.008883248730964468 0.01948051948051948
0 0.41243654822335024 0.8522727272727273 0.007614213197969543 0.022727272727272728
0 0.43781725888324874 0.8344155844155844 0.007614213197969543 0.01948051948051948
0 0.4866751269035533 0.8766233766233766 0.008883248730964468 0.025974025974025976
0 0.5171319796954315 0.7938311688311688 0.006345177664974619 0.016233766233766232
0 0.5361675126903553 0.8003246753246753 0.006345177664974619 0.016233766233766232
0 0.583756345177665 0.836038961038961 0.007614213197969543 0.02922077922077922
0 0.6078680203045685 0.8425324675324676 0.007614213197969543 0.022727272727272728
0 0.6161167512690355 0.7694805194805194 0.006345177664974619 0.01948051948051948
0 0.6199238578680203 0.7646103896103896 0.006345177664974619 0.016233766233766232
0 0.6446700507614214 0.7743506493506493 0.007614213197969543 0.016233766233766232
0 0.6579949238578681 0.775974025974026 0.006345177664974619 0.01948051948051948
0 0.6326142131979695 0.7467532467532467 0.006345177664974619 0.01948051948051948
0 0.6351522842639594 0.9642857142857143 0.011421319796954314 0.032467532467532464
0 0.6199238578680203 1.0113636363636365 0.013959390862944163 0.03571428571428571
0 0.5926395939086294 0.8961038961038961 0.01015228426395939 0.025974025974025976
0 0.5761421319796954 0.9155844155844156 0.01015228426395939 0.025974025974025976
0 0.559010152284264 0.9042207792207793 0.008883248730964468 0.02922077922077922
0 0.5444162436548223 0.9058441558441559 0.01015228426395939 0.025974025974025976
0 0.5323604060913706 0.8993506493506493 0.006345177664974619 0.01948051948051948
0 0.5133248730964467 0.9301948051948052 0.008883248730964468 0.022727272727272728
0 0.49682741116751267 0.9415584415584416 0.008883248730964468 0.025974025974025976
0 0.48096446700507617 0.8896103896103896 0.01015228426395939 0.025974025974025976
0 0.47017766497461927 1.0064935064935066 0.008883248730964468 0.025974025974025976
0 0.4460659898477157 1.0081168831168832 0.013959390862944163 0.03571428571428571
0 0.3889593908629442 1.0275974025974026 0.013959390862944163 0.03571428571428571
0 0.34073604060913704 1.146103896103896 0.013959390862944163 0.045454545454545456
0 0.38515228426395937 1.2126623376623376 0.01649746192893401 0.04220779220779221
0 0.4365482233502538 1.1282467532467533 0.017766497461928935 0.048701298701298704
0 0.5203045685279187 0.9496753246753247 0.01015228426395939 0.02922077922077922
