0 0.22109988776655443 0.6642066420664207 0.06958473625140292 0.33210332103321033
0 0.3961840628507295 0.7619926199261993 0.04938271604938271 0.23247232472324722
0 0.4337822671156005 0.5701107011070111 0.050505050505050504 0.21033210332103322
0 0.15039281705948374 -0.07011070110701106 0.03591470258136925 0.1033210332103321
0 -0.026374859708193043 -0.016605166051660517 0.04377104377104377 0.14391143911439114
0 0.265993265993266 0.03690036900369004 0.04264870931537598 0.13284132841328414
0 0.22334455667789002 0.033210332103321034 0.04489337822671156 0.12546125461254612
0 0.345679012345679 0.3007380073800738 0.026936026936026935 0.11439114391143912
0 0.30808080808080807 0.3985239852398524 0.02356902356902357 0.08856088560885608
0 0.33557800224466894 0.3948339483394834 0.017957351290684626 0.05904059040590406
0 0.4500561167227834 0.07933579335793357 0.038159371492704826 0.15129151291512916
0 0.6408529741863075 0.4151291512915129 0.008978675645342313 0.033210332103321034
0 0.8355780022446689 0.21033210332103322 0.03254769921436588 0.14022140221402213
0 0.8956228956228957 0.16420664206642066 0.031425364758698095 0.12915129151291513
0 0.94668911335578 0.39114391143911437 0.010101010101010102 0.04428044280442804
0 0.6644219977553311 0.44649446494464945 0.008978675645342313 0.03690036900369004
0 0.686307519640853 0.43911439114391143 0.010101010101010102 0.02952029520295203
0 0.7171717171717171 0.45202952029520294 0.006734006734006734 0.025830258302583026
0 0.7401795735129069 0.45940959409594095 0.005611672278338945 0.025830258302583026
0 0.7519640852974186 0.44095940959409596 0.008978675645342313 0.025830258302583026
0 0.7255892255892256 0.4446494464944649 0.005611672278338945 0.025830258302583026
0 0.7014590347923682 0.507380073800738 0.015712682379349047 0.14391143911439114
0 0.6773288439955106 0.4483394833948339 0.007856341189674524 0.025830258302583026
0 0.7356902356902357 0.511070110701107 0.014590347923681257 0.12177121771217712
