0 0.17687385740402195 1.262443438914027 0.06489945155393052 0.38009049773755654
0 0.3436928702010969 0.9343891402714932 0.07861060329067641 0.4751131221719457
0 0.6745886654478976 0.7714932126696833 0.056672760511883 0.3574660633484163
0 0.803016453382084 0.6606334841628959 0.05941499085923217 0.416289592760181
0 0.54981718464351 0.8574660633484162 0.04296160877513711 0.21266968325791855
0 0.43784277879341865 0.830316742081448 0.03290676416819013 0.18552036199095023
0 0.7353747714808044 0.7194570135746606 0.044789762340036565 0.19909502262443438
0 0.840036563071298 0.7171945701357466 0.027422303473491772 0.167420814479638
0 0.9757769652650823 0.6968325791855203 0.019195612431444242 0.09954751131221719
0 0.9812614259597806 0.6357466063348416 0.015539305301645339 0.08597285067873303
0 1.1023765996343693 0.6606334841628959 0.029250457038391225 0.19004524886877827
0 1.1371115173674589 0.6402714932126696 0.014625228519195612 0.08597285067873303
0 1.039762340036563 0.5995475113122172 0.013711151736745886 0.06787330316742081
0 1.0644424131627057 0.579185520361991 0.011882998171846435 0.06334841628959276
0 1.0150822669104205 0.5882352941176471 0.015539305301645339 0.06334841628959276
0 1.0045703839122486 0.6832579185520362 0.012797074954296161 0.07239819004524888
0 1.0054844606946984 0.6787330316742082 0.010968921389396709 0.06334841628959276
