0 1.0557451649601821 1.6521739130434783 0.038680318543799774 0.1826086956521739
0 0.9778156996587031 1.7260869565217392 0.04209328782707622 0.2
0 0.9408418657565415 1.5956521739130434 0.03640500568828214 0.1565217391304348
0 0.7929465301478953 1.6152173913043477 0.03185437997724687 0.14347826086956522
0 0.7133105802047781 1.5217391304347827 0.034129692832764506 0.1391304347826087
0 0.7474402730375427 1.5608695652173914 0.02502844141069397 0.11304347826086956
0 0.6410693970420933 1.5326086956521738 0.023890784982935155 0.11739130434782609
0 0.5910125142207053 1.4739130434782608 0.023890784982935155 0.12173913043478261
0 0.5733788395904437 1.5369565217391303 0.022753128555176336 0.1
0 0.5432309442548351 1.5826086956521739 0.02161547212741752 0.08695652173913043
0 0.5119453924914675 1.5065217391304349 0.022753128555176336 0.1
0 0.46757679180887374 1.4891304347826086 0.020477815699658702 0.08260869565217391
0 0.4351535836177474 1.617391304347826 0.026166097838452786 0.08695652173913043
0 0.45733788395904434 1.5043478260869565 0.015927189988623434 0.08695652173913043
0 0.40159271899886234 1.55 0.01820250284414107 0.06521739130434782
0 0.36973833902161546 1.5782608695652174 0.020477815699658702 0.06956521739130435
0 0.3521046643913538 1.5434782608695652 0.01478953356086462 0.06086956521739131
0 0.3236632536973834 1.517391304347826 0.02161547212741752 0.0782608695652174
0 0.28498293515358364 1.558695652173913 0.012514220705346985 0.05652173913043478
0 0.282707622298066 1.5282608695652173 0.012514220705346985 0.05652173913043478
0 0.25369738339021614 1.576086956521739 0.013651877133105802 0.05652173913043478
0 0.23890784982935154 1.5739130434782609 0.011376564277588168 0.043478260869565216
0 0.21444823663253698 1.55 0.010238907849829351 0.0391304347826087
0 0.19283276450511946 1.5478260869565217 0.012514220705346985 0.06086956521739131
0 0.1552901023890785 1.5717391304347825 0.010238907849829351 0.04782608695652174
0 0.11376564277588168 1.541304347826087 0.013651877133105802 0.04782608695652174
0 0.08191126279863481 1.508695652173913 0.013651877133105802 0.06086956521739131
0 0.4891922639362912 1.567391304347826 0.020477815699658702 0.08260869565217391
0 0.502844141069397 1.5347826086956522 0.02502844141069397 0.09565217391304348
