0 0.29901960784313725 -0.04995655951346655 0.07791537667698659 0.2893136403127715
0 0.48645510835913314 0.184622067767159 0.058565531475748195 0.263249348392702
0 0.5165118679050568 0.3944396177237185 0.03457172342621259 0.1737619461337967
0 0.7207172342621259 0.6207645525629887 0.02863777089783282 0.10860121633362294
0 0.7645768833849329 0.7441355343179844 0.021413828689370484 0.08774978279756733
0 0.7950206398348814 0.7419635099913119 0.025541795665634675 0.10425716768027801
0 0.8473942208462333 0.6333622936576889 0.03173374613003096 0.1529105125977411
0 0.8680340557275542 0.7089487402258905 0.0565015479876161 0.19287576020851432
0 0.9472394220846233 0.526498696785404 0.0998452012383901 0.3996524761077324
0 1.181501547987616 0.0629887054735013 0.15712074303405574 0.48392701998262383
0 1.0318627450980393 0.6185925282363163 0.09313725490196079 0.3353605560382276
