0 0.846674182638106 0.8592375366568915 0.05411499436302142 0.17595307917888564
0 0.9374295377677565 0.4736070381231672 0.05298759864712514 0.15542521994134897
0 0.9740698985343855 0.3782991202346041 0.0496054114994363 0.1466275659824047
0 0.7807215332581736 0.3724340175953079 0.04171364148816235 0.17008797653958943
0 0.8455467869222097 0.3592375366568915 0.040586245772266064 0.16129032258064516
0 0.6674182638105975 0.5293255131964809 0.04284103720405862 0.15542521994134897
0 0.6916572717023676 0.39589442815249265 0.04171364148816235 0.1466275659824047
0 0.6567080045095829 0.9222873900293255 0.05749718151071026 0.19648093841642228
0 0.5445321307779031 0.8137829912023461 0.04735062006764374 0.17302052785923755
0 0.5738444193912063 0.4530791788856305 0.04509582863585118 0.15542521994134897
0 0.617249154453213 0.34750733137829914 0.043968432919954906 0.13196480938416422
0 0.4227733934611049 0.375366568914956 0.0496054114994363 0.18181818181818182
0 0.42446448703494927 0.7595307917888563 0.05298759864712514 0.17595307917888564
0 0.36753100338218714 0.8357771260997068 0.05636978579481398 0.17595307917888564
0 0.2688838782412627 0.841642228739003 0.05073280721533258 0.18181818181818182
0 0.17080045095828636 0.49853372434017595 0.06426155580608793 0.2287390029325513
0 0.13416009019165728 0.34017595307917886 0.05636978579481398 0.17008797653958943
0 0.20969560315670802 0.32697947214076245 0.05411499436302142 0.18475073313782991
0 0.2874859075535513 0.34457478005865105 0.05636978579481398 0.17888563049853373
0 0.3314543404735062 0.2991202346041056 0.04284103720405862 0.15835777126099707
