0 0.9076227390180879 0.35037406483790523 0.1821705426356589 1.0
0 0.7622739018087855 0.1770573566084788 0.04392764857881137 0.09476309226932668
0 0.6647286821705426 0.29800498753117205 0.03229974160206718 0.0773067331670823
0 0.5232558139534884 0.5960099750623441 0.031007751937984496 0.059850374064837904
0 0.4231266149870801 0.6122194513715711 0.03488372093023256 0.06733167082294264
0 0.33527131782945735 0.6508728179551122 0.02454780361757106 0.05486284289276808
0 0.2958656330749354 0.6271820448877805 0.028423772609819122 0.057356608478802994
0 0.2603359173126615 0.6246882793017456 0.02454780361757106 0.05236907730673317
0 0.3301033591731266 0.543640897755611 0.021963824289405683 0.0399002493765586
0 0.28552971576227393 0.6758104738154613 0.06718346253229975 0.2892768079800499
0 0.24031007751937986 0.5673316708229427 0.015503875968992248 0.03740648379052369
0 0.18733850129198967 0.5685785536159601 0.025839793281653745 0.04987531172069826
0 0.16279069767441862 0.5748129675810474 0.01808785529715762 0.04738154613466334
0 0.14728682170542637 0.5723192019950125 0.015503875968992248 0.03740648379052369
0 0.0103359173126615 0.7942643391521197 0.020671834625323 0.04738154613466334
