0 0.028621495327102803 0.520618556701031 0.03154205607476635 0.08247422680412371
0 0.06191588785046729 0.5515463917525774 0.028037383177570093 0.06701030927835051
0 0.08177570093457943 0.5786082474226805 0.02102803738317757 0.04896907216494845
0 0.3341121495327103 0.48711340206185566 0.028037383177570093 0.06701030927835051
0 0.33235981308411217 0.5219072164948454 0.03154205607476635 0.05412371134020619
0 0.1927570093457944 0.061855670103092786 0.06775700934579439 0.14432989690721648
0 0.4848130841121495 0.5283505154639175 0.028037383177570093 0.07216494845360824
0 0.6139018691588785 0.6211340206185567 0.01985981308411215 0.05670103092783505
0 0.6425233644859814 0.5657216494845361 0.02570093457943925 0.059278350515463915
0 0.6442757009345794 0.5657216494845361 0.02219626168224299 0.059278350515463915
0 0.7050233644859814 0.5463917525773195 0.026869158878504672 0.07216494845360824
0 0.8434579439252337 0.5721649484536082 0.02570093457943925 0.06701030927835051
0 0.7990654205607477 0.5605670103092784 0.028037383177570093 0.06958762886597938
0 0.7686915887850467 0.5889175257731959 0.02102803738317757 0.059278350515463915
0 0.8656542056074766 0.5734536082474226 0.028037383177570093 0.06958762886597938
0 0.9404205607476636 0.5502577319587629 0.02570093457943925 0.07989690721649484
0 0.9994158878504673 0.49871134020618557 0.026869158878504672 0.07989690721649484
