0 0.1086286594761171 0.19972067039106145 0.053929121725731895 0.10893854748603352
0 0.2850539291217257 0.28212290502793297 0.040061633281972264 0.0782122905027933
0 0.39599383667180277 0.2877094972067039 0.040061633281972264 0.08379888268156424
0 0.41756548536209553 0.23184357541899442 0.03697996918335902 0.08379888268156424
0 0.5215716486902927 0.33798882681564246 0.05084745762711865 0.1005586592178771
0 0.5693374422187981 0.35195530726256985 0.053929121725731895 0.1340782122905028
0 0.6178736517719569 0.2946927374301676 0.04314329738058552 0.09217877094972067
0 0.7704160246533128 0.30307262569832405 0.05546995377503852 0.12011173184357542
0 0.8420647149460708 0.3170391061452514 0.06933744221879815 0.1424581005586592
0 0.8174114021571649 0.30446927374301674 0.05084745762711865 0.1005586592178771
0 1.0546995377503852 0.3756983240223464 0.053929121725731895 0.10335195530726257
0 0.9198767334360555 0.3365921787709497 0.030816640986132512 0.05865921787709497
0 0.9691833590138675 0.3226256983240223 0.04314329738058552 0.09217877094972067
0 1.0261941448382126 0.31424581005586594 0.04314329738058552 0.08659217877094973
0 1.00231124807396 0.2905027932960894 0.026194144838212634 0.061452513966480445
