0 0.22014260249554368 6.1568627450980395 0.0338680926916221 0.35294117647058826
0 0.16934046345811052 6.029411764705882 0.024955436720142603 0.37254901960784315
0 0.1497326203208556 6.088235294117647 0.0142602495543672 0.17647058823529413
0 0.3163992869875223 6.2745098039215685 0.012477718360071301 0.1568627450980392
0 0.31283422459893045 5.96078431372549 0.012477718360071301 0.19607843137254902
0 0.3520499108734403 6.362745098039215 0.016042780748663103 0.21568627450980393
0 0.3582887700534759 6.009803921568627 0.0142602495543672 0.17647058823529413
0 0.39750445632798576 6.421568627450981 0.0142602495543672 0.17647058823529413
0 0.41354723707664887 6.303921568627451 0.0142602495543672 0.13725490196078433
0 0.4304812834224599 6.264705882352941 0.012477718360071301 0.17647058823529413
0 0.6051693404634582 5.813725490196078 0.012477718360071301 0.13725490196078433
0 0.8324420677361853 5.7745098039215685 0.0106951871657754 0.13725490196078433
0 0.7994652406417112 5.745098039215686 0.008912655971479501 0.11764705882352941
0 0.7762923351158645 5.764705882352941 0.008912655971479501 0.11764705882352941
0 0.7932263814616756 5.735294117647059 0.0071301247771836 0.09803921568627451
