0 0.492948717948718 4.651898734177215 0.02435897435897436 0.2911392405063291
0 0.6410256410256411 4.537974683544304 0.028205128205128206 0.31645569620253167
0 0.6826923076923077 4.7784810126582276 0.02435897435897436 0.26582278481012656
0 0.65 5.272151898734177 0.020512820512820513 0.21518987341772153
0 0.8365384615384616 4.651898734177215 0.03205128205128205 0.2911392405063291
0 0.9532051282051283 4.537974683544304 0.026923076923076925 0.26582278481012656
0 1.1583333333333334 4.917721518987341 0.026923076923076925 0.2911392405063291
0 1.1814102564102564 4.556962025316456 0.026923076923076925 0.3291139240506329
0 1.405128205128205 5.044303797468355 0.020512820512820513 0.189873417721519
0 1.469871794871795 4.69620253164557 0.021794871794871794 0.25316455696202533
0 0.6846153846153846 4.734177215189874 0.028205128205128206 0.25316455696202533
