0 0.12045454545454545 2.676258992805755 0.03636363636363636 0.34532374100719426
0 0.22215909090909092 2.4820143884892087 0.0625 0.5035971223021583
0 0.27045454545454545 2.661870503597122 0.056818181818181816 0.4460431654676259
0 0.3755681818181818 2.597122302158273 0.07840909090909091 0.5179856115107914
0 0.5545454545454546 2.287769784172662 0.04318181818181818 0.31654676258992803
0 0.5988636363636364 2.147482014388489 0.05 0.3669064748201439
0 0.7789772727272727 2.262589928057554 0.035227272727272725 0.23741007194244604
0 0.8477272727272728 2.305755395683453 0.05909090909090909 0.4244604316546763
0 0.8681818181818182 2.262589928057554 0.031818181818181815 0.23741007194244604
0 0.990909090909091 2.276978417266187 0.029545454545454545 0.23741007194244604
0 0.9488636363636364 2.323741007194245 0.025 0.2014388489208633
0 0.8852272727272728 2.2158273381294964 0.031818181818181815 0.2158273381294964
0 0.8159090909090909 2.147482014388489 0.02727272727272727 0.16546762589928057
0 0.7482954545454545 2.226618705035971 0.026136363636363635 0.20863309352517986
0 0.7221590909090909 2.564748201438849 0.06704545454545455 0.5107913669064749
0 0.6863636363636364 2.5215827338129495 0.03409090909090909 0.2805755395683453
0 0.6931818181818182 2.370503597122302 0.029545454545454545 0.23741007194244604
0 0.6676136363636364 2.1402877697841727 0.019318181818181818 0.1366906474820144
0 0.6892045454545455 2.2158273381294964 0.017045454545454544 0.10071942446043165
0 0.6903409090909091 2.1115107913669067 0.017045454545454544 0.1223021582733813
0 0.6397727272727273 2.115107913669065 0.022727272727272728 0.14388489208633093
0 0.5028409090909091 2.223021582733813 0.026136363636363635 0.2014388489208633
0 0.45397727272727273 2.3776978417266186 0.028409090909090908 0.26618705035971224
0 0.45340909090909093 2.1115107913669067 0.020454545454545454 0.16546762589928057
0 0.40738636363636366 2.1007194244604315 0.019318181818181818 0.15827338129496402
0 0.3346590909090909 2.262589928057554 0.028409090909090908 0.22302158273381295
0 0.27443181818181817 2.3884892086330933 0.0375 0.2446043165467626
0 0.29318181818181815 2.29136690647482 0.020454545454545454 0.17985611510791366
0 0.19886363636363635 2.323741007194245 0.04772727272727273 0.34532374100719426
0 0.5193181818181818 2.115107913669065 0.020454545454545454 0.15827338129496402
0 0.5732954545454545 2.1546762589928057 0.017045454545454544 0.1223021582733813
0 0.1744318181818182 2.1546762589928057 0.02159090909090909 0.16546762589928057
