0 1.0134228187919463 0.9276485788113695 0.08501118568232663 0.12403100775193798
0 0.9038031319910514 0.91343669250646 0.09843400447427293 0.1524547803617571
0 0.656599552572707 0.9728682170542635 0.11409395973154363 0.15762273901808785
0 0.7114093959731543 0.7661498708010336 0.1029082774049217 0.12661498708010335
0 0.47651006711409394 0.7971576227390181 0.09843400447427293 0.1524547803617571
0 0.29194630872483224 0.8410852713178295 0.09619686800894854 0.1524547803617571
0 0.36577181208053694 0.8410852713178295 0.07829977628635347 0.13178294573643412
0 0.569351230425056 0.6976744186046512 0.10067114093959731 0.13953488372093023
0 0.23042505592841164 0.7002583979328165 0.06711409395973154 0.12919896640826872
0 0.12863534675615212 0.872093023255814 0.09619686800894854 0.13695090439276486
0 0.10514541387024609 1.0516795865633075 0.09843400447427293 0.13953488372093023
0 0.7181208053691275 0.17829457364341086 0.07606263982102908 0.11369509043927649
