0 -0.04630788485607009 0.751269035532995 0.03504380475594493 0.16243654822335024
0 0.06132665832290363 0.817258883248731 0.08760951188986232 0.2639593908629442
0 0.07509386733416772 0.7081218274111675 0.0425531914893617 0.17766497461928935
0 0.12265331664580725 0.748730964467005 0.04505632040050062 0.19796954314720813
0 0.20337922403003755 0.5228426395939086 0.03128911138923655 0.14213197969543148
0 0.26595744680851063 1.00253807106599 0.058823529411764705 0.25888324873096447
0 0.4599499374217772 1.0913705583756346 0.05381727158948686 0.2639593908629442
0 0.609511889862328 0.9898477157360406 0.04755944931163955 0.25380710659898476
0 0.7503128911138923 0.9238578680203046 0.04881101376720901 0.2131979695431472
0 0.28473091364205255 0.631979695431472 0.04130162703379224 0.18781725888324874
0 0.3078848560700876 0.5406091370558376 0.03504380475594493 0.14720812182741116
0 0.25344180225281604 0.5126903553299492 0.028785982478097622 0.1319796954314721
0 0.32978723404255317 0.5 0.026282853566958697 0.1065989847715736
0 0.35857321652065083 0.4467005076142132 0.02127659574468085 0.10152284263959391
0 0.40801001251564456 0.3756345177664975 0.015018773466833541 0.07106598984771574
0 0.4449311639549437 0.40609137055837563 0.011264080100125156 0.050761421319796954
0 0.45619524405506884 0.3553299492385787 0.011264080100125156 0.050761421319796954
0 0.5513141426783479 0.31218274111675126 0.006257822277847309 0.025380710659898477
0 0.5638297872340425 0.31218274111675126 0.006257822277847309 0.025380710659898477
0 0.9192740926157698 0.766497461928934 0.03379224030037547 0.16243654822335024
0 0.8548185231539425 0.6928934010152284 0.02753441802252816 0.13705583756345177
0 0.8379224030037546 0.682741116751269 0.01877346683354193 0.1065989847715736
0 0.869837296620776 0.6192893401015228 0.02252816020025031 0.1116751269035533
0 0.7834793491864831 0.649746192893401 0.025031289111389236 0.1116751269035533
0 0.8310387984981227 0.5862944162436549 0.02252816020025031 0.09644670050761421
0 0.8147684605757196 0.5177664974619289 0.02002503128911139 0.10152284263959391
0 0.727784730913642 0.4086294416243655 0.016270337922403004 0.06598984771573604
0 0.7672090112640801 0.4263959390862944 0.012515644555694618 0.06091370558375635
0 0.7897371714643304 0.44416243654822335 0.012515644555694618 0.05583756345177665
