0 0.27889060092449924 0.3683360258481422 0.053929121725731895 0.13570274636510501
0 0.017719568567026195 0.6316639741518578 0.030816640986132512 0.07754442649434572
0 0.12673343605546997 0.7641357027463651 0.017719568567026195 0.035541195476575124
0 0.1598613251155624 0.747172859450727 0.014637904468412942 0.030694668820678513
0 0.20454545454545456 0.8529886914378029 0.03775038520801233 0.2358642972536349
0 0.3667180277349769 0.7600969305331179 0.015408320493066256 0.04361873990306947
0 0.37557781201849 0.7399030694668821 0.013097072419106317 0.0420032310177706
0 0.39445300462249616 0.778675282714055 0.015408320493066256 0.03231017770597738
0 0.4106317411402157 0.7617124394184168 0.01694915254237288 0.04361873990306947
0 0.46070878274268107 0.7075928917609047 0.023112480739599383 0.05492730210016155
0 0.5150231124807396 0.7883683360258481 0.017719568567026195 0.05492730210016155
0 0.5608628659476117 0.7172859450726979 0.020030816640986132 0.05492730210016155
0 0.6348228043143297 0.6009693053311793 0.03697996918335902 0.07431340872374798
0 0.6660246533127889 0.7447495961227787 0.017719568567026195 0.03231017770597738
0 0.7026194144838213 0.7689822294022617 0.01694915254237288 0.03877221324717286
0 0.7442218798151001 0.8198707592891761 0.01386748844375963 0.027463651050080775
0 0.8054699537750385 0.68578352180937 0.01926040061633282 0.050080775444264945
0 0.837442218798151 0.7043618739903069 0.01848998459167951 0.045234248788368334
0 0.8917565485362096 0.6890145395799677 0.020801232665639446 0.05331179321486268
0 0.9333590138674884 0.6655896607431341 0.020801232665639446 0.051696284329563816
0 0.9919106317411402 0.654281098546042 0.020801232665639446 0.051696284329563816
0 0.9375963020030816 0.6260096930533118 0.01848998459167951 0.046849757673667204
0 0.0450693374422188 0.7294022617124394 0.016178736517719568 0.030694668820678513
