0 0.9776046738072055 3.9147286821705425 0.062317429406037 0.43410852713178294
0 0.9050632911392406 3.558139534883721 0.03213242453748783 0.21705426356589147
0 0.9824732229795521 3.37984496124031 0.017526777020447908 0.12403100775193798
0 0.9586173320350535 3.387596899224806 0.02044790652385589 0.18604651162790697
0 0.9323271665043817 3.310077519379845 0.010710808179162609 0.09302325581395349
0 0.9143135345666992 3.37984496124031 0.023369036027263874 0.15503875968992248
0 0.8899707887049659 3.317829457364341 0.013631937682570594 0.09302325581395349
0 0.8412852969814996 3.453488372093023 0.02531645569620253 0.20930232558139536
0 0.7921129503407984 3.364341085271318 0.018500486854917234 0.17054263565891473
0 0.7770204479065238 3.368217054263566 0.01557935735150925 0.13178294573643412
0 0.7419668938656281 3.434108527131783 0.027263875365141188 0.21705426356589147
0 0.7010710808179162 3.364341085271318 0.007789678675754625 0.07751937984496124
0 0.7200584225900681 3.3255813953488373 0.008763388510223954 0.07751937984496124
0 0.618792599805258 3.251937984496124 0.004868549172346641 0.05426356589147287
0 0.6041869522882181 3.2248062015503876 0.006815968841285297 0.06201550387596899
0 0.5993184031158715 3.317829457364341 0.010710808179162609 0.09302325581395349
0 0.5788704965920156 3.2674418604651163 0.008763388510223954 0.06976744186046512
0 0.5530671859785784 3.2868217054263567 0.007789678675754625 0.06201550387596899
0 0.5321324245374879 3.352713178294574 0.014605647517039922 0.13178294573643412
0 0.47370983446932813 3.294573643410853 0.018500486854917234 0.17054263565891473
0 0.41285296981499514 3.3217054263565893 0.011684518013631937 0.10077519379844961
0 0.39094449853943525 3.310077519379845 0.012658227848101266 0.10852713178294573
0 0.3997078870496592 3.2364341085271318 0.006815968841285297 0.05426356589147287
0 0.3641674780915287 3.558139534883721 0.021421616358325218 0.21705426356589147
0 0.42015579357351507 3.608527131782946 0.034079844206426485 0.2248062015503876
0 0.3305744888023369 3.5852713178294575 0.05160662122687439 0.4728682170542636
0 0.2925998052580331 3.2364341085271318 0.008763388510223954 0.06976744186046512
0 0.25413826679649465 3.298449612403101 0.011684518013631937 0.10077519379844961
0 0.20837390457643623 3.356589147286822 0.02531645569620253 0.17054263565891473
0 0.17770204479065238 3.364341085271318 0.018500486854917234 0.13953488372093023
0 0.1192794547224927 3.441860465116279 0.018500486854917234 0.15503875968992248
0 0.12609542356377798 3.5271317829457365 0.03602726387536514 0.27906976744186046
0 0.07789678675754626 3.2713178294573644 0.017526777020447908 0.13953488372093023
0 0.1002921129503408 3.3217054263565893 0.023369036027263874 0.1937984496124031
0 0.6343719571567673 3.631782945736434 0.03602726387536514 0.2868217054263566
0 0.7531645569620253 3.7713178294573644 0.043816942551119765 0.4573643410852713
0 0.3184031158714703 3.3372093023255816 0.021421616358325218 0.14728682170542637
0 0.5774099318403116 3.631782945736434 0.01557935735150925 0.16279069767441862
