0 0.23696682464454977 2.61 0.022116903633491312 0.16
0 0.165086887835703 2.56 0.026856240126382307 0.18
0 0.3641390205371248 3.165 0.017377567140600316 0.11
0 0.4107424960505529 2.865 0.018957345971563982 0.13
0 0.5410742496050553 3.385 0.023696682464454975 0.17
0 0.4431279620853081 2.645 0.017377567140600316 0.13
0 0.5608214849921012 2.525 0.01579778830963665 0.11
0 0.6619273301737757 2.625 0.009478672985781991 0.07
0 0.665086887835703 2.62 0.01263823064770932 0.08
0 0.6974723538704581 2.7 0.011058451816745656 0.08
0 0.7306477093206951 2.59 0.011058451816745656 0.08
0 0.9960505529225908 2.64 0.011058451816745656 0.08
0 0.8894154818325435 2.595 0.009478672985781991 0.07
0 0.8214849921011058 2.64 0.009478672985781991 0.06
0 0.8428120063191153 2.635 0.007898894154818325 0.05
0 0.8617693522906793 2.81 0.007898894154818325 0.06
0 0.617693522906793 2.645 0.00631911532385466 0.03
0 0.6018957345971564 2.61 0.00631911532385466 0.04
0 0.5687203791469194 2.705 0.01263823064770932 0.09
0 0.5078988941548184 2.595 0.011058451816745656 0.07
0 0.48894154818325436 2.665 0.011058451816745656 0.09
0 0.4794628751974723 2.595 0.007898894154818325 0.05
0 0.4510268562401264 2.58 0.014218009478672985 0.1
0 0.25434439178515006 2.74 0.022116903633491312 0.46
0 0.13665086887835703 2.535 0.007898894154818325 0.05
0 0.0995260663507109 2.695 0.009478672985781991 0.07
0 0.05766192733017378 2.7 0.011058451816745656 0.1
0 0.07740916271721959 2.715 0.01263823064770932 0.09
0 0.030015797788309637 2.635 0.01579778830963665 0.13
0 0.0071090047393364926 2.64 0.011058451816745656 0.08
0 0.018167456556082148 2.655 0.011058451816745656 0.11
0 0.05766192733017378 2.64 0.014218009478672985 0.1
0 0.3704581358609795 2.625 0.007898894154818325 0.05
