0 0.3846855059252507 7.275 0.027347310847766638 0.475
0 0.19325432999088424 7.2875 0.01276207839562443 0.2
0 0.22060164083865086 7.28125 0.01276207839562443 0.2125
0 0.29717411121239745 7.34375 0.01276207839562443 0.2125
0 0.5419325432999088 7.4875 0.006381039197812215 0.125
0 0.5761166818596172 7.575 0.009115770282588878 0.15
0 0.5911577028258888 7.6375 0.008204193254329991 0.15
0 0.6048313582497721 7.525 0.004557885141294439 0.075
0 0.7333637192342753 7.39375 0.028258887876025523 0.4875
0 0.7055606198723792 7.53125 0.02917046490428441 0.4125
0 0.7484047402005469 7.44375 0.02187784867821331 0.3375
0 0.9521422060164084 7.61875 0.019143117593436645 0.2875
0 0.8327256153144941 7.5 0.006381039197812215 0.1
0 1.1084776663628078 7.5 0.009115770282588878 0.125
0 1.1276207839562442 7.6 0.009115770282588878 0.15
0 1.1645396536007293 7.58125 0.008204193254329991 0.1125
0 1.1823154056517775 7.59375 0.009115770282588878 0.1375
0 1.0346399270738378 7.58125 0.0054694621695533276 0.0875
0 1.0469462169553327 7.5625 0.006381039197812215 0.1
0 1.0018231540565177 7.575 0.007292616226071103 0.1
0 0.9744758432087511 7.55 0.007292616226071103 0.1
0 0.9886052871467639 7.49375 0.008204193254329991 0.1125
0 0.8441203281677302 7.54375 0.0036463081130355514 0.0375
0 0.8632634457611669 7.5625 0.0036463081130355514 0.05
0 0.8742023701002735 7.5875 0.0036463081130355514 0.05
0 0.886052871467639 7.56875 0.0036463081130355514 0.0625
0 0.9020054694621695 7.6 0.004557885141294439 0.075
0 0.9175022789425706 7.55625 0.004557885141294439 0.0625
0 0.9225159525979946 7.5375 0.0036463081130355514 0.05
0 0.9293527803099362 7.73125 0.011850501367365542 0.4875
