0 0.10404624277456648 1.5528169014084507 0.046242774566473986 0.2323943661971831
0 0.12933526011560695 1.9330985915492958 0.044797687861271675 0.2887323943661972
0 0.2702312138728324 1.8767605633802817 0.049132947976878616 0.34507042253521125
0 0.3735549132947977 1.9119718309859155 0.044797687861271675 0.2887323943661972
0 0.45736994219653176 1.9330985915492958 0.044797687861271675 0.2605633802816901
0 0.4429190751445087 1.4788732394366197 0.030346820809248554 0.19718309859154928
0 0.44653179190751446 1.193661971830986 0.03468208092485549 0.2323943661971831
0 0.5332369942196532 1.3204225352112675 0.03757225433526012 0.24647887323943662
0 0.6473988439306358 1.2183098591549295 0.03468208092485549 0.2112676056338028
0 0.6539017341040463 1.454225352112676 0.03901734104046243 0.2323943661971831
0 0.6820809248554913 1.721830985915493 0.046242774566473986 0.2887323943661972
0 0.7478323699421965 1.4753521126760563 0.036127167630057806 0.24647887323943662
0 0.8786127167630058 1.676056338028169 0.05491329479768786 0.29577464788732394
0 0.8945086705202312 1.4190140845070423 0.03468208092485549 0.21830985915492956
0 1.0549132947976878 1.7183098591549295 0.05202312138728324 0.30985915492957744
