0 0.047418967587034816 1.8217391304347825 0.022809123649459785 0.1826086956521739
0 0.12244897959183673 1.7434782608695651 0.024009603841536616 0.1826086956521739
0 0.4135654261704682 1.9869565217391305 0.02040816326530612 0.14782608695652175
0 0.48739495798319327 2.1 0.014405762304921969 0.13043478260869565
0 0.6866746698679472 2.252173913043478 0.009603841536614645 0.06956521739130435
0 0.7316926770708283 2.1782608695652175 0.010804321728691477 0.0782608695652174
0 0.7653061224489796 2.3173913043478263 0.008403361344537815 0.0782608695652174
0 0.7641056422569028 2.3304347826086955 0.006002400960384154 0.05217391304347826
0 0.7977190876350541 2.382608695652174 0.025210084033613446 0.5391304347826087
0 0.8115246098439376 2.1739130434782608 0.007202881152460984 0.06956521739130435
0 0.819327731092437 2.3 0.01800720288115246 0.3739130434782609
0 0.8373349339735895 2.1913043478260867 0.006002400960384154 0.05217391304347826
0 0.8463385354141657 2.2 0.009603841536614645 0.08695652173913043
0 0.8907563025210085 2.1739130434782608 0.007202881152460984 0.05217391304347826
0 0.8817527010804321 2.3391304347826085 0.027611044417767107 0.3826086956521739
0 0.9279711884753902 2.2304347826086954 0.007202881152460984 0.06086956521739131
0 0.936374549819928 2.243478260869565 0.007202881152460984 0.05217391304347826
0 0.9525810324129652 2.239130434782609 0.008403361344537815 0.06086956521739131
0 0.968187274909964 2.234782608695652 0.006002400960384154 0.05217391304347826
0 0.9897959183673469 2.234782608695652 0.006002400960384154 0.05217391304347826
0 0.9993997599039616 2.226086956521739 0.008403361344537815 0.05217391304347826
0 1.0096038415366146 2.247826086956522 0.007202881152460984 0.06086956521739131
0 1.0294117647058822 2.3173913043478263 0.013205282112845138 0.11304347826086956
