0 0.9679930795847751 0.9659090909090909 0.0328719723183391 0.10454545454545454
0 1.0406574394463668 1.2022727272727274 0.0328719723183391 0.08636363636363636
0 1.0103806228373702 1.1886363636363637 0.020761245674740483 0.08636363636363636
0 1.042387543252595 1.1886363636363637 0.025951557093425604 0.07727272727272727
0 0.8477508650519031 0.85 0.04844290657439446 0.13636363636363635
0 0.7344290657439446 0.9818181818181818 0.03633217993079585 0.1
0 0.6911764705882353 1.0295454545454545 0.025951557093425604 0.09545454545454546
0 0.6029411764705882 0.9613636363636363 0.0328719723183391 0.11363636363636363
0 0.6323529411764706 1.0136363636363637 0.025951557093425604 0.06363636363636363
0 0.532871972318339 0.7340909090909091 0.04498269896193772 0.1318181818181818
0 0.45761245674740486 0.9727272727272728 0.0328719723183391 0.11818181818181818
0 0.4091695501730104 0.9363636363636364 0.039792387543252594 0.11818181818181818
0 0.4091695501730104 0.9363636363636364 0.039792387543252594 0.11818181818181818
0 0.28546712802768165 0.9068181818181819 0.03806228373702422 0.15
0 0.36418685121107264 1.0204545454545455 0.02249134948096886 0.07727272727272727
0 0.22058823529411764 0.7613636363636364 0.050173010380622836 0.1318181818181818
0 0.16003460207612458 0.9 0.039792387543252594 0.11818181818181818
0 0.07439446366782007 0.9636363636363636 0.03460207612456748 0.1
