0 0.003472222222222222 1.1513157894736843 0.013888888888888888 0.11842105263157894
0 0.05960648148148148 0.9835526315789473 0.019675925925925927 0.1513157894736842
0 0.11631944444444445 1.0263157894736843 0.024305555555555556 0.15789473684210525
0 0.17418981481481483 0.7993421052631579 0.03819444444444445 0.24342105263157895
0 0.32407407407407407 0.9342105263157895 0.04398148148148148 0.2894736842105263
0 0.4056712962962963 1.5164473684210527 0.02662037037037037 0.16447368421052633
0 0.4079861111111111 0.9506578947368421 0.03356481481481482 0.24342105263157895
0 0.49537037037037035 1.0 0.023148148148148147 0.15789473684210525
0 0.5381944444444444 0.8618421052631579 0.034722222222222224 0.25
0 0.9820601851851852 1.0263157894736843 0.028935185185185185 0.19736842105263158
0 0.9322916666666666 1.1414473684210527 0.015046296296296295 0.07236842105263158
0 0.8732638888888888 0.993421052631579 0.028935185185185185 0.21052631578947367
0 0.8802083333333334 0.9177631578947368 0.03125 0.20394736842105263
0 0.8171296296296297 0.9736842105263158 0.02546296296296296 0.17105263157894737
0 0.7372685185185185 1.019736842105263 0.032407407407407406 0.18421052631578946
0 0.7598379629629629 0.9802631578947368 0.028935185185185185 0.18421052631578946
0 0.6840277777777778 1.006578947368421 0.03009259259259259 0.18421052631578946
0 0.6730324074074074 0.9078947368421053 0.02199074074074074 0.14473684210526316
0 0.6336805555555556 1.0 0.024305555555555556 0.15789473684210525
0 0.6099537037037037 0.9901315789473685 0.020833333333333332 0.13815789473684212
0 0.4664351851851852 1.0164473684210527 0.018518518518518517 0.1118421052631579
0 0.9629629629629629 1.0625 0.018518518518518517 0.1118421052631579
