0 0.5838574423480084 0.5213567839195979 0.010482180293501049 0.017587939698492462
0 0.9517819706498952 0.478643216080402 0.05870020964360587 0.09296482412060302
0 1.1079664570230607 0.4635678391959799 0.039832285115303984 0.05778894472361809
0 1.1876310272536688 0.4045226130653266 0.06918238993710692 0.09547738693467336
0 1.2767295597484276 0.457286432160804 0.05450733752620545 0.06532663316582915
0 1.3375262054507338 0.4899497487437186 0.05450733752620545 0.07035175879396985
0 1.3763102725366876 0.4623115577889447 0.027253668763102725 0.04020100502512563
0 1.4832285115303983 0.5037688442211056 0.0440251572327044 0.06281407035175879
0 1.5639412997903563 0.46733668341708545 0.029350104821802937 0.04020100502512563
0 1.4224318658280923 0.4962311557788945 0.023060796645702306 0.032663316582914576
